65,62,53,45,44,44,44,51,66,85,101,101,91,82,78,80,70,53,38,28,22,21,22,24
66,61,58,60,64,57,53,52,56,68,92,97,88,78,73,68,51,34,26,25,23,23,22,23
65,65,69,75,78,73,65,60,62,71,91,97,87,71,62,50,35,26,27,31,28,25,23,23
66,71,73,71,70,70,60,57,64,77,92,104,94,68,50,35,32,35,38,36,29,24,22,23
67,73,64,53,55,48,36,37,48,60,83,107,102,69,42,27,40,56,52,30,23,20,19,22
66,71,58,64,106,67,42,63,89,62,71,86,85,65,38,27,51,83,84,32,31,26,20,24
67,74,70,73,96,83,63,66,76,67,70,82,83,66,41,30,42,58,58,32,30,26,24,29
66,77,80,78,81,89,88,80,74,74,77,87,88,72,45,34,36,41,41,36,33,31,33,35
65,76,83,84,83,91,100,100,91,83,89,97,99,86,57,41,39,43,47,43,42,42,41,39
66,76,85,89,90,96,95,95,97,95,99,112,121,112,79,50,39,43,50,50,52,50,43,36
64,74,83,89,90,91,98,113,122,114,114,133,147,134,89,53,39,42,51,53,50,44,36,29
59,68,75,78,86,95,113,128,130,115,102,110,129,126,69,43,36,43,53,56,48,38,30,26
54,61,65,69,83,101,121,131,125,106,89,94,106,96,51,35,39,51,61,60,47,34,26,24
50,55,59,66,81,100,119,125,114,98,85,92,91,71,50,35,44,61,69,61,44,31,24,23
49,52,57,65,79,99,116,117,105,91,74,67,70,71,54,38,42,54,59,54,39,29,24,22
53,52,54,62,76,96,108,101,83,72,63,57,56,57,51,38,34,37,41,43,34,26,22,21
69,57,52,59,71,87,83,73,70,77,91,93,84,70,56,48,37,28,27,29,28,24,21,20
87,62,50,57,66,76,61,51,61,85,110,113,97,75,62,54,39,25,21,22,24,23,21,20
93,64,50,55,62,68,57,50,61,85,108,104,86,73,74,59,39,25,23,25,23,21,20,20
81,60,50,53,59,68,72,73,81,103,135,141,131,120,119,88,55,33,26,26,22,19,19,20
71,58,50,50,53,62,79,88,90,96,125,139,131,115,108,74,44,29,26,24,21,19,18,17
58,53,50,49,49,55,73,87,90,86,88,85,77,68,62,45,32,26,24,21,19,18,16,13
47,44,44,46,47,50,64,78,87,86,75,62,54,48,40,35,30,25,22,18,17,15,13,11
42,34,33,40,46,48,59,73,85,95,103,104,96,80,62,50,38,27,19,16,15,13,11,10
