47,66,87,116,164,192,204,211,217,221,224,226,223,214,202,195,181,166,157,153,134,122,102,75
52,64,79,106,148,167,175,183,194,206,215,221,221,216,207,196,182,169,163,163,158,147,122,93
54,56,65,88,122,135,137,143,158,182,202,215,219,213,198,176,154,138,135,141,145,136,112,87
48,44,49,69,97,109,109,112,128,159,189,211,219,208,183,149,118,99,96,106,108,98,79,63
37,35,38,52,75,89,95,102,118,146,181,212,223,210,179,141,110,90,83,88,85,73,58,49
46,36,31,39,53,63,80,102,127,151,184,219,232,217,185,154,127,101,80,71,69,61,52,49
55,44,39,47,66,84,108,135,157,174,199,229,240,224,196,177,158,134,109,91,85,78,71,70
68,65,66,77,99,123,147,170,186,198,216,239,246,230,206,196,184,167,146,129,120,114,111,109
85,95,107,122,142,163,180,195,207,216,228,244,248,235,214,208,201,190,177,166,159,158,156,151
101,122,147,169,186,198,208,215,220,226,236,246,247,238,220,217,213,206,199,194,192,193,187,177
103,129,164,192,210,221,229,229,227,235,244,249,249,241,224,219,218,217,216,213,212,210,201,188
94,121,161,195,214,224,227,223,222,235,248,250,249,244,228,217,213,216,221,221,218,212,201,189
80,107,150,188,207,213,211,204,205,220,233,239,239,232,218,206,200,203,213,216,213,206,193,180
64,89,134,174,193,196,190,183,183,190,197,206,208,201,189,185,184,187,195,201,200,194,180,164
50,70,113,156,175,176,173,173,172,161,150,154,158,155,150,163,174,179,179,181,181,177,161,141
40,55,93,133,153,159,168,177,178,163,141,129,126,130,143,166,179,180,172,163,157,151,136,120
40,52,84,118,138,151,168,183,188,179,161,143,134,139,158,178,187,183,171,154,141,130,114,97
45,60,86,114,134,149,164,177,184,184,175,161,152,155,168,180,182,175,163,149,135,121,101,83
54,73,98,121,139,147,150,152,155,158,156,151,147,148,152,156,153,148,145,146,139,124,101,80
67,86,110,133,150,149,135,117,106,109,114,117,119,118,113,105,104,111,126,144,148,133,106,84
67,89,115,137,156,162,156,142,130,127,133,137,139,137,130,120,119,128,143,155,154,140,110,79
63,87,112,133,154,169,174,170,162,157,159,163,164,161,154,148,149,154,160,162,154,138,110,80
50,73,96,114,132,154,165,169,168,163,162,165,165,163,160,162,165,168,168,162,147,127,99,73
32,53,75,89,100,126,139,146,150,148,146,147,147,146,149,157,165,168,167,158,140,115,82,54
