120,117,109,113,133,127,102,68,59,96,103,101,113,135,141,127,98,73,76,115,138,152,158,159
88,97,109,126,148,143,105,68,65,105,107,99,107,126,128,121,95,75,82,117,142,151,145,135
86,99,112,125,137,142,107,72,72,109,118,112,110,113,109,112,91,75,88,113,139,147,137,123
104,110,113,110,105,112,94,72,71,97,112,119,112,97,92,97,82,75,90,103,121,130,128,123
108,110,110,102,85,73,68,67,69,75,82,104,103,82,81,73,71,80,93,92,90,95,104,110
105,121,133,129,107,68,61,81,103,100,94,108,114,100,77,53,67,92,97,81,66,66,74,78
92,102,111,109,94,60,61,90,114,111,109,123,136,129,95,54,65,97,108,90,74,79,92,94
85,95,103,98,79,49,57,85,109,114,118,131,144,141,108,68,75,101,111,98,85,92,103,103
88,99,110,105,80,50,55,78,102,119,124,132,139,132,102,78,88,101,98,94,97,105,106,98
95,90,96,101,89,70,71,85,106,129,126,132,135,117,80,75,90,91,77,88,120,137,127,105
106,94,96,97,78,79,89,103,115,120,109,118,118,91,59,75,88,86,82,101,136,151,134,105
99,88,98,105,82,81,99,112,109,99,101,101,97,84,66,78,89,96,104,121,143,147,128,105
76,75,95,104,77,64,80,92,88,81,101,100,96,96,84,77,85,98,109,120,133,123,102,87
55,68,93,97,59,39,45,59,68,73,98,108,110,107,93,83,92,105,111,111,114,97,72,58
58,75,103,102,55,35,36,51,67,71,78,99,105,92,85,111,135,150,151,133,115,98,75,50
90,88,98,95,60,47,49,65,80,78,71,77,74,68,90,126,148,160,170,167,154,132,93,50
110,101,99,95,79,79,85,89,84,71,63,64,61,63,97,127,139,150,166,170,172,152,103,52
109,103,98,95,94,105,115,101,72,52,49,54,56,64,93,111,122,138,156,158,167,146,98,53
93,86,81,82,89,101,109,88,52,36,37,41,49,62,79,88,106,128,143,145,150,123,80,55
68,53,48,55,62,58,62,57,43,37,37,37,48,64,72,79,89,100,112,125,132,104,66,52
69,44,39,51,53,43,46,48,44,43,43,45,50,55,58,64,72,83,103,136,143,116,74,47
67,42,47,74,86,71,61,55,53,58,51,46,49,57,61,67,86,105,120,141,137,109,74,49
56,45,61,94,113,99,79,68,68,71,53,42,47,63,74,82,113,141,146,139,110,82,66,62
44,51,69,90,103,95,81,77,81,76,48,39,48,65,81,92,129,161,162,137,85,56,61,78
