87,85,85,87,91,89,86,87,93,101,101,100,97,91,82,68,55,47,45,45,46,48,49,48
88,87,87,89,92,90,88,89,94,99,100,99,96,91,82,70,59,52,49,48,50,51,52,52
89,89,89,91,93,91,89,90,94,98,98,97,94,89,82,73,67,62,57,56,58,60,61,62
90,90,90,91,92,90,88,89,94,98,98,97,93,88,81,76,73,71,66,64,67,70,71,71
93,92,92,92,90,88,86,88,93,99,99,97,94,87,79,75,75,75,72,69,71,75,76,74
92,93,93,93,91,88,87,88,93,99,100,98,94,87,76,71,72,73,72,69,72,76,76,72
90,91,92,92,90,88,87,88,91,97,98,97,93,86,74,69,70,72,72,72,75,79,78,74
92,92,90,89,89,87,86,87,90,95,96,95,92,85,76,72,73,74,75,76,79,82,82,79
101,98,93,89,88,86,85,86,89,94,95,93,90,85,81,78,78,78,80,81,83,85,86,84
112,109,103,96,90,87,85,86,88,91,92,91,88,84,82,80,80,82,83,84,85,85,86,86
116,115,112,106,98,90,85,84,85,87,89,89,87,84,81,78,80,82,83,82,81,81,82,83
112,112,112,109,100,92,86,83,83,85,87,87,86,83,80,78,81,84,84,82,80,79,80,82
109,109,109,106,99,92,87,84,83,85,85,85,85,83,79,78,81,84,84,82,82,82,83,85
109,108,107,104,97,91,88,85,84,84,83,83,83,82,79,76,78,81,82,82,83,85,88,90
109,108,107,104,97,89,86,85,84,82,80,81,82,80,77,75,75,78,79,80,83,87,89,90
108,108,107,103,97,89,85,84,82,79,77,77,78,77,76,76,78,80,81,81,83,85,86,83
108,109,107,104,97,90,86,84,81,76,73,73,74,74,74,77,79,80,80,79,80,81,79,76
108,109,108,104,98,91,88,84,79,71,68,68,69,70,71,73,75,76,76,75,76,76,73,70
108,108,107,104,97,91,88,84,76,66,63,63,64,65,66,66,68,70,70,71,73,72,69,65
107,107,106,103,97,90,87,83,74,64,59,59,60,62,64,64,68,72,71,70,72,71,67,63
107,107,106,103,96,89,86,82,76,68,65,66,67,68,70,71,77,82,81,77,77,78,77,74
107,108,107,102,94,87,85,84,82,80,79,79,79,80,83,86,90,93,93,91,90,90,90,88
107,108,107,101,93,86,84,84,86,91,91,91,89,90,95,96,97,98,99,100,99,98,96,94
107,108,106,101,93,86,83,83,87,94,95,93,92,94,98,97,95,95,97,100,98,95,93,92
