103,104,104,102,99,94,92,96,103,107,105,105,102,94,82,77,76,78,84,89,90,90,87,82
102,103,104,102,98,93,90,93,101,106,106,106,102,94,83,77,73,73,79,86,87,85,84,82
103,104,104,101,97,91,88,91,100,106,106,106,102,94,82,74,68,66,70,77,78,77,77,77
104,104,103,100,95,90,87,90,99,105,106,105,101,92,77,69,62,59,60,64,66,69,71,71
105,104,102,99,95,90,87,91,99,103,104,104,100,87,70,61,57,54,50,50,55,63,67,67
103,103,101,99,95,92,90,93,99,102,103,103,98,84,64,56,54,50,45,43,49,57,62,62
102,102,101,99,95,92,90,93,99,102,102,102,97,83,64,57,54,49,45,44,49,55,61,62
102,102,101,98,93,91,90,93,99,101,101,101,97,87,73,66,61,57,56,57,59,63,67,68
101,101,100,96,91,91,91,94,98,100,100,99,98,93,85,79,74,71,73,75,76,77,78,78
101,101,99,97,92,91,90,92,97,99,98,98,97,95,92,88,84,83,85,89,90,88,86,86
103,102,100,98,95,93,90,91,94,96,96,96,95,95,95,93,90,88,88,91,91,90,89,89
105,103,101,99,95,93,89,88,89,92,93,93,93,95,98,98,96,93,92,93,92,92,93,93
105,104,102,99,94,92,88,86,86,89,91,90,90,92,98,100,99,98,97,96,95,95,96,96
104,103,102,98,94,91,88,86,85,86,87,86,86,88,94,97,98,99,101,99,97,97,98,97
102,102,101,98,94,91,88,85,82,81,81,80,80,82,87,89,91,95,100,99,97,97,97,96
103,102,100,96,93,93,89,83,76,72,71,70,71,74,78,81,84,89,94,94,93,93,94,92
103,102,99,95,92,91,88,79,69,61,59,60,62,64,69,74,78,82,84,85,84,84,84,83
103,102,99,95,91,89,85,76,62,53,51,53,55,57,64,70,73,75,76,75,75,76,77,77
104,103,101,96,89,87,84,75,61,53,53,56,58,61,69,71,72,72,72,72,73,75,77,78
103,103,101,96,90,87,85,78,71,69,71,73,75,80,85,84,81,80,80,80,82,83,85,86
103,102,99,95,89,86,84,84,85,87,92,93,94,97,99,100,99,97,94,92,93,94,95,94
103,102,99,94,87,85,84,87,92,96,102,102,101,102,104,105,104,101,98,96,96,98,97,96
102,102,100,94,87,84,84,86,91,96,100,98,96,97,99,98,94,91,91,91,91,91,91,91
101,101,99,94,87,84,82,84,89,94,96,92,89,89,90,88,82,79,82,85,83,81,81,83
