79,80,81,80,78,67,64,69,74,75,70,71,74,74,72,70,70,71,72,72,75,77,79,82
76,80,80,75,71,63,58,64,74,75,70,73,75,72,69,70,67,68,72,69,67,70,74,74
75,80,78,71,68,64,59,64,72,71,68,72,77,77,70,70,65,65,72,71,64,67,72,72
79,81,76,69,66,65,64,66,68,65,66,68,75,81,73,71,67,68,74,74,64,66,73,76
80,80,75,67,62,61,63,65,65,64,66,66,69,73,72,73,72,74,76,72,63,66,74,77
64,66,68,66,63,57,58,60,62,64,68,72,73,69,64,69,73,75,73,66,63,69,76,79
60,60,63,67,68,66,67,67,66,66,73,83,84,76,68,74,79,78,72,67,74,79,81,84
67,62,65,73,79,78,79,77,72,71,81,91,92,85,79,83,89,87,78,74,84,88,88,90
78,70,71,81,90,87,88,86,80,78,89,98,97,90,88,93,100,99,90,87,94,96,95,96
86,79,78,86,96,95,95,94,90,86,95,104,102,93,93,101,107,106,101,104,107,107,105,103
88,89,93,98,100,101,101,100,97,94,100,108,107,97,95,99,103,106,107,115,118,115,107,102
89,95,103,105,100,100,100,99,98,98,101,105,104,99,98,100,104,107,111,115,119,116,108,100
92,99,105,103,96,94,94,95,96,99,101,103,103,101,101,103,106,109,110,110,113,116,113,104
99,102,102,98,93,90,90,91,94,98,99,102,104,104,104,109,111,107,104,104,108,116,118,112
105,104,101,97,96,96,96,95,96,100,100,99,100,103,109,119,114,102,96,102,109,113,115,117
110,109,106,103,107,109,103,98,97,102,104,102,103,106,109,115,111,105,102,108,110,107,107,113
115,119,116,112,115,112,103,97,98,104,107,105,105,109,112,112,108,105,106,110,109,106,106,110
117,125,122,114,114,111,101,94,94,99,104,105,105,108,113,110,103,101,106,110,108,106,106,107
117,124,119,110,111,113,104,94,90,92,100,104,104,104,108,109,101,98,106,111,112,109,106,105
113,119,121,121,122,120,113,104,99,104,106,108,106,104,106,111,108,107,112,113,121,119,111,107
105,109,117,125,127,123,126,125,123,126,123,123,122,120,121,124,121,120,123,125,135,132,122,115
109,109,115,123,129,126,131,136,140,140,132,129,127,124,126,132,132,131,133,131,131,129,122,115
122,120,119,121,125,124,126,133,140,138,128,122,118,115,116,127,130,130,130,122,113,109,108,105
133,132,127,121,118,117,118,124,130,127,119,114,108,103,102,116,119,117,116,108,95,89,90,94
