43,45,52,79,116,91,61,70,124,189,209,227,240,236,204,131,76,57,68,86,92,81,76,85
43,45,50,77,128,132,86,81,140,216,237,243,235,204,147,91,62,55,58,65,67,76,108,149
44,47,49,68,115,159,132,124,169,237,252,249,215,154,89,61,54,54,54,53,53,68,117,179
46,49,52,68,111,166,177,182,206,245,253,245,195,117,62,53,53,54,54,54,53,60,98,153
47,49,57,88,144,167,191,216,238,251,253,240,186,109,61,54,54,54,54,54,54,56,75,106
49,50,58,89,138,132,142,184,233,251,248,212,151,91,62,56,55,55,56,56,56,58,67,81
53,63,67,73,90,83,90,142,213,247,237,190,148,122,86,63,56,57,59,61,62,64,67,71
59,85,85,66,58,60,84,144,212,247,238,206,188,172,111,69,57,63,74,78,72,68,77,94
61,89,91,69,57,67,104,159,213,244,246,241,237,212,134,83,73,92,119,124,95,75,95,139
55,64,72,75,77,90,102,127,172,224,244,251,250,228,166,127,126,158,197,198,138,91,112,177
63,78,108,133,143,159,130,101,111,169,218,245,253,244,218,205,210,226,240,235,181,131,141,200
87,133,179,202,207,217,174,111,82,127,189,232,250,250,245,245,248,251,253,249,223,193,194,226
99,169,226,245,244,240,189,114,68,90,141,189,214,219,226,242,252,254,253,253,248,238,237,245
99,176,237,255,251,234,167,96,58,61,85,119,142,151,168,211,242,254,253,253,253,253,253,254
123,192,243,254,250,226,148,81,54,55,59,66,72,79,105,174,229,253,254,254,254,254,254,255
186,223,249,255,252,234,164,93,56,54,54,56,56,65,103,181,234,253,254,254,254,254,254,255
234,245,252,250,241,232,184,114,61,54,54,60,63,71,105,186,236,253,253,253,253,253,254,254
253,254,249,229,196,185,162,112,64,56,56,63,67,71,94,164,221,248,253,253,253,253,253,254
250,251,237,193,129,107,101,83,61,57,58,60,60,62,74,119,185,234,251,253,253,253,253,254
235,236,215,163,96,70,65,64,62,59,61,61,60,61,66,86,141,200,237,249,253,253,253,254
168,183,195,184,144,92,80,90,94,79,85,77,66,61,65,77,118,168,209,238,250,253,253,254
119,160,205,223,203,147,140,160,168,147,152,120,80,62,68,97,151,196,217,237,250,254,254,255
110,173,229,250,241,207,208,226,233,217,206,147,88,63,73,124,192,234,241,246,251,254,254,255
127,195,243,253,251,244,245,250,252,243,207,138,83,67,79,136,196,235,249,252,253,253,253,254
