51,50,48,49,51,50,49,50,51,53,54,56,56,54,51,50,49,49,48,45,46,47,47,47
50,48,48,49,50,50,48,48,49,51,51,52,52,51,49,49,49,49,48,45,45,46,46,46
50,49,48,49,48,48,47,47,48,48,48,48,48,47,47,48,48,47,47,45,45,46,47,47
51,50,50,48,47,46,47,47,46,47,46,47,47,46,47,48,47,46,45,44,45,46,47,47
49,50,50,49,47,47,48,47,45,46,46,49,49,47,47,47,46,45,45,44,46,47,46,45
47,49,50,49,47,46,46,46,45,46,47,51,53,49,45,47,46,44,43,44,46,46,46,44
46,48,49,49,46,44,44,44,44,45,47,50,51,49,44,45,46,45,44,43,44,45,46,45
47,47,48,48,46,44,44,43,43,43,45,47,48,46,42,43,45,46,45,44,43,44,46,46
49,49,48,48,48,47,46,45,42,41,44,46,45,42,41,43,45,47,47,44,43,45,46,46
52,52,51,50,52,51,50,47,43,41,43,44,43,42,42,44,46,48,48,45,45,46,46,45
50,50,50,50,51,51,51,50,47,45,47,46,45,43,42,44,45,46,48,47,47,48,46,43
48,47,47,48,49,49,50,50,50,49,49,49,49,47,45,43,43,44,46,46,48,50,48,44
45,44,45,46,45,46,47,48,48,48,49,49,50,49,47,45,45,45,46,47,50,53,51,46
44,43,45,46,43,42,43,44,44,44,45,46,46,47,47,48,49,50,49,50,52,54,53,49
42,43,45,45,42,41,43,42,41,41,43,43,44,46,48,49,51,51,51,52,53,54,54,53
41,44,45,44,44,44,44,44,44,43,43,42,43,44,46,47,48,48,47,49,50,53,54,53
42,43,43,43,43,43,44,45,45,44,44,42,41,42,44,45,46,46,45,46,48,50,52,52
45,44,43,42,41,40,41,42,43,44,43,41,40,40,42,42,44,44,45,45,46,47,49,50
48,46,44,42,40,37,38,39,40,40,41,40,39,39,40,40,41,43,44,45,44,44,45,46
46,44,42,41,39,37,38,38,37,37,38,39,39,38,38,38,40,42,44,44,42,41,41,42
45,43,40,39,39,40,39,37,37,38,39,40,39,39,38,38,39,41,43,43,41,40,39,39
43,41,39,39,40,41,40,38,38,38,39,40,40,38,37,37,39,40,41,41,41,40,39,38
41,39,38,39,40,41,41,39,38,38,39,39,39,38,37,37,38,39,38,39,40,40,39,39
40,38,37,38,38,39,40,40,39,39,39,39,39,38,38,37,38,37,36,37,38,38,39,40
