122,114,112,123,142,144,144,150,159,166,165,161,151,140,137,142,156,174,187,198,213,221,217,208
124,115,109,114,128,128,126,138,155,162,170,169,157,143,140,138,144,156,166,171,190,202,200,191
162,155,145,140,138,123,116,127,147,159,174,170,158,147,141,131,125,125,130,141,171,188,185,170
207,201,187,168,149,126,123,128,137,150,163,164,164,160,142,125,112,104,103,117,150,172,170,154
214,202,181,155,129,121,139,144,134,135,139,159,182,183,145,120,111,107,101,101,116,139,150,144
190,169,153,139,118,111,142,165,165,155,135,163,197,194,146,121,118,114,102,97,102,120,139,145
188,175,175,173,150,132,148,169,176,163,140,163,187,177,138,130,133,129,111,97,103,125,142,144
195,192,201,207,194,181,180,186,182,161,144,160,164,144,127,136,138,132,120,105,108,133,153,150
206,208,214,220,220,217,210,197,177,151,145,156,144,117,120,136,137,135,136,126,118,137,158,161
224,227,227,222,216,208,191,171,150,136,147,157,143,119,124,142,151,160,169,160,143,142,155,166
233,234,232,226,216,203,181,163,151,141,157,179,175,156,166,187,192,194,200,195,178,169,166,163
235,235,234,230,223,214,196,182,175,175,194,212,211,200,201,195,184,177,179,186,175,163,151,141
236,236,235,233,230,225,217,210,207,212,225,231,228,217,202,174,156,150,154,164,160,152,143,134
236,236,235,233,231,229,230,229,229,232,235,233,226,209,179,149,141,148,155,156,155,156,156,152
234,234,234,233,233,232,233,233,232,232,232,231,224,203,165,147,157,170,169,160,160,165,173,179
233,233,232,232,233,233,233,230,225,221,211,203,196,185,168,174,189,189,169,153,150,162,186,209
231,230,229,227,225,229,231,225,212,198,188,175,168,169,175,189,196,187,167,162,155,162,190,222
227,225,222,217,211,221,227,223,208,192,186,173,168,178,190,194,195,190,182,185,171,170,189,213
224,222,218,211,204,218,226,225,217,208,208,200,199,208,213,203,205,210,210,204,188,182,189,198
229,229,226,221,219,227,232,230,226,222,225,226,227,229,229,224,224,223,215,202,195,193,199,207
232,231,230,229,229,232,232,231,230,229,233,234,234,234,233,231,221,206,193,193,191,196,211,226
233,234,233,232,232,233,232,232,232,232,235,236,235,234,234,233,221,202,190,192,190,198,217,233
234,235,234,233,233,233,233,233,233,233,234,235,234,233,234,234,226,211,197,194,196,208,223,233
234,234,233,233,234,233,234,234,234,234,234,233,233,232,233,234,232,218,197,191,207,223,232,234
