121,122,122,124,125,125,125,126,127,128,128,127,127,127,125,122,118,115,114,116,115,115,115,116
125,125,125,125,125,124,124,125,127,130,131,130,129,128,126,123,119,116,116,119,121,122,123,123
125,124,123,121,119,118,119,121,125,130,132,131,129,125,121,117,113,111,114,118,122,126,127,128
120,118,115,112,109,108,110,114,120,126,129,129,126,119,111,106,103,104,108,114,119,123,126,128
112,109,105,101,99,98,101,107,114,121,124,125,121,111,102,97,95,97,102,109,113,117,120,122
104,101,96,92,89,89,94,102,112,118,121,121,116,106,96,90,90,93,98,103,107,110,113,114
104,100,94,90,88,90,96,104,113,120,123,121,115,106,97,92,92,95,99,102,105,107,109,110
111,107,101,96,96,100,105,112,120,125,128,125,119,112,105,101,101,103,106,108,109,110,111,111
121,117,112,110,111,115,119,124,129,132,133,132,128,122,116,113,113,115,117,117,118,118,118,118
129,127,125,125,126,128,131,135,137,138,139,138,136,133,129,125,124,126,128,129,129,128,128,128
134,135,135,136,136,136,138,140,141,141,142,142,141,138,136,134,134,135,136,136,135,135,135,135
137,137,137,138,138,138,139,140,141,141,141,140,140,139,138,138,138,139,139,139,138,137,137,137
136,135,135,135,136,136,137,137,138,138,137,136,136,136,136,136,137,137,137,137,136,135,135,134
133,132,131,131,132,132,132,132,133,133,132,132,132,131,132,132,132,132,132,131,131,130,130,129
128,128,128,128,127,127,127,128,128,128,128,128,127,127,126,127,127,127,126,125,125,125,125,125
126,126,126,125,125,124,125,126,126,126,126,126,125,125,124,124,124,124,123,122,122,122,123,123
125,125,125,125,124,124,125,126,127,127,127,126,126,126,125,124,123,122,122,121,121,121,123,124
126,126,127,127,127,127,127,128,129,129,129,129,128,128,127,125,124,123,123,122,122,123,125,126
129,130,130,131,132,131,131,132,132,132,132,132,131,130,128,128,127,126,125,125,126,127,128,128
132,132,133,134,135,135,135,135,135,135,135,134,133,131,130,129,129,128,128,128,129,130,130,131
133,133,134,135,135,135,135,136,136,135,134,134,133,133,132,130,129,129,129,130,131,132,132,132
132,132,132,132,133,133,133,133,133,132,131,130,131,131,132,131,129,128,128,129,130,131,132,132
130,130,129,129,130,129,130,129,128,127,126,126,127,128,130,129,128,126,126,125,127,129,131,131
129,128,128,127,127,126,127,126,125,123,122,123,124,125,127,127,126,124,123,122,124,127,129,130
