76,77,73,67,67,75,81,76,68,70,84,96,106,109,96,99,94,83,74,75,80,88,89,80
73,76,72,65,63,68,72,71,69,74,86,95,105,106,89,93,94,85,75,80,85,90,89,81
65,72,74,68,62,63,65,68,74,78,84,91,98,97,80,85,92,88,79,82,86,90,87,79
55,67,75,73,66,63,63,69,78,81,82,88,92,87,74,79,86,87,83,82,84,85,82,76
50,64,74,74,67,64,65,72,78,80,81,89,89,81,73,74,77,79,80,83,83,80,76,73
55,66,72,72,68,64,68,75,78,76,77,85,86,80,82,77,72,69,73,82,79,74,72,73
64,72,77,76,76,72,70,68,64,60,69,83,87,83,93,88,76,67,68,77,76,74,74,75
69,72,72,74,78,79,72,61,52,52,70,86,89,86,96,96,83,72,70,73,74,78,79,77
69,65,61,63,72,81,75,61,51,58,82,93,92,88,93,93,85,77,73,68,69,78,83,78
74,64,55,55,67,80,80,68,59,71,95,103,99,92,90,87,81,77,73,65,64,74,82,81
94,73,58,58,70,80,80,71,68,81,104,117,114,102,98,99,99,97,90,79,79,82,85,88
106,90,82,82,79,77,76,73,72,79,93,103,106,104,101,104,108,105,97,93,104,109,106,103
121,113,115,115,96,80,76,75,74,74,76,77,83,91,90,92,94,92,86,88,105,114,111,104
140,133,138,137,110,85,75,74,74,71,63,56,59,66,67,66,66,66,66,69,80,90,91,86
139,132,132,128,106,80,66,65,68,67,53,44,42,43,45,45,45,48,52,54,61,66,68,67
105,106,106,99,81,70,67,71,75,71,52,40,35,34,36,37,37,39,41,43,50,53,52,50
67,70,74,71,58,53,60,72,80,74,54,39,35,36,38,41,38,36,38,40,41,40,38,37
39,40,46,48,43,39,45,60,72,67,50,37,33,36,39,42,38,35,37,38,33,31,33,36
28,28,30,34,36,33,34,43,53,54,43,34,31,32,36,38,37,36,38,37,33,33,40,48
38,35,35,36,37,35,34,38,45,51,48,44,40,40,44,51,53,52,52,51,47,47,53,62
56,53,57,63,60,55,53,57,63,67,67,64,60,58,60,66,66,65,66,69,68,66,64,62
65,63,71,82,81,71,71,78,82,77,80,79,73,68,68,72,71,70,72,76,77,80,76,68
67,70,79,90,91,77,80,90,91,79,84,83,77,70,68,71,71,71,73,76,81,88,86,76
67,75,85,91,91,78,81,92,92,77,82,82,76,70,67,70,71,72,75,75,86,92,87,77
