74,75,71,63,59,64,69,69,68,71,81,89,99,107,102,84,89,97,89,74,80,86,89,91
68,74,74,67,63,64,64,67,73,78,83,86,93,100,93,78,84,94,91,80,81,85,88,90
60,72,77,72,66,64,63,68,75,80,81,83,90,94,83,72,77,86,88,83,82,84,86,85
57,69,76,73,66,63,65,71,77,79,79,83,89,90,76,71,73,77,80,80,81,83,82,79
60,68,72,71,67,63,67,74,79,80,78,83,88,87,78,79,75,71,71,71,80,83,78,74
66,73,77,75,74,69,70,72,71,64,63,75,85,85,82,94,86,72,66,65,76,78,74,70
72,75,76,77,80,78,72,64,55,50,58,78,89,87,84,99,96,82,71,68,73,77,77,76
71,68,66,69,76,82,75,62,50,47,65,85,93,89,87,98,97,86,76,72,70,71,75,81
67,59,53,58,69,80,79,67,55,57,79,95,98,93,90,93,90,83,77,74,67,64,69,80
74,60,51,55,68,81,83,72,62,69,92,107,109,102,92,90,87,83,81,77,69,65,69,77
89,70,59,63,73,80,81,74,68,74,94,113,120,115,101,102,105,106,106,98,87,86,89,88
98,90,88,89,82,77,76,74,72,75,85,94,101,103,102,102,105,108,108,98,93,102,115,118
114,116,123,120,96,79,76,76,76,75,74,72,74,81,89,88,88,90,91,83,82,96,112,120
134,135,143,139,109,85,76,75,75,74,67,58,55,60,66,66,64,65,66,64,65,72,83,90
135,133,135,129,105,80,66,63,66,70,60,48,41,42,44,45,45,45,48,53,53,57,63,69
108,111,111,101,82,72,68,68,72,74,60,44,35,33,33,35,35,36,38,41,41,47,54,57
73,78,81,75,59,56,61,71,81,82,64,46,36,34,35,39,41,39,37,38,39,41,43,43
44,48,55,54,45,42,48,62,76,78,62,45,36,35,38,41,44,40,34,37,39,37,33,32
28,30,35,39,37,34,35,44,57,61,51,39,32,31,33,37,38,35,32,35,37,33,29,30
29,28,28,30,33,31,30,34,42,48,46,39,34,32,32,38,42,44,42,43,42,38,36,39
43,43,44,46,45,41,40,42,48,56,57,55,52,49,48,53,59,61,58,59,61,59,55,54
56,57,65,72,68,61,60,63,68,71,71,73,70,64,63,65,70,71,67,69,73,73,72,72
63,66,79,90,86,75,76,83,87,81,80,85,82,71,70,69,72,72,69,72,76,77,81,86
67,70,80,90,89,77,78,90,96,83,81,87,84,73,70,65,68,70,70,73,74,76,84,93
