155,156,156,157,158,154,139,135,142,146,147,149,151,152,154,160,157,153,152,150,150,152,153,151
154,154,151,148,146,141,129,128,136,140,144,150,154,158,162,157,150,145,145,146,147,148,149,150
152,152,148,142,138,134,129,130,137,142,146,149,152,158,164,152,142,138,139,141,145,149,150,150
139,141,140,136,136,136,137,138,142,146,147,144,143,147,154,145,137,134,135,138,145,151,153,151
108,112,117,121,125,130,133,135,137,139,137,134,131,132,136,136,133,131,133,137,144,148,149,149
73,76,80,84,88,91,95,99,104,113,121,124,126,129,135,139,137,133,131,135,138,140,142,145
77,77,78,79,80,80,85,93,106,122,135,139,138,138,139,140,140,138,137,141,142,141,141,143
99,100,102,104,106,107,110,116,126,140,148,151,149,146,141,139,140,142,140,137,134,130,129,132
127,129,133,137,142,144,145,145,146,150,150,152,152,148,142,134,134,137,137,129,121,116,116,121
152,152,153,154,157,157,157,157,155,151,149,152,154,152,143,127,119,124,133,131,125,122,124,127
161,162,163,163,164,164,165,165,160,152,149,154,159,157,145,122,111,116,129,133,131,132,135,137
159,162,161,159,157,153,155,156,154,153,145,146,151,152,149,136,128,130,139,143,144,142,141,140
153,156,154,150,147,141,141,139,138,141,129,130,136,143,150,148,148,150,154,156,155,152,146,142
143,146,144,141,140,138,135,129,124,124,114,118,127,136,145,149,156,161,162,163,161,158,153,148
125,128,129,130,133,136,137,134,128,123,122,126,130,134,141,147,157,162,159,157,157,158,157,155
121,118,120,126,132,136,137,134,127,121,123,124,126,132,147,154,161,163,160,156,153,155,157,155
110,109,114,124,133,139,139,139,137,130,124,122,125,135,151,158,162,163,160,155,154,158,159,155
107,111,118,128,137,145,145,148,151,143,132,128,132,142,155,161,162,160,156,153,155,159,158,153
118,126,133,138,142,151,152,155,157,151,143,140,141,146,156,159,157,152,147,149,153,154,151,150
132,138,142,141,140,147,150,150,148,144,143,141,140,141,147,148,144,139,138,143,149,150,148,146
147,146,142,138,135,135,133,129,124,122,126,129,130,131,133,133,130,128,129,136,141,143,140,137
163,160,155,148,142,134,127,123,120,120,123,122,121,120,120,119,116,112,111,114,119,121,120,119
174,172,169,165,158,149,143,141,141,142,140,136,132,128,126,122,114,108,106,104,106,108,110,113
175,174,173,173,171,169,168,167,168,167,164,161,157,153,148,140,126,119,119,116,114,115,120,128
