110,118,126,126,120,114,113,113,112,113,118,135,161,184,193,187,182,183,188,191,194,195,195,194
116,121,123,121,117,115,114,113,113,118,135,162,186,200,200,192,185,182,184,184,184,185,186,188
119,121,119,116,115,115,115,114,118,130,157,183,200,204,200,194,188,183,180,177,175,173,174,177
118,117,116,115,116,115,115,117,124,142,167,184,192,193,191,189,187,183,178,175,171,166,163,165
116,115,115,116,115,114,116,120,129,145,160,171,178,181,180,180,180,180,179,176,171,164,159,157
116,115,115,114,114,115,119,125,131,139,147,159,170,176,176,173,173,176,179,179,174,170,171,174
115,115,113,113,114,117,122,127,132,139,154,171,184,188,184,178,173,173,178,184,188,192,199,207
113,113,113,113,115,120,125,132,143,160,182,198,206,206,198,187,177,177,187,199,209,217,224,229
112,113,114,116,121,127,135,148,169,194,213,222,224,219,210,197,188,190,205,219,229,235,235,230
112,114,117,124,134,145,159,179,201,219,229,233,232,226,218,208,204,211,223,232,238,242,233,216
114,118,127,141,158,173,190,206,221,231,237,238,236,229,218,205,204,213,227,236,239,240,223,192
119,126,140,159,178,194,208,220,228,234,238,239,234,221,198,174,173,193,220,233,237,234,208,169
126,135,152,172,190,204,215,223,229,232,233,228,217,197,165,138,139,167,205,223,228,224,199,164
133,143,160,179,195,206,215,220,223,222,215,199,181,159,132,117,121,149,185,204,210,211,200,179
138,147,162,179,192,202,209,211,208,197,178,156,138,125,116,114,121,138,159,172,185,200,206,200
138,145,158,173,183,186,186,185,177,162,144,130,120,114,113,117,123,130,138,148,172,197,211,209
136,140,148,157,162,160,158,155,150,139,127,118,113,113,120,128,129,129,133,146,174,200,212,210
133,134,136,139,141,139,138,137,133,125,119,116,118,129,145,152,142,133,137,155,183,205,213,209
130,127,126,127,128,129,131,130,125,117,115,122,140,164,184,183,160,141,143,163,191,210,216,211
123,121,121,121,122,122,123,120,115,112,118,145,179,206,214,202,171,148,148,166,194,214,221,218
115,115,116,117,116,115,115,114,113,120,146,183,213,227,223,205,175,151,148,162,191,216,227,226
110,112,114,114,112,111,111,114,125,149,185,215,231,232,221,202,174,151,146,156,183,212,230,231
106,110,112,112,111,110,112,125,151,186,215,230,233,226,213,191,166,148,144,151,169,200,224,230
102,108,112,112,111,111,117,140,176,211,226,230,227,218,202,179,156,143,143,149,158,184,213,227
