86,106,106,90,80,69,64,61,57,53,45,30,30,41,32,21,18,18,19,18,11,8,7,5
75,98,96,73,55,41,40,42,42,44,53,36,24,30,38,34,26,19,12,10,9,11,12,8
70,84,78,52,28,18,18,21,27,37,44,29,20,39,78,68,40,16,8,4,6,14,19,16
66,63,53,35,15,15,13,11,17,34,28,17,19,48,97,82,41,12,6,4,5,17,29,33
49,33,26,23,14,21,19,11,11,26,24,17,16,30,53,45,23,8,7,11,14,25,43,57
19,12,8,7,6,15,14,7,4,10,17,18,16,17,25,24,15,8,11,25,33,31,43,68
41,27,15,11,12,13,8,3,2,6,15,28,29,20,18,20,15,10,16,39,57,53,46,53
74,53,44,48,49,37,17,7,8,9,17,41,48,33,23,19,13,15,34,72,95,81,56,47
89,72,73,86,88,70,39,25,23,14,22,53,65,46,30,18,12,26,64,112,128,100,68,64
84,77,79,88,91,83,63,52,43,23,33,63,70,50,39,25,21,46,95,129,127,95,76,89
107,97,88,93,110,105,84,71,67,62,75,93,84,56,51,51,56,81,114,114,111,98,92,100
94,94,96,107,120,91,70,76,92,94,101,103,93,79,79,83,79,83,97,106,123,118,96,78
78,79,89,102,105,68,54,71,92,89,93,92,96,103,101,98,87,75,73,91,116,117,92,67
74,65,67,76,76,56,52,62,67,56,62,71,88,105,103,96,92,79,60,65,85,102,102,90
70,55,51,58,63,52,54,56,50,40,46,58,66,72,87,99,105,89,55,47,74,117,137,124
75,70,59,50,51,48,56,64,65,60,59,63,62,69,101,99,85,63,51,75,97,114,111,92
90,98,82,60,61,55,61,84,103,94,75,71,69,76,104,89,66,52,60,101,115,107,94,89
89,104,95,77,76,66,64,92,122,111,82,79,84,87,98,77,56,53,71,103,108,96,88,93
73,84,88,85,84,74,66,86,111,105,88,94,99,93,90,69,52,54,72,85,87,86,85,84
80,80,78,80,89,76,76,95,111,105,125,128,106,80,76,56,47,52,65,75,83,94,94,82
78,67,53,50,60,60,81,102,109,105,139,145,112,66,50,37,39,58,78,77,72,91,107,102
84,60,37,29,37,61,91,107,109,114,134,133,98,54,48,39,44,71,99,86,69,86,109,112
98,61,31,22,29,65,90,99,108,128,125,112,82,57,72,63,57,74,96,77,67,85,107,111
111,63,30,23,28,57,71,82,105,135,126,104,80,74,101,86,67,63,67,50,60,88,109,108
