25,20,17,17,17,25,47,62,71,87,86,69,66,78,73,50,43,47,53,68,106,136,151,153
36,27,20,17,17,24,55,74,79,93,98,79,64,63,58,46,44,47,53,69,110,140,157,166
33,27,20,18,18,21,51,72,80,95,108,93,68,51,48,44,44,47,52,69,113,149,171,183
23,20,18,18,19,18,35,52,67,87,110,105,78,52,48,47,45,45,51,70,117,160,186,196
21,18,16,17,18,16,18,26,44,73,105,112,92,64,54,54,50,47,52,72,126,171,193,198
22,18,17,17,17,15,15,20,33,57,93,113,105,79,59,58,57,54,58,77,135,179,196,196
21,19,18,17,16,15,15,18,26,43,77,109,117,97,70,65,66,71,77,86,143,186,196,189
19,18,17,17,16,16,17,19,22,33,61,100,120,111,87,81,89,100,104,100,152,190,194,180
19,17,17,17,16,17,19,20,21,27,49,89,118,121,106,105,120,132,128,116,162,192,191,175
20,20,19,19,17,18,20,21,20,25,42,83,118,129,122,126,145,153,139,128,173,195,189,178
29,27,24,21,20,20,22,22,22,24,36,78,118,134,131,135,151,153,137,135,179,197,193,188
66,65,48,28,23,23,24,24,24,26,31,69,114,140,138,141,145,137,126,142,184,200,198,197
88,90,69,40,28,26,27,27,27,28,28,55,101,141,144,146,138,124,122,156,190,202,201,203
76,83,78,58,36,29,29,30,30,28,28,41,83,133,149,149,140,132,137,170,193,201,203,206
49,63,82,82,51,32,28,30,32,31,28,32,65,117,151,150,156,163,165,170,182,194,204,208
41,65,101,107,62,35,32,38,42,40,35,33,55,101,151,159,168,177,172,147,155,182,203,206
46,82,119,115,63,35,35,47,58,60,52,42,50,89,151,163,171,171,153,120,132,172,203,204
56,102,133,114,58,35,36,52,74,96,92,70,60,90,156,164,162,151,129,106,125,170,202,201
62,112,137,108,51,35,36,51,84,133,144,117,95,113,169,170,155,140,125,113,136,175,199,200
62,106,119,86,42,35,36,47,82,139,162,161,156,165,190,188,179,170,155,126,146,178,201,208
55,79,80,58,39,38,37,44,74,130,155,160,168,185,199,200,194,185,169,133,144,178,211,226
44,53,52,43,39,41,38,42,71,127,154,157,162,179,193,200,198,191,173,138,142,183,223,237
36,40,40,39,41,44,40,44,74,132,159,162,163,172,182,192,195,189,172,140,149,193,232,238
34,37,38,39,43,46,43,48,78,138,164,172,176,179,176,184,189,186,170,141,160,205,236,235
