31,31,32,32,30,26,22,18,17,19,25,29,31,33,36,35,28,20,16,18,20,33,56,76
32,32,31,30,29,25,21,18,17,20,29,28,26,29,37,30,21,17,18,18,21,35,56,74
32,32,31,30,28,24,20,17,16,19,32,31,27,31,42,29,16,14,19,18,24,41,61,73
32,32,32,31,28,23,18,14,13,17,34,37,36,41,48,31,15,13,18,17,27,47,65,72
32,32,31,31,28,20,13,9,9,14,34,43,47,50,50,33,16,13,19,17,27,48,66,71
32,31,31,30,27,18,10,6,6,12,34,47,52,52,49,36,19,13,19,18,27,47,65,70
31,31,30,29,26,16,9,6,6,11,33,46,49,44,41,33,18,13,20,19,27,46,63,69
30,30,29,28,25,15,9,6,6,10,31,44,42,33,31,26,14,12,21,20,26,44,62,67
29,29,29,28,25,15,9,6,6,9,29,41,35,25,27,19,9,11,22,22,26,43,61,67
28,29,29,29,26,16,9,5,5,8,28,38,33,26,31,18,8,10,21,22,25,41,60,67
28,29,29,28,26,17,9,5,4,8,27,35,34,33,39,24,10,10,21,23,25,41,60,67
27,28,27,27,26,18,9,4,3,7,26,32,32,35,43,33,17,11,19,23,25,40,58,65
27,27,26,26,26,18,9,3,3,6,24,29,29,33,44,41,24,13,18,23,24,40,56,59
26,26,26,25,25,18,8,3,3,5,22,27,26,30,42,44,28,15,17,23,24,39,53,54
25,26,25,25,24,17,8,3,2,5,20,24,24,28,39,40,27,16,17,24,23,38,52,52
21,23,23,23,21,15,6,1,1,4,17,21,22,28,35,33,25,18,17,24,20,31,44,45
13,13,14,13,12,9,3,0,1,3,14,17,22,30,32,27,24,20,17,23,15,19,29,32
5,5,5,5,5,3,1,0,0,3,11,14,23,33,31,24,23,20,16,22,12,10,17,22
3,2,2,2,3,1,0,0,0,2,9,13,24,36,30,23,21,19,16,23,13,9,13,19
3,2,2,2,2,0,0,0,0,1,6,12,25,37,27,20,19,18,16,25,15,9,11,17
3,2,2,2,1,0,0,0,0,0,3,12,27,36,23,19,19,17,15,25,16,9,10,17
2,2,2,2,1,0,0,0,0,0,1,12,28,36,22,21,20,16,15,25,17,9,9,16
2,2,2,2,1,0,0,0,0,0,1,12,28,34,24,27,25,18,14,24,18,9,9,16
2,2,2,1,1,0,0,0,0,0,1,13,27,31,25,33,31,21,15,23,19,10,9,17
