62,62,68,82,103,135,170,189,195,201,205,205,208,204,176,122,85,66,59,63,67,70,76,85
68,67,68,72,79,99,138,172,188,190,186,178,173,163,130,93,73,63,60,67,73,73,73,78
74,71,67,66,66,73,97,122,135,134,130,122,115,107,88,73,66,63,62,65,71,69,67,70
82,76,70,67,69,72,74,78,82,82,89,86,76,69,69,65,62,60,59,58,61,60,61,64
100,95,83,76,79,80,79,79,83,91,108,106,88,70,66,60,55,52,52,51,52,54,58,61
141,135,117,100,95,91,88,97,112,123,134,131,115,93,80,78,65,52,49,51,51,53,59,63
191,181,155,129,120,108,107,125,146,148,155,161,157,145,139,139,106,69,55,58,58,59,63,67
221,205,178,158,159,151,153,169,183,179,181,189,189,180,170,158,120,82,65,66,67,67,68,70
227,210,188,181,195,201,208,214,217,213,211,212,207,191,166,135,108,88,75,73,72,71,71,70
222,211,198,194,208,224,233,235,232,231,231,229,218,195,165,131,108,92,78,74,73,72,70,69
185,192,200,207,217,231,234,227,220,227,229,224,217,204,176,135,104,85,73,69,72,74,74,74
187,204,220,227,229,225,204,170,150,165,167,158,152,145,124,96,81,75,72,71,74,75,77,79
211,225,237,240,236,218,178,124,89,99,100,92,86,83,74,67,67,71,75,79,81,80,80,83
228,234,239,240,235,213,165,107,67,64,63,60,57,56,59,66,74,76,76,86,87,85,85,88
218,224,231,234,230,198,142,90,60,56,56,57,54,51,54,68,82,81,71,79,80,80,84,90
203,209,219,221,196,130,83,61,56,60,69,71,62,51,52,59,66,64,55,56,59,63,68,72
196,201,206,193,148,83,58,58,66,73,81,74,61,52,54,54,54,52,48,50,55,60,61,60
194,203,195,158,103,66,61,68,76,82,83,71,58,53,54,51,49,49,50,54,57,60,60,58
194,206,178,121,75,66,69,74,77,82,78,68,59,53,52,51,51,52,55,55,54,55,57,59
194,185,138,83,63,65,69,72,75,78,73,63,55,52,59,61,57,55,55,53,52,53,53,54
166,145,100,66,69,67,64,67,73,75,65,57,54,57,69,65,57,52,51,49,50,51,51,51
169,131,83,60,69,65,61,64,69,67,62,60,59,61,71,61,53,51,52,50,49,48,49,51
180,127,78,61,65,62,61,64,67,65,67,68,63,58,64,57,56,58,58,53,50,48,47,48
172,116,75,66,64,61,63,66,69,73,75,73,62,51,56,59,66,69,63,56,52,49,46,44
