70,69,69,69,71,72,72,68,64,63,64,68,71,71,69,68,69,70,70,70,69,69,70,71
69,69,68,67,69,69,69,67,66,66,65,69,71,71,69,69,70,71,70,68,68,68,69,70
68,67,67,67,68,68,67,66,65,67,66,68,70,70,68,68,69,70,69,66,66,68,70,70
66,65,66,68,69,68,67,65,65,67,67,68,69,68,67,67,67,68,67,64,65,67,69,70
65,65,67,69,68,67,67,66,66,66,67,69,67,66,68,66,66,66,65,64,63,64,66,67
68,68,68,66,65,65,66,66,65,66,66,66,67,68,68,65,65,66,65,63,64,65,67,69
66,66,65,63,62,64,65,64,64,65,65,67,69,70,68,66,65,65,64,64,65,67,69,70
64,63,63,63,63,65,65,65,65,66,65,67,70,72,69,67,65,64,63,63,65,68,70,71
62,63,64,65,65,67,66,66,67,68,66,66,69,71,68,66,64,63,63,63,65,66,68,69
63,64,65,65,66,66,65,65,67,68,65,64,66,68,66,65,64,64,64,64,63,62,63,66
65,64,65,66,65,65,64,63,64,65,64,65,68,68,66,65,65,67,67,66,63,61,62,65
63,64,66,67,65,63,62,61,62,64,64,65,66,67,65,63,65,66,67,66,64,63,64,66
63,63,64,65,65,64,63,63,63,64,64,63,64,65,63,61,62,64,65,65,64,64,64,65
64,63,61,62,65,66,67,66,65,64,63,62,62,63,61,59,59,61,63,63,63,62,63,63
62,61,61,62,64,66,67,65,62,60,59,61,62,63,62,60,60,61,61,61,61,61,60,59
58,60,61,62,65,68,65,64,64,61,59,60,60,59,60,62,63,63,61,58,59,61,61,60
58,59,59,58,59,62,62,63,62,58,57,59,58,57,60,63,63,62,60,58,59,63,65,64
56,55,54,53,50,53,59,61,59,56,56,57,58,58,61,61,60,59,58,56,58,62,64,64
52,51,51,49,46,50,57,60,58,56,56,58,59,59,60,59,56,56,57,53,55,58,60,60
54,54,54,53,50,52,57,59,57,57,57,60,61,60,59,57,57,58,59,57,58,59,61,62
57,56,55,54,53,54,56,56,54,57,58,60,61,59,57,54,51,51,52,53,58,60,59,58
57,55,52,51,53,54,53,51,51,56,55,56,56,56,57,53,51,50,51,51,57,57,55,54
53,51,48,48,52,54,53,50,51,55,52,51,51,54,57,55,55,55,55,54,57,56,54,54
48,47,46,47,52,55,55,53,53,56,52,49,50,54,57,55,57,59,60,59,60,59,57,56
