55,71,59,38,40,40,50,74,91,78,72,74,76,77,80,83,85,82,76,78,79,83,87,85
53,75,59,26,23,26,32,49,71,84,84,78,75,77,80,82,87,87,82,80,80,82,84,84
50,84,67,23,16,18,27,40,59,83,86,81,77,77,75,75,82,83,73,67,65,63,61,61
46,90,74,26,17,15,26,36,44,59,69,82,83,71,58,53,58,59,50,43,44,38,30,29
41,83,68,22,11,7,11,14,15,18,39,78,84,53,31,20,20,23,26,26,36,29,16,14
33,70,59,18,5,3,3,5,6,7,19,42,46,31,25,20,19,23,27,29,40,38,29,27
33,72,61,19,6,5,6,10,16,22,34,49,53,46,46,45,46,49,51,53,59,56,50,49
30,64,55,21,11,13,15,21,30,40,49,59,60,55,53,52,52,53,54,56,59,57,54,54
21,38,37,25,26,29,31,38,48,56,61,64,62,56,52,49,48,50,52,55,59,62,64,67
11,11,18,33,49,54,54,62,73,77,79,82,83,80,75,74,78,83,86,89,96,103,112,120
7,5,11,28,53,65,63,67,77,81,94,107,115,116,114,117,122,122,119,119,123,129,135,141
5,5,8,18,36,49,42,38,42,49,70,88,96,97,94,94,96,93,85,82,82,81,80,80
15,16,16,19,28,42,35,35,44,48,52,63,72,75,75,66,67,67,62,60,55,48,41,39
36,36,33,29,33,46,44,55,75,79,53,55,64,67,68,54,62,75,79,80,74,70,66,62
52,50,41,30,26,34,29,36,57,74,46,48,51,40,31,22,48,82,97,95,95,109,118,108
21,20,16,13,14,23,23,23,27,28,17,29,40,33,14,9,39,77,99,104,108,118,126,125
4,4,3,4,6,14,19,20,14,7,4,16,28,27,8,4,20,41,54,60,68,76,84,90
2,2,2,2,3,7,12,14,10,4,5,11,16,15,5,3,5,10,13,14,20,26,32,38
2,2,2,2,1,3,5,5,4,4,12,14,9,3,2,2,3,4,4,4,3,4,6,7
3,3,3,2,3,9,11,8,4,5,18,21,13,3,2,3,3,5,6,6,6,5,6,8
7,5,3,3,3,9,11,7,4,4,11,13,9,3,3,4,4,4,4,4,4,3,4,5
38,21,7,3,3,7,8,7,6,4,7,8,6,4,4,4,5,7,8,7,7,7,8,9
82,50,18,4,4,5,7,8,8,6,6,7,8,7,5,4,10,17,21,20,20,22,23,24
114,76,30,4,5,6,8,9,8,6,6,8,10,9,6,4,14,28,35,35,37,41,43,42
