177,179,182,182,181,181,180,180,181,181,180,181,183,184,185,188,188,188,188,188,189,190,189,190
210,211,214,215,214,212,210,210,210,210,209,210,211,212,212,213,213,213,213,213,214,214,215,216
213,210,210,213,217,209,206,208,210,205,204,208,209,206,203,206,206,206,206,210,209,208,208,210
175,169,163,168,181,163,156,165,170,156,154,167,170,158,152,163,164,158,157,169,167,159,158,167
133,127,116,121,142,110,100,117,127,101,97,124,130,107,97,118,119,105,101,126,122,102,98,118
141,138,123,127,155,110,91,112,129,97,91,130,141,109,89,113,110,92,93,133,132,102,91,114
152,151,138,143,170,122,99,119,137,105,102,145,157,123,99,120,114,97,102,147,149,117,101,120
172,165,154,161,186,149,132,145,157,134,135,170,178,150,131,143,139,128,134,168,170,148,136,147
195,180,169,179,198,177,173,180,183,171,177,196,195,177,171,174,170,169,177,190,187,178,176,182
208,189,181,190,200,185,193,202,198,191,201,206,197,184,194,192,186,190,203,203,189,186,193,200
206,191,187,195,199,182,191,202,201,192,200,203,191,180,196,197,188,190,205,207,189,185,195,205
199,189,190,198,199,175,181,194,196,185,189,197,189,174,183,189,181,179,190,201,184,176,182,194
194,188,191,200,200,172,168,178,181,168,176,193,189,169,165,169,161,159,174,194,181,168,168,177
197,191,193,201,204,178,168,170,168,157,175,196,195,173,162,157,145,147,172,195,186,174,170,172
212,199,195,203,209,196,190,186,177,172,194,209,207,195,188,170,156,164,193,208,200,196,195,191
214,201,197,204,207,194,195,190,176,170,194,207,203,193,191,169,151,162,195,209,196,194,193,186
215,201,197,203,205,190,192,187,171,160,190,207,201,187,187,169,152,162,193,206,190,187,187,177
210,199,194,199,203,183,180,177,163,149,181,204,199,180,177,166,151,157,185,202,186,179,175,164
201,196,192,195,201,175,164,161,153,139,167,198,198,174,162,155,143,146,173,199,187,170,157,147
199,200,197,197,201,173,151,142,137,130,160,197,202,175,149,140,132,138,166,200,194,169,144,133
206,210,209,208,207,177,149,134,130,132,165,202,208,180,147,131,124,134,167,204,201,174,145,133
204,208,209,209,207,188,169,158,155,159,179,202,207,189,166,155,150,157,178,202,201,185,168,161
204,206,209,210,210,204,197,193,191,191,197,206,209,203,194,190,188,189,196,205,205,200,195,194
214,215,217,219,220,218,214,211,210,210,211,216,218,216,211,208,207,207,211,216,215,212,209,209
