75,66,49,31,18,10,11,21,38,66,100,110,91,63,57,59,63,67,73,84,90,94,93,88
60,45,27,15,9,8,12,21,40,73,111,113,82,46,41,47,53,57,62,73,85,93,94,90
35,21,9,4,3,7,13,22,42,76,117,116,78,36,29,37,43,46,49,59,78,90,93,90
16,9,4,3,4,8,14,24,42,74,114,117,81,38,28,33,39,40,40,50,72,87,90,88
10,7,5,5,7,11,16,25,42,71,112,118,87,44,29,34,40,41,40,47,68,84,90,89
9,8,6,7,11,15,19,27,43,70,112,121,91,47,29,33,42,44,41,43,62,82,93,96
12,10,9,10,15,21,26,32,46,71,113,124,96,52,29,32,40,42,40,42,61,82,99,109
17,15,14,16,21,25,29,34,45,70,113,126,101,57,29,29,37,42,43,48,66,85,105,120
21,21,21,22,25,26,27,29,39,65,111,128,104,59,29,27,35,45,52,60,75,91,108,125
26,25,24,24,25,24,22,21,31,57,107,129,107,61,30,27,37,49,59,68,84,95,108,123
31,30,27,24,22,18,14,13,23,51,105,130,110,63,32,31,40,51,62,72,88,96,103,116
30,28,23,19,15,11,7,8,18,46,101,130,111,63,32,32,40,50,61,73,91,95,98,110
24,21,16,13,10,7,4,6,16,43,97,129,112,63,31,32,40,48,59,73,92,95,96,107
16,12,10,9,7,5,4,5,15,40,94,129,115,67,34,36,41,47,55,72,92,97,98,106
8,6,5,5,3,2,2,4,12,36,88,126,119,78,46,44,45,46,52,70,91,99,100,104
5,2,2,2,1,1,1,3,11,33,84,127,128,92,56,49,46,44,48,65,88,99,101,102
7,3,1,2,1,1,1,3,11,32,82,128,137,105,64,52,45,41,46,64,88,101,103,99
12,6,2,2,2,2,1,4,13,34,81,131,144,112,66,48,38,36,46,69,92,104,104,97
18,9,3,3,3,3,2,5,17,40,83,133,146,113,60,36,27,30,47,74,96,105,102,94
26,14,6,5,4,3,2,8,21,45,86,132,142,105,46,22,17,25,44,74,95,101,97,90
33,19,8,5,4,3,3,9,24,48,87,130,138,100,39,15,13,26,50,79,94,95,89,85
37,21,8,3,3,3,5,12,26,48,84,125,135,99,37,15,27,61,95,109,98,86,79,78
41,24,10,4,4,6,8,15,28,46,77,119,132,99,39,30,72,128,159,141,98,73,69,73
45,29,13,7,8,10,12,17,28,44,73,115,131,100,43,53,123,191,203,152,89,60,63,73
