57,39,22,27,55,66,38,13,5,7,17,64,102,100,64,69,47,17,5,10,24,40,36,14
51,31,14,14,26,33,21,9,4,6,18,71,102,88,64,68,42,13,6,11,20,33,33,17
42,23,8,6,10,13,11,6,3,5,26,84,103,75,65,63,34,9,6,12,18,34,39,26
35,19,7,5,11,14,11,6,2,6,40,96,102,66,66,54,26,6,7,12,21,49,59,39
33,20,8,6,12,17,14,7,3,10,59,101,94,61,69,46,19,5,7,11,24,68,85,52
38,24,10,4,7,11,10,5,3,18,81,104,86,62,68,39,13,4,7,10,21,62,80,53
40,26,11,3,3,5,5,3,7,30,97,99,75,63,62,29,8,3,7,11,15,40,55,42
33,22,10,3,2,1,3,3,12,48,109,92,66,62,52,20,4,4,12,22,31,44,47,37
23,17,11,8,9,11,11,7,19,65,111,85,61,61,41,14,3,7,22,51,81,90,72,42
14,15,16,22,35,46,38,20,25,72,98,74,59,61,34,11,4,13,39,89,144,156,114,58
10,13,25,49,85,110,86,43,29,67,76,62,57,56,28,11,11,27,56,91,134,165,141,78
9,12,30,66,112,138,105,51,24,48,54,54,57,55,32,21,19,34,61,82,105,139,132,80
13,13,28,62,101,116,85,39,16,30,40,51,57,52,37,30,24,31,53,72,87,106,101,68
19,16,23,42,64,65,43,19,9,20,36,52,55,45,34,30,21,19,36,65,85,87,72,54
25,20,19,25,31,25,15,6,5,18,37,53,50,33,22,18,10,7,20,56,85,87,69,54
28,26,22,21,20,15,10,5,6,17,38,51,43,22,11,7,4,2,14,50,83,86,71,57
29,29,27,25,24,26,27,20,11,18,41,49,35,13,5,2,1,1,12,47,79,86,73,61
32,32,30,29,32,41,49,37,16,18,43,45,27,7,2,1,0,1,12,45,77,86,76,65
38,35,33,32,35,47,60,45,17,18,42,40,21,4,0,0,0,2,11,43,76,87,79,68
40,39,36,33,31,42,59,43,14,18,42,34,15,2,0,0,0,1,10,40,77,89,83,74
38,40,41,37,30,43,55,38,12,21,43,31,10,1,0,0,0,0,9,38,76,89,83,76
32,37,43,43,38,49,51,31,11,21,37,24,7,1,1,0,0,0,9,37,75,88,81,73
26,33,42,48,48,52,46,27,11,16,24,15,4,1,1,0,0,0,8,35,73,85,79,72
22,31,41,48,51,49,41,25,11,10,12,7,3,1,1,0,0,0,8,34,71,83,78,77
