61,61,61,60,59,56,54,51,49,51,57,62,63,64,66,67,68,70,71,71,74,78,68,45
59,59,59,57,56,54,52,49,47,48,55,60,63,66,69,71,72,72,73,73,75,79,70,47
57,57,56,54,52,51,50,46,44,45,52,57,60,64,67,69,69,68,67,67,67,71,63,43
55,55,53,51,49,49,48,44,41,43,49,52,55,58,60,59,58,57,55,53,54,57,50,34
54,53,50,48,47,47,46,43,40,40,46,49,50,51,51,49,47,45,43,42,43,45,39,27
52,51,49,47,46,45,45,42,39,38,44,49,52,52,52,51,49,46,44,43,43,44,38,26
51,50,48,46,45,44,43,41,38,36,42,49,53,54,54,54,53,51,49,48,48,50,44,30
50,49,48,47,45,43,42,41,38,36,41,48,52,54,54,55,54,52,51,50,51,53,47,32
49,48,48,47,46,43,41,40,38,36,41,46,50,51,52,52,51,50,50,50,50,52,45,30
47,47,47,47,46,43,41,39,37,37,43,47,48,49,50,49,49,49,48,48,48,50,44,30
45,45,46,46,44,42,40,38,36,38,44,46,47,47,48,47,47,47,46,45,44,46,41,28
43,43,43,43,42,40,38,36,35,37,42,44,45,46,45,45,45,45,44,43,42,43,37,25
40,40,40,40,40,38,36,34,34,35,40,41,43,44,43,43,43,43,42,42,42,42,35,23
37,37,37,37,37,36,34,33,32,34,38,39,40,41,41,41,41,41,41,42,42,42,35,22
34,35,35,35,35,34,33,31,31,32,36,38,38,38,38,38,39,39,40,40,40,41,34,21
32,33,33,34,33,32,31,30,29,31,35,36,36,36,36,36,37,38,38,38,38,38,31,20
30,30,31,31,31,30,29,28,27,29,32,33,33,33,33,34,35,36,36,35,35,35,29,18
28,28,28,29,28,27,27,26,25,26,29,30,31,31,31,32,32,33,32,32,32,32,26,15
26,26,26,26,25,25,25,24,24,24,26,27,28,29,29,30,30,30,29,29,30,29,23,14
24,25,25,24,23,22,22,22,22,22,24,25,27,27,27,27,27,27,27,28,29,28,22,13
24,24,24,24,23,23,22,22,22,22,23,25,26,26,27,26,27,27,27,26,28,27,22,13
24,24,24,24,24,24,23,23,22,22,24,25,26,26,27,26,27,27,27,27,28,28,23,15
28,28,28,28,29,29,29,29,28,29,31,33,35,35,36,36,37,38,40,41,43,44,42,38
33,34,34,34,36,37,38,38,38,40,44,47,50,51,52,53,54,56,60,62,65,69,71,72
