85,78,68,59,54,56,59,61,62,63,68,70,68,67,74,71,61,60,72,86,88,97,91,68
84,79,69,61,60,63,63,63,63,65,69,68,64,62,67,63,56,54,58,61,65,77,81,70
85,81,73,68,69,71,68,64,63,67,75,77,73,67,64,55,49,46,45,44,49,58,68,75
92,95,91,83,77,77,73,67,62,68,79,86,83,73,59,48,42,39,37,41,45,46,54,70
103,120,124,107,86,82,78,71,64,67,76,80,78,68,50,41,39,36,33,41,44,41,43,52
109,131,138,118,91,86,82,73,64,65,73,75,72,65,50,42,39,37,35,41,44,44,43,46
118,142,151,134,104,90,84,76,68,67,76,81,79,69,51,44,42,40,37,38,43,45,44,43
127,151,165,155,127,101,92,85,76,71,80,88,89,78,55,50,49,46,40,36,41,45,46,44
132,150,169,173,157,123,109,101,89,77,83,93,96,86,61,57,56,53,47,42,47,51,52,49
133,134,153,177,182,149,131,119,102,81,87,97,99,87,61,57,60,61,59,60,72,75,69,62
147,136,144,168,180,153,134,118,98,79,85,92,92,79,54,46,56,67,74,88,121,128,109,88
154,143,144,155,161,131,109,94,82,74,81,84,78,64,43,35,48,66,85,118,158,164,141,116
150,152,147,141,137,105,83,70,66,69,81,80,68,52,36,31,43,62,89,135,169,172,153,136
142,155,145,123,111,88,71,59,56,67,84,81,64,46,33,32,39,54,81,127,155,152,140,138
139,145,127,94,76,73,69,61,58,70,86,79,61,43,30,28,31,40,61,96,123,119,111,120
142,141,116,82,62,60,57,63,82,102,97,75,51,37,31,25,23,27,41,64,81,81,82,95
129,132,112,78,58,53,49,64,99,130,110,75,48,35,32,29,27,27,30,40,49,54,58,66
94,105,97,74,57,51,49,66,101,132,110,77,53,45,48,53,58,55,44,36,37,42,47,50
54,66,71,66,57,53,55,69,92,112,103,83,68,67,82,99,110,102,75,49,42,44,48,51
47,53,58,59,59,56,57,63,77,98,117,110,94,93,120,148,151,126,86,57,48,47,51,57
60,57,59,63,62,53,47,49,67,102,139,135,110,104,145,184,180,140,90,56,44,40,39,41
91,76,69,69,63,52,42,44,67,110,141,132,107,104,147,194,195,152,91,55,47,38,29,25
132,103,82,73,65,55,46,48,67,101,113,104,94,105,147,184,181,139,84,55,47,37,25,18
162,124,90,75,67,58,53,55,64,77,76,73,84,114,158,172,148,106,69,54,42,32,23,19
