115,101,87,84,93,98,94,88,87,92,95,88,93,106,101,94,88,81,74,72,75,87,98,100
128,115,97,85,87,97,101,101,102,113,132,123,116,118,109,106,102,96,88,81,73,81,95,101
107,105,95,81,72,80,88,93,96,104,134,138,128,113,92,88,90,91,86,74,60,62,74,81
65,72,76,70,57,57,60,66,71,75,98,117,116,93,63,57,63,69,65,52,43,49,59,63
41,46,55,58,50,46,43,45,53,60,65,83,90,76,53,50,53,53,46,37,40,59,72,68
51,57,61,62,60,58,56,57,61,64,63,69,74,70,59,60,62,61,58,53,57,66,70,66
58,59,59,58,60,60,59,58,58,62,63,67,70,69,66,69,71,71,71,70,71,71,70,67
60,57,56,57,58,59,61,60,59,62,65,68,70,70,72,73,73,74,78,79,78,76,73,70
62,58,59,62,62,63,67,70,71,69,70,71,70,70,74,73,71,73,79,80,78,77,76,73
68,66,67,69,70,72,77,81,82,79,76,75,74,72,71,72,72,74,77,75,75,75,75,74
71,71,72,72,71,72,75,77,78,78,76,76,74,71,68,70,71,74,75,72,72,72,73,74
67,68,70,71,70,72,74,75,74,73,73,74,72,69,66,67,68,68,68,66,66,66,67,67
65,64,65,66,67,68,69,69,68,66,67,68,68,66,63,63,63,62,60,59,61,62,61,61
66,64,62,63,64,63,63,62,62,61,60,61,62,62,60,60,60,60,58,58,61,62,61,60
66,65,66,67,68,66,66,67,65,61,58,57,56,57,59,62,64,65,65,63,65,68,68,65
70,70,71,72,72,70,70,69,66,62,64,63,61,59,62,65,64,62,61,60,63,67,68,66
68,68,69,70,71,72,71,69,65,63,63,64,61,58,56,58,58,55,54,56,60,61,60,58
64,63,62,63,65,67,66,64,63,64,61,59,58,56,54,55,55,53,52,55,59,60,57,54
62,59,56,55,55,57,56,57,58,61,58,56,55,56,60,62,61,59,56,56,62,65,63,59
58,57,55,54,52,51,49,48,49,53,55,56,57,60,66,66,67,64,59,58,62,64,63,61
59,58,55,54,54,49,47,48,52,55,55,59,63,65,64,61,62,62,60,61,63,64,64,64
62,60,57,55,55,53,51,53,57,59,59,62,65,66,63,61,61,61,62,64,65,65,65,66
63,62,60,58,58,59,60,60,61,63,64,64,64,66,67,68,65,63,65,67,66,64,64,65
62,63,63,62,61,64,66,66,65,64,67,64,63,69,74,73,69,67,69,69,63,61,62,63
