106,99,130,172,180,165,112,90,101,105,134,161,173,158,116,89,88,100,119,162,176,170,129,73
107,102,133,173,180,165,111,88,99,105,133,162,174,159,116,88,87,100,122,163,177,169,127,71
108,98,116,146,151,141,98,84,97,101,117,138,148,137,103,85,87,96,109,140,151,143,109,66
108,91,93,109,114,109,82,80,96,96,98,107,113,107,87,82,90,92,89,108,115,110,88,60
105,89,91,104,108,104,80,80,98,97,98,104,109,103,85,82,92,93,86,102,108,104,85,59
106,97,117,149,156,146,101,85,98,101,122,145,155,144,108,88,91,99,112,147,158,148,112,67
106,100,129,167,173,161,108,88,101,104,133,161,174,161,117,91,91,103,123,164,176,166,124,71
107,97,121,154,157,146,100,88,103,103,127,151,163,151,110,90,92,101,115,150,162,155,119,70
107,91,100,122,122,114,85,85,103,99,113,135,146,132,97,87,93,95,96,119,128,125,99,64
105,85,85,97,96,92,73,83,104,96,108,138,153,135,96,87,93,90,81,95,104,101,80,56
104,94,113,140,143,135,96,87,104,111,151,186,195,175,135,103,96,98,106,136,146,138,104,62
103,99,129,167,172,162,111,90,106,131,185,211,213,198,165,119,100,103,123,162,173,163,122,68
104,99,129,168,174,165,112,88,110,153,204,221,220,211,187,140,108,102,123,164,176,168,126,71
106,96,113,142,147,141,99,85,119,173,213,224,225,222,207,172,128,102,109,142,153,146,112,69
112,94,89,97,98,96,82,92,135,191,218,222,221,223,220,210,163,113,91,101,104,100,85,65
141,129,124,124,123,122,118,129,157,192,205,193,184,192,210,223,194,148,116,113,112,111,108,103
161,158,157,156,154,151,154,167,184,187,175,152,137,142,170,201,205,182,152,141,139,139,139,141
146,147,147,146,146,153,166,181,184,165,144,131,120,114,125,151,175,181,165,149,141,138,138,140
103,104,103,105,116,137,158,164,152,132,130,142,143,127,108,104,120,139,144,132,118,107,102,99
75,78,87,106,132,148,147,136,128,129,143,165,176,166,139,109,95,98,111,122,118,100,80,69
84,100,119,134,141,136,131,131,138,149,158,175,186,181,161,137,118,104,97,102,113,117,107,93
121,131,136,134,131,130,136,144,152,157,160,174,183,179,163,152,142,129,113,104,102,107,113,116
142,139,131,125,125,137,151,159,159,157,157,170,179,174,160,154,151,146,139,127,110,100,102,111
129,122,122,129,135,147,158,163,161,157,157,169,177,173,163,157,150,147,150,149,137,117,98,87
