99,70,57,47,25,61,110,135,141,152,138,106,116,150,126,103,103,109,104,87,106,110,94,76
119,77,53,44,25,47,80,105,122,138,125,102,114,142,118,111,118,127,118,78,91,106,102,86
157,120,95,80,55,49,60,77,98,119,120,107,109,121,113,118,124,125,114,76,77,92,98,90
191,166,146,129,98,68,59,63,74,93,124,118,101,99,113,117,112,103,95,82,70,75,88,96
197,168,147,136,117,86,69,60,53,60,120,122,97,89,111,103,91,83,83,91,70,68,88,111
154,130,106,87,74,87,100,84,52,42,95,118,109,92,97,85,72,68,75,95,93,91,93,98
105,101,83,62,57,101,115,86,44,34,68,112,127,110,91,83,69,55,55,83,111,106,87,79
99,115,107,81,72,117,121,85,42,32,49,96,126,119,100,97,81,59,48,74,115,110,82,69
122,144,144,120,105,131,127,90,50,42,47,80,108,114,109,110,94,69,59,81,118,118,93,74
126,133,142,142,130,140,131,97,65,67,65,78,94,101,99,107,92,72,74,106,134,140,118,89
121,127,139,140,125,125,107,79,66,81,75,75,84,92,91,107,103,96,110,141,145,138,120,98
139,146,144,127,103,93,89,89,96,108,84,76,81,86,86,107,108,111,132,149,132,116,107,102
158,162,150,125,102,94,98,111,122,116,78,69,75,79,79,93,104,123,151,157,127,98,87,93
156,160,156,142,129,128,121,118,113,89,58,57,65,70,70,71,93,128,160,165,139,98,73,75
128,145,160,163,156,148,124,95,68,48,47,53,57,60,68,61,82,114,135,148,143,108,75,69
112,113,120,133,148,155,136,99,65,51,62,70,66,62,73,71,97,118,117,123,133,112,80,66
97,83,74,87,116,128,120,96,72,66,71,72,68,66,76,73,94,107,98,99,114,108,87,72
91,66,47,54,83,90,88,85,84,85,76,67,65,71,76,62,67,76,78,88,100,101,91,80
97,70,49,53,70,63,59,72,93,99,80,62,64,78,74,50,39,43,62,95,99,95,90,85
113,89,74,73,74,55,45,56,81,95,74,57,62,77,69,54,44,46,69,114,105,89,84,88
114,97,82,76,71,55,54,60,70,82,81,75,73,74,70,70,61,54,71,121,116,86,70,80
110,91,74,68,67,66,69,63,56,69,84,85,78,72,77,84,71,58,70,118,127,93,64,67
99,77,62,60,61,70,76,62,46,56,70,75,70,67,78,82,69,55,63,101,121,94,61,56
86,65,57,57,52,62,73,61,42,44,49,56,58,60,70,67,60,51,52,80,100,83,58,52
