117,127,131,130,130,129,124,131,150,168,184,208,214,195,173,145,140,166,188,135,119,102,87,85
110,122,125,121,122,125,129,139,154,166,174,189,189,174,166,152,140,145,152,111,94,84,84,92
93,112,121,118,120,128,136,147,157,162,165,168,167,158,148,150,145,131,112,87,68,60,64,76
76,101,118,120,121,130,135,137,138,134,131,131,132,128,111,121,127,110,77,64,50,43,48,58
64,88,109,112,106,112,108,99,86,70,62,63,68,69,58,63,67,59,43,41,38,42,53,63
47,62,72,69,56,50,42,35,29,21,24,27,27,29,31,26,21,24,30,30,45,54,55,51
21,25,27,24,17,17,28,39,38,28,52,59,44,27,35,32,20,24,44,48,54,65,72,70
13,14,17,18,17,29,54,69,61,44,69,88,75,47,43,45,29,24,42,50,53,71,89,94
31,36,47,51,47,66,87,91,75,53,59,86,91,66,44,49,36,26,33,38,47,71,96,108
60,70,86,90,81,93,98,95,85,68,53,75,87,70,45,51,48,48,53,43,51,69,92,110
73,74,80,86,87,93,91,87,83,77,72,87,88,67,49,48,46,53,65,56,53,63,81,98
81,76,74,78,83,87,85,82,78,72,73,91,97,80,57,44,39,44,54,53,49,55,70,83
86,79,71,72,79,79,73,68,64,59,62,89,105,91,55,35,32,35,39,46,46,47,55,65
85,80,72,71,78,71,56,49,49,47,50,83,107,92,45,26,28,34,39,47,47,40,39,49
74,79,81,80,77,65,49,44,48,47,47,75,99,90,47,24,28,41,51,56,52,40,35,42
84,90,98,99,89,77,66,59,55,50,48,60,72,72,49,28,33,45,50,53,54,52,50,49
86,84,93,102,99,97,92,84,73,60,52,51,55,57,49,32,32,44,58,67,60,55,54,53
70,60,67,83,92,102,106,99,86,73,58,49,46,48,50,38,29,38,62,79,65,55,52,52
54,45,46,59,75,92,102,97,86,83,70,55,46,46,52,46,30,29,51,70,67,58,51,48
72,75,71,70,82,91,99,94,84,85,87,78,61,49,51,48,34,22,26,50,69,62,47,44
99,104,104,103,106,102,96,97,99,98,95,80,58,44,49,50,41,33,41,77,97,83,61,54
96,106,115,119,118,108,90,90,103,107,103,85,62,45,46,48,50,56,72,97,108,90,65,56
68,82,103,118,118,111,91,87,98,104,106,95,72,48,41,47,65,84,93,94,103,89,70,63
44,57,86,112,117,114,102,96,97,96,102,102,81,49,36,51,83,101,94,81,95,94,84,81
