41,46,45,36,25,27,58,105,139,135,118,110,108,109,112,109,85,50,23,17,20,23,22,18
48,54,60,57,43,31,35,64,105,132,129,120,114,113,115,105,74,40,20,18,23,25,22,19
51,60,72,77,65,41,26,32,60,100,124,129,124,120,117,95,58,27,17,21,27,27,25,25
51,62,76,84,79,55,35,24,30,56,94,119,126,123,113,80,42,20,17,24,30,30,32,38
56,62,74,85,86,67,44,30,26,32,56,90,114,117,98,60,30,18,20,28,32,34,44,60
60,67,79,90,90,75,54,38,32,34,56,88,108,104,78,43,23,20,26,34,37,43,61,85
61,67,81,93,94,79,62,49,42,41,61,99,120,105,62,31,20,24,33,41,44,55,77,101
61,65,78,92,96,84,68,57,51,48,60,96,117,97,47,24,22,31,42,49,53,68,91,108
61,63,73,87,95,88,72,60,56,54,57,81,93,74,35,22,29,42,52,57,66,84,103,113
60,62,70,82,93,90,74,61,55,57,62,72,69,48,25,25,39,54,61,66,80,100,115,119
62,61,65,76,89,90,78,64,55,56,60,61,51,33,23,35,54,66,70,77,94,113,122,120
64,63,64,71,82,89,82,69,59,57,57,50,37,25,28,50,69,77,78,85,95,105,112,115
66,66,66,69,77,86,82,72,63,60,54,42,28,25,40,70,83,84,84,88,82,81,90,103
65,67,67,69,74,82,79,71,63,60,51,35,24,31,60,89,93,88,87,84,63,55,67,87
60,63,66,68,72,77,76,70,63,59,46,30,25,42,81,100,96,88,86,76,50,44,60,78
59,60,60,61,65,71,75,72,64,55,38,25,29,56,96,103,95,89,86,71,46,39,52,70
63,63,60,58,59,64,70,71,64,48,30,22,37,70,102,101,94,89,82,65,49,44,53,69
67,66,64,61,58,60,65,67,60,39,23,24,47,81,102,98,93,87,77,62,53,51,60,73
67,66,66,65,63,62,64,63,52,30,19,30,59,89,99,94,90,84,73,60,56,57,65,77
69,66,66,66,65,65,66,60,44,22,21,42,74,97,97,91,87,82,70,60,57,58,67,80
76,71,68,67,66,65,66,58,40,22,30,57,85,98,92,85,83,78,68,60,57,58,66,78
80,78,74,69,67,66,66,55,38,28,43,70,91,96,86,82,80,75,65,59,57,58,64,73
71,77,79,74,70,68,65,52,38,40,57,80,93,90,79,79,80,76,65,57,55,56,62,69
53,69,81,80,73,70,63,50,40,50,67,87,93,84,73,77,83,80,67,55,52,54,60,67
