126,135,133,120,109,107,110,112,113,118,128,141,152,158,158,155,149,142,135,130,127,129,143,161
118,129,129,117,107,105,111,119,125,129,137,147,155,159,156,153,147,141,134,127,123,127,143,162
106,122,128,120,110,105,113,129,142,140,142,149,154,155,150,147,143,137,130,122,117,123,143,164
99,116,128,125,115,107,114,132,146,142,141,145,149,147,140,137,134,130,124,116,112,122,146,171
100,113,124,124,115,109,113,123,130,132,138,143,144,138,128,125,124,121,116,110,109,124,153,183
103,112,119,118,110,106,109,114,116,119,127,143,153,146,122,116,116,115,111,106,107,125,157,188
114,111,111,111,105,103,105,107,108,109,114,133,156,159,125,114,117,121,117,112,115,133,163,188
136,114,104,106,103,101,102,103,103,104,105,119,141,151,127,122,129,135,132,128,131,148,172,190
154,122,105,108,108,105,101,100,100,103,105,111,122,131,127,133,143,150,150,146,147,160,179,193
153,133,120,119,119,113,105,100,100,103,110,117,122,125,128,140,150,158,159,155,150,158,174,184
162,150,140,133,126,118,112,107,106,109,116,124,130,130,130,138,148,156,158,151,143,144,150,155
173,162,150,140,128,123,120,116,112,113,116,121,124,125,125,129,138,146,149,142,132,131,139,145
179,166,151,138,125,122,123,120,115,111,110,112,115,116,117,123,128,133,137,132,121,126,141,151
177,164,149,134,119,115,116,116,112,107,103,105,107,108,108,119,124,124,126,125,115,127,149,160
174,161,146,132,117,108,106,108,109,105,99,99,102,102,100,113,126,128,123,121,113,129,152,163
171,155,140,129,119,110,105,106,108,107,99,97,95,91,83,88,111,132,136,123,112,128,153,162
168,150,132,123,117,110,105,104,107,107,101,95,88,81,74,70,87,119,144,133,113,127,153,159
167,144,123,115,113,108,104,103,105,105,102,96,89,84,81,72,70,92,128,136,117,129,151,155
166,139,117,111,110,107,105,106,106,105,103,101,98,98,100,90,72,70,95,126,124,136,151,151
165,139,118,113,115,115,116,116,116,113,109,108,107,106,108,106,92,79,82,109,131,153,161,151
129,123,121,124,126,127,128,129,133,138,137,126,116,111,109,111,109,102,97,101,120,154,171,161
86,91,106,123,131,132,134,145,162,174,168,144,124,115,109,112,119,125,122,110,113,136,160,166
57,65,82,105,125,133,143,164,187,194,179,154,134,126,119,114,122,136,143,133,125,133,152,168
52,58,66,83,112,136,155,179,196,187,170,155,146,141,133,119,120,136,153,152,150,153,162,172
