11,4,0,3,10,13,6,5,22,55,66,65,64,62,45,28,20,45,88,93,70,60,78,105
15,6,1,5,14,17,7,4,23,60,73,73,72,70,55,33,17,30,65,74,59,54,67,87
19,9,3,7,16,19,8,3,21,62,78,77,77,77,64,39,16,16,37,49,47,46,61,84
23,11,4,7,16,19,9,3,19,59,78,77,77,79,68,44,19,8,16,30,40,47,68,101
25,12,4,7,18,22,11,3,18,58,77,76,76,78,69,48,22,5,5,19,42,59,84,115
31,16,6,9,21,25,11,2,18,56,75,76,75,76,69,51,25,6,2,12,46,73,88,94
35,17,4,9,25,27,11,1,16,54,76,79,77,78,72,54,28,7,2,10,47,77,86,82
40,21,7,12,29,31,13,1,16,56,80,82,80,81,77,58,31,10,3,10,48,78,90,88
48,32,20,24,37,38,21,10,23,63,88,87,84,85,82,61,35,14,4,10,47,81,97,99
56,50,45,46,52,51,39,30,40,75,98,95,89,89,84,63,37,17,6,11,45,79,99,103
68,66,64,64,64,62,58,53,60,87,107,101,92,92,90,70,41,18,11,17,48,81,103,110
85,85,84,82,80,81,81,79,83,101,116,106,95,94,94,75,48,27,22,29,54,83,104,114
103,102,100,97,98,101,104,105,107,117,125,110,96,95,96,79,59,45,42,45,62,84,104,115
113,111,108,107,111,115,119,122,125,128,127,108,93,93,98,84,73,66,63,62,70,86,104,115
104,105,106,108,112,115,118,120,122,123,115,93,80,85,99,92,84,78,75,72,75,88,105,117
70,75,80,85,87,91,93,96,99,101,92,75,67,74,88,87,83,78,73,70,75,88,105,118
50,54,57,58,57,60,62,65,70,78,77,68,65,70,78,76,75,72,66,63,66,80,99,115
50,52,51,49,47,50,50,49,52,63,70,69,68,71,73,68,66,63,56,54,53,68,93,112
64,65,63,59,58,62,61,54,51,60,68,70,71,74,74,66,59,52,45,45,42,59,90,112
78,77,73,67,65,69,68,62,59,68,75,76,75,75,75,63,49,40,36,37,32,54,91,115
90,88,84,80,78,78,77,73,70,77,82,82,79,77,73,60,51,46,42,35,25,51,94,120
102,100,97,94,92,89,88,85,83,86,89,87,83,79,72,62,58,55,49,41,33,60,103,128
110,109,106,104,102,99,99,97,96,97,97,94,89,84,79,74,71,67,60,56,55,79,114,136
111,110,109,108,107,106,105,105,105,107,106,102,97,92,90,87,83,79,75,74,74,94,123,141
