0,2,7,9,6,3,3,4,7,15,32,40,38,42,72,103,98,71,51,65,85,99,100,92
0,2,7,11,7,2,1,1,4,15,38,49,47,44,62,89,86,66,52,53,69,87,94,88
0,4,12,16,10,2,0,0,2,15,41,55,54,48,54,69,62,50,45,47,64,80,85,79
0,6,18,23,13,2,0,0,3,15,43,57,57,51,52,57,48,36,35,51,80,94,85,67
0,6,20,28,16,3,0,0,3,18,48,61,59,52,54,59,54,41,36,63,106,120,95,58
0,5,21,30,19,3,0,0,5,22,51,64,61,55,56,58,56,52,53,69,100,108,88,61
0,6,24,34,21,3,0,0,6,25,57,68,62,54,55,59,62,65,69,72,80,79,78,82
0,7,25,35,21,3,0,0,6,27,64,74,65,56,56,62,70,76,75,70,68,67,78,98
2,9,26,34,18,3,0,0,5,29,70,79,70,60,60,67,79,86,81,73,74,79,91,103
9,15,28,32,14,4,1,1,8,33,73,80,72,65,64,70,86,100,99,89,91,100,109,111
28,30,37,37,22,14,10,9,15,39,77,83,74,68,68,70,88,105,109,101,105,116,123,124
42,43,45,44,36,30,27,23,27,46,80,85,76,69,69,71,88,108,117,111,115,124,134,139
55,54,53,51,48,46,43,38,39,53,80,84,75,69,70,74,91,111,121,117,121,130,142,151
71,68,64,61,60,59,56,53,52,60,78,79,72,69,73,78,96,114,121,118,124,136,148,157
89,86,81,77,76,73,72,70,69,71,79,77,71,70,75,81,99,115,121,119,126,139,152,159
93,91,90,88,84,80,78,78,77,77,77,72,67,67,73,82,101,118,125,125,131,143,154,160
86,86,87,86,81,77,77,77,75,73,72,68,63,62,66,78,100,119,129,130,138,147,156,161
78,79,80,79,74,71,73,71,68,66,66,64,59,54,55,69,95,117,129,132,142,150,157,163
76,76,76,75,72,71,70,67,64,63,64,62,54,46,46,60,88,113,125,130,143,153,160,166
80,82,80,78,79,79,77,73,69,68,67,62,52,43,45,59,85,108,120,126,139,151,161,169
85,88,86,83,85,88,86,82,79,79,80,71,60,52,54,66,89,107,115,121,135,148,160,170
87,88,87,86,89,91,90,87,85,86,87,78,68,62,64,73,93,108,112,117,132,146,159,168
83,84,85,88,90,91,90,89,89,88,88,81,72,68,70,78,96,109,112,116,130,145,158,166
78,81,85,89,91,89,88,89,91,89,86,81,74,68,71,78,96,111,113,117,131,145,157,166
