115,138,141,126,121,143,145,126,116,143,158,154,149,148,135,100,79,71,67,65,71,84,96,100
118,136,134,120,125,146,140,120,114,141,154,152,152,153,135,107,93,89,85,82,83,92,98,97
120,132,127,118,131,148,131,106,104,136,148,151,156,157,131,108,100,100,97,92,91,95,96,89
117,125,123,122,137,149,123,92,89,126,142,151,159,156,122,102,99,101,99,94,93,95,91,82
104,113,119,127,144,153,122,84,78,117,134,151,161,150,112,97,97,101,100,96,95,96,91,79
91,99,114,133,152,160,126,86,79,119,131,151,158,139,104,96,97,99,100,97,96,97,91,80
77,84,107,138,159,163,127,89,83,120,135,153,152,129,102,98,99,100,98,95,95,96,93,87
71,77,106,143,163,162,123,86,82,115,141,156,148,121,104,103,105,102,97,95,96,97,96,93
72,82,113,149,165,157,115,81,77,107,145,158,143,118,108,109,110,106,99,98,99,100,100,98
77,98,128,154,165,151,112,83,82,108,148,154,136,115,110,112,113,110,104,103,104,105,104,102
97,126,150,160,162,149,118,96,98,121,153,147,126,112,112,113,113,111,108,109,109,109,108,107
107,138,160,165,163,153,125,105,108,133,156,142,120,111,113,114,113,112,113,115,113,112,112,113
110,141,162,165,164,156,129,109,115,143,154,136,118,113,115,116,113,113,116,117,115,115,115,116
110,141,160,162,162,156,129,113,122,148,146,128,117,116,118,117,114,114,117,118,118,117,116,116
111,144,163,162,159,154,130,118,129,149,136,121,114,117,119,117,115,115,118,120,119,118,117,116
109,142,162,162,160,154,132,125,137,149,131,118,114,116,117,116,114,115,119,121,121,121,121,119
108,141,162,163,159,153,137,136,146,145,125,117,116,116,115,115,114,116,120,121,122,123,122,119
109,143,163,163,158,150,141,146,152,138,120,116,117,116,114,114,114,117,120,120,120,121,119,115
110,143,164,164,159,147,145,153,153,130,117,115,116,115,113,113,115,117,118,118,118,118,114,108
108,140,161,162,158,143,145,151,145,121,115,113,114,115,112,111,113,116,118,120,119,116,109,100
110,141,162,165,158,145,152,154,140,119,115,114,114,113,110,109,110,113,115,118,119,113,100,87
112,143,164,164,154,146,156,154,136,119,118,118,117,113,109,109,110,110,110,111,110,100,83,70
114,145,164,161,148,149,158,150,130,120,120,122,120,115,112,114,114,111,108,106,102,88,70,60
115,145,163,157,145,152,158,145,124,119,120,122,120,117,119,120,118,115,111,108,102,86,69,60
