70,51,39,43,51,44,45,44,47,64,76,92,102,110,123,102,61,43,50,29,26,46,65,66
56,42,34,36,41,38,36,35,37,45,51,84,120,142,149,117,63,30,28,20,23,39,52,52
45,40,36,37,41,36,32,31,31,31,35,88,149,182,178,148,82,29,15,18,24,36,44,42
43,49,46,42,46,34,30,32,34,31,35,91,159,194,185,167,100,36,15,21,27,39,45,37
42,58,52,39,43,27,26,34,39,36,37,82,136,167,162,154,95,36,18,24,31,46,49,35
36,45,41,33,33,27,28,35,42,41,44,85,126,138,124,129,83,33,22,32,41,60,69,56
49,43,52,66,67,53,37,35,45,53,63,108,153,166,150,151,95,38,23,27,30,45,64,74
77,57,61,81,81,61,42,39,46,54,59,111,163,177,152,151,101,45,22,25,30,45,66,80
94,71,65,71,68,57,49,47,49,50,46,97,147,151,120,133,103,56,28,32,46,66,81,82
76,73,75,76,71,77,69,59,57,63,63,101,132,129,111,143,120,73,46,49,66,89,102,99
54,69,104,126,113,115,102,85,85,112,123,129,139,148,149,160,131,88,67,84,118,147,154,144
83,100,136,157,142,131,122,109,105,124,142,134,126,137,161,156,117,79,68,88,119,137,137,128
118,132,153,154,125,100,100,101,99,104,121,123,119,130,166,159,113,68,56,73,98,106,99,91
135,151,163,145,96,70,76,90,92,83,89,102,113,132,171,169,121,70,49,59,79,88,84,75
145,177,191,170,131,125,132,139,128,93,72,67,77,107,161,157,116,78,63,55,62,84,95,83
127,172,195,177,146,158,175,166,125,76,56,54,54,69,126,147,117,86,76,65,78,91,90,79
136,164,165,137,116,121,132,127,100,66,51,55,59,65,95,112,98,82,81,78,97,109,111,108
157,166,140,98,82,72,77,85,84,71,57,76,103,116,110,92,75,69,73,85,112,131,138,137
165,173,140,91,73,60,69,83,90,87,70,109,166,195,168,110,70,54,57,78,112,133,139,140
160,169,141,98,83,72,83,97,104,103,85,130,193,225,208,152,91,55,49,53,73,86,103,124
154,166,142,104,91,82,93,108,122,130,128,153,184,196,183,172,118,65,46,52,91,104,109,125
152,164,143,107,96,91,104,123,144,167,183,195,192,174,157,180,150,98,68,71,103,109,109,125
151,163,141,104,94,93,107,129,157,190,212,223,211,181,158,177,164,130,104,107,126,122,117,130
149,163,137,97,87,87,100,123,153,186,203,217,219,203,177,168,155,138,128,141,167,157,139,143
