50,47,48,53,56,49,46,57,74,86,97,99,106,117,119,122,122,121,117,105,113,118,120,122
45,43,42,44,47,46,44,47,55,68,90,101,105,103,96,102,108,111,108,85,86,90,90,85
43,40,43,57,75,72,58,47,49,68,92,97,86,72,66,74,78,79,77,59,56,57,56,53
43,40,48,75,106,92,67,49,53,81,95,89,69,51,53,62,56,49,47,43,41,39,40,41
42,40,46,67,90,68,47,38,50,79,84,80,72,65,66,76,61,44,42,40,43,44,42,41
45,43,41,43,49,42,37,36,42,55,61,67,77,87,85,84,63,44,40,40,43,43,40,37
43,42,39,35,34,35,35,38,42,47,59,70,87,101,98,77,53,40,39,37,40,41,40,38
40,39,37,38,48,58,55,51,51,56,77,90,97,97,89,70,52,42,40,36,37,37,38,40
36,36,35,48,81,99,89,70,59,67,95,108,101,84,76,74,59,45,40,38,42,41,41,45
34,33,37,65,119,132,114,80,58,68,97,102,89,76,84,85,63,43,40,43,57,58,56,60
38,33,43,79,128,129,107,80,69,84,96,86,67,61,82,85,70,64,71,67,82,82,75,74
48,52,74,106,129,120,99,79,72,80,75,64,60,70,87,95,90,92,102,94,104,103,88,70
58,80,108,125,125,115,94,75,67,67,62,65,75,88,98,107,105,102,105,103,113,113,94,70
69,101,123,125,119,113,93,74,63,64,73,85,92,94,104,113,107,95,91,101,115,112,93,75
91,112,118,111,108,105,98,84,75,82,96,93,84,82,99,108,105,100,101,109,119,108,86,69
120,127,124,115,109,99,96,91,89,100,98,95,94,92,91,99,106,106,101,104,115,108,94,89
131,130,122,115,114,105,104,106,109,113,97,92,95,95,84,90,101,96,81,90,101,105,108,113
133,128,120,115,115,104,102,112,122,116,96,88,86,84,83,93,99,87,67,79,80,92,112,124
132,125,120,116,108,87,86,103,116,106,93,86,76,71,88,103,100,82,69,78,63,76,102,116
124,120,116,110,99,76,81,95,97,80,78,82,77,71,89,93,79,64,62,76,64,74,94,100
116,115,108,97,80,61,62,66,61,51,53,58,61,63,70,58,48,41,40,47,47,64,83,89
99,102,91,70,53,46,45,42,36,34,35,38,41,45,47,39,41,43,39,34,34,50,69,75
80,88,75,48,35,37,35,31,28,29,29,30,31,33,35,38,45,49,44,36,31,38,49,54
70,81,69,45,34,37,34,30,29,30,31,33,34,35,36,41,43,42,40,39,33,31,33,35
