219,217,223,230,227,219,224,224,220,226,235,237,236,232,229,231,237,242,235,200,143,97,71,59
224,225,230,235,235,230,231,224,215,223,235,238,237,233,230,235,240,238,218,168,117,87,72,64
175,185,198,208,215,219,224,220,215,224,237,240,239,238,236,238,232,211,172,124,88,69,58,50
98,112,126,136,147,159,174,184,190,202,212,217,219,222,221,214,193,157,116,84,63,48,36,30
47,54,52,47,52,66,84,103,120,133,142,152,161,163,161,148,121,94,73,55,39,27,22,24
36,35,29,23,25,32,38,45,55,66,72,81,86,84,79,77,71,62,52,36,25,20,25,34
59,50,38,30,29,32,30,29,31,36,38,42,45,45,42,41,42,39,33,25,23,26,43,65
90,81,68,60,57,59,53,49,47,48,43,40,39,39,37,33,31,30,29,31,41,60,93,127
133,127,119,112,108,101,95,97,99,90,71,68,70,69,65,57,52,53,60,71,93,123,161,192
192,186,181,177,168,147,145,161,170,142,109,118,135,136,131,122,117,120,132,151,177,198,212,217
210,204,190,179,178,185,200,216,216,195,178,192,208,210,209,205,204,205,209,215,220,221,219,218
214,199,179,166,165,173,196,210,211,206,206,216,226,230,228,224,221,218,215,216,216,217,218,219
214,200,190,186,178,159,153,151,152,160,167,171,178,184,178,173,167,159,154,160,182,206,222,226
216,212,218,221,202,155,111,88,87,96,101,100,105,112,106,102,96,90,87,100,145,190,216,220
216,215,211,198,169,132,100,83,81,84,85,79,79,85,86,81,83,86,87,97,129,158,173,175
168,162,146,125,108,102,95,90,93,104,99,93,94,97,88,77,74,76,78,80,87,94,98,97
117,115,107,101,105,114,117,112,109,112,96,87,85,83,77,74,77,81,83,78,76,74,72,71
101,104,107,113,124,132,132,120,103,93,79,72,70,69,71,81,87,90,88,82,79,79,80,80
112,114,114,115,117,117,113,97,75,61,62,65,70,74,80,92,94,90,84,80,79,85,90,90
91,89,84,78,74,73,69,64,60,59,62,66,72,77,78,84,85,85,84,79,78,88,94,89
77,77,75,71,69,69,69,67,64,61,67,79,91,94,84,84,85,85,83,75,74,85,92,86
71,74,75,75,78,81,82,78,71,65,69,85,101,102,85,79,78,79,77,72,74,81,84,77
71,71,72,75,80,89,93,91,85,76,73,84,98,102,85,74,70,70,72,73,78,81,78,74
73,69,67,68,73,86,96,103,103,92,80,81,92,99,88,73,67,67,70,77,85,83,79,79
