23,22,23,24,24,25,25,25,26,28,31,48,87,127,126,79,44,32,32,33,33,33,35,36
20,19,20,21,21,22,22,23,24,26,30,56,109,161,160,95,46,29,30,30,30,32,34,34
17,17,17,18,18,19,18,19,20,24,40,76,123,155,140,78,37,23,23,24,24,26,27,26
20,19,20,21,21,20,20,20,22,32,69,120,148,136,91,48,28,22,22,22,23,23,23,22
28,29,30,31,31,29,30,30,32,46,107,172,192,150,76,43,33,33,32,32,32,32,32,32
31,33,34,34,34,33,34,35,36,46,89,144,163,129,67,43,37,38,39,39,39,40,41,41
33,34,35,35,34,35,36,36,37,41,59,85,95,79,51,41,40,41,41,41,42,44,55,68
34,35,36,36,38,39,39,38,38,39,42,48,50,47,43,42,42,43,42,42,43,48,71,104
35,36,38,45,59,66,55,44,40,40,41,41,41,42,44,44,44,44,44,44,46,57,89,128
37,38,42,64,106,125,91,55,41,41,42,43,44,45,47,46,45,46,46,46,52,78,112,134
40,41,47,76,126,150,107,62,43,43,43,46,48,50,49,47,47,48,48,49,59,101,149,171
44,50,72,103,125,118,85,57,46,46,47,50,52,51,50,50,50,51,51,52,58,85,117,135
47,62,105,143,135,90,62,51,49,49,50,52,53,52,51,51,52,53,53,54,56,63,73,82
49,66,115,155,141,83,56,50,51,52,52,53,54,54,55,55,55,55,56,56,56,56,56,57
50,56,76,94,91,65,54,52,52,54,54,54,57,63,70,69,62,57,57,58,58,58,58,58
52,52,57,61,59,54,53,53,54,56,56,55,64,90,126,118,86,62,59,60,60,60,60,60
55,53,53,53,53,54,55,55,55,56,57,58,73,108,152,140,96,64,61,61,61,61,61,61
56,54,53,54,55,56,56,55,54,54,57,66,97,137,155,126,86,62,61,61,61,60,61,62
52,50,49,50,52,53,51,49,49,50,52,72,121,166,151,94,63,56,56,57,56,56,57,58
42,41,41,42,43,43,42,40,41,42,43,59,100,139,127,75,49,45,46,46,47,46,46,48
48,48,48,48,49,49,49,49,49,49,50,56,70,85,81,62,53,51,52,53,52,52,52,53
53,53,53,53,55,62,76,80,69,57,55,56,58,59,60,58,58,57,58,58,58,58,58,58
56,56,55,55,59,79,114,120,92,62,57,57,58,58,58,59,59,59,59,59,59,59,60,60
58,57,56,57,64,94,142,147,107,64,57,57,58,59,59,59,59,59,59,59,59,59,59,59
