117,110,81,54,62,98,100,72,49,60,53,45,60,80,63,51,53,60,61,52,53,48,39,32
115,106,87,68,69,99,107,85,58,56,60,56,63,76,70,49,51,60,61,56,55,50,43,38
112,97,85,85,94,106,99,79,60,52,58,65,68,69,73,50,48,58,60,50,43,41,44,49
108,89,80,96,122,119,91,65,52,50,53,69,72,63,64,52,45,51,60,44,33,33,44,59
103,89,82,99,132,134,102,65,46,49,54,70,75,63,46,53,44,43,57,51,42,38,46,58
91,93,99,110,125,127,107,85,68,51,56,72,82,69,37,47,50,47,47,47,46,40,39,46
87,91,105,116,114,106,106,105,91,64,55,69,81,72,43,39,45,51,51,46,43,39,35,33
95,92,106,119,105,92,96,104,99,78,63,68,77,76,58,41,39,48,56,49,43,40,34,24
108,99,113,124,106,94,89,88,86,81,78,76,78,81,76,53,39,42,53,57,51,42,33,23
106,111,127,135,120,106,98,77,58,67,87,92,89,88,89,65,46,39,48,74,65,45,31,27
88,112,132,138,132,112,90,62,44,56,70,98,109,95,76,66,55,52,63,95,88,56,29,24
82,111,131,131,118,100,73,48,38,45,56,88,99,78,60,67,67,66,71,76,81,67,44,32
99,110,124,126,111,91,63,43,36,37,45,69,82,76,69,73,67,66,70,57,70,76,63,43
127,114,115,125,122,97,65,45,38,33,36,47,67,88,94,76,52,48,63,56,67,81,72,46
137,127,115,115,128,110,75,50,41,36,30,28,44,76,95,63,31,31,53,61,63,74,68,42
125,127,122,115,113,120,100,70,51,47,37,25,27,51,82,73,42,31,51,60,51,61,69,57
111,125,130,117,97,100,105,94,73,62,54,35,27,45,77,76,50,42,60,60,37,42,58,59
105,122,126,111,90,77,93,100,87,70,66,48,37,48,71,69,48,48,70,68,34,26,40,54
104,117,113,101,94,69,73,84,83,69,70,59,47,46,59,60,40,40,69,79,45,24,30,48
93,104,106,101,94,64,57,66,73,67,77,72,56,42,47,58,38,24,45,81,66,44,37,42
101,101,104,105,96,70,59,65,71,65,80,83,70,52,45,48,34,20,28,61,70,62,46,35
115,95,94,104,100,84,79,79,76,67,77,78,68,54,47,41,34,28,29,44,56,57,46,31
113,85,82,100,106,96,95,88,76,71,74,71,62,52,51,39,39,42,40,37,38,46,48,38
93,75,77,98,111,99,95,83,68,71,78,74,63,55,57,39,45,55,49,36,31,46,58,53
