243,243,244,244,243,242,241,241,241,243,244,241,239,240,241,241,240,222,187,163,166,166,163,163
245,245,244,243,241,241,242,242,242,244,245,242,240,239,239,239,238,228,201,171,167,167,166,165
230,230,229,226,222,221,221,221,221,222,224,222,219,214,210,205,204,198,185,170,168,169,169,169
188,188,187,185,179,177,176,175,174,174,175,175,172,167,160,153,150,147,146,155,165,170,171,171
134,133,132,131,128,126,124,122,120,119,120,120,120,119,116,114,113,112,116,134,159,170,170,169
120,120,121,121,120,119,119,118,116,115,114,114,113,112,111,111,111,110,112,124,151,167,169,167
117,118,119,119,119,121,121,120,118,117,117,117,117,118,118,117,118,118,119,127,151,167,171,168
138,139,140,141,141,143,145,147,147,148,149,150,152,155,157,158,159,161,162,167,180,182,175,169
183,184,184,185,185,187,190,194,196,199,199,201,204,208,210,212,214,216,217,219,221,204,182,171
233,233,233,232,233,233,234,235,236,236,234,235,236,237,237,239,239,238,238,239,238,219,192,175
242,243,242,240,240,241,241,242,242,242,240,240,240,240,240,241,241,241,241,240,240,232,209,184
243,244,243,242,243,244,245,244,243,242,242,242,241,240,239,239,238,238,237,235,236,233,218,197
228,228,226,225,226,226,226,225,223,222,220,219,216,213,209,206,203,199,195,192,193,192,185,176
185,184,181,179,180,178,175,174,172,170,167,163,159,154,150,144,141,136,132,128,127,124,122,124
116,117,115,113,115,114,112,111,108,101,99,98,97,95,94,90,94,102,108,109,105,92,84,87
90,98,97,96,106,128,136,135,122,92,82,80,80,81,81,79,86,114,154,170,152,114,85,80
82,90,90,90,108,153,183,187,163,116,89,80,78,79,79,78,88,123,172,199,185,142,100,81
82,86,89,91,102,147,183,195,174,127,96,85,84,85,83,85,90,109,141,166,166,135,98,80
95,99,106,104,92,107,128,143,136,106,90,88,96,107,108,110,98,86,89,101,108,94,78,75
140,151,156,135,92,81,85,92,91,80,78,83,107,146,170,169,129,90,75,74,78,76,72,72
172,196,202,171,119,88,79,79,78,77,77,84,113,158,195,198,159,110,80,70,69,69,69,70
150,173,182,160,121,91,83,83,84,82,85,87,100,126,156,172,142,100,77,70,77,82,84,85
103,115,124,119,103,86,85,98,113,116,119,103,88,88,101,118,102,79,70,72,95,121,135,135
75,79,83,88,90,81,83,112,151,168,167,125,88,77,77,82,80,74,71,74,114,166,198,196
