205,205,205,206,205,197,173,154,152,164,168,179,192,199,193,169,149,141,140,142,156,178,193,194
204,204,205,206,204,197,172,153,151,162,167,180,193,198,189,164,147,140,140,143,160,182,196,197
204,203,204,204,204,196,171,153,150,159,168,183,193,194,184,159,144,139,140,145,168,188,199,199
203,203,203,203,203,194,169,151,147,155,169,184,192,189,179,156,142,138,140,150,175,193,200,200
202,203,203,202,202,192,167,148,143,149,169,183,189,187,173,151,140,138,142,156,182,195,199,200
203,203,203,202,201,191,166,147,142,147,168,182,190,186,167,146,138,138,146,167,188,197,199,200
203,203,202,202,200,190,165,146,140,146,164,181,190,184,160,143,137,140,152,177,190,194,194,194
202,202,202,202,198,189,164,144,139,144,162,181,190,181,154,140,136,143,159,181,187,188,188,189
201,201,202,201,198,188,162,143,138,143,164,184,190,176,149,138,137,148,168,185,187,187,187,188
199,200,200,200,197,187,161,141,137,146,171,188,189,171,145,137,138,153,178,192,196,196,193,190
197,197,198,199,197,186,159,139,136,150,176,190,185,165,142,136,141,160,184,194,196,196,195,192
192,195,197,198,196,184,158,138,136,151,177,189,180,158,138,134,145,167,188,194,196,196,196,194
190,194,196,196,194,185,160,140,136,149,175,184,172,149,135,135,151,174,190,194,195,196,195,195
190,192,194,194,193,188,164,142,135,147,172,178,163,141,132,139,160,181,191,194,195,194,194,194
188,191,193,194,192,188,165,142,134,147,171,171,154,136,132,145,169,187,192,192,193,192,191,192
186,189,190,190,187,183,164,146,139,146,165,163,148,136,137,153,173,184,184,185,185,184,183,185
179,180,180,179,176,175,165,155,151,151,159,157,150,145,148,158,167,171,171,171,171,170,170,171
166,166,166,165,165,166,163,160,158,155,155,153,152,153,154,157,159,160,161,159,158,157,158,159
153,154,154,154,156,157,158,157,155,152,150,150,152,152,152,153,153,155,156,153,151,151,153,154
148,148,147,146,148,149,149,148,146,145,145,146,148,148,148,150,152,153,153,151,151,152,153,154
144,143,141,140,144,145,145,144,143,142,144,148,148,147,147,150,151,151,151,152,153,153,152,153
143,142,139,140,145,146,146,146,146,145,148,151,149,145,145,146,148,150,151,151,152,151,150,150
145,143,143,145,148,149,149,150,150,149,150,150,146,141,140,140,143,147,149,148,146,147,148,146
147,146,147,150,151,150,151,151,151,149,147,145,141,137,135,136,138,143,147,144,142,144,147,145
