46,46,47,51,60,70,70,64,58,56,60,61,63,66,70,74,77,77,76,83,86,89,93,94
42,42,43,50,68,89,96,86,67,54,54,54,55,58,61,64,67,68,68,75,78,80,83,87
39,39,39,45,62,84,95,87,66,50,46,46,48,50,53,56,59,59,59,66,68,69,72,76
38,38,37,39,49,59,68,66,55,44,41,41,43,46,47,50,53,53,53,59,60,61,63,65
41,40,39,38,40,42,44,44,42,40,39,40,42,44,44,45,47,47,47,51,51,53,56,57
62,60,55,48,40,37,38,39,41,43,48,52,55,54,50,45,42,42,41,42,43,46,49,50
122,117,109,93,65,47,40,38,43,62,90,103,107,104,94,80,65,51,41,39,40,42,43,44
158,155,151,139,112,84,69,60,62,85,121,138,143,143,138,127,112,94,76,59,46,41,40,41
156,152,156,159,148,131,118,99,84,94,118,131,140,149,156,156,151,141,124,96,70,54,46,44
135,129,137,149,150,158,153,121,84,78,86,97,114,133,145,150,149,146,142,128,111,89,68,56
115,130,150,167,176,180,148,96,58,57,66,76,89,104,120,133,135,130,123,117,116,110,99,88
143,153,163,171,179,171,120,71,47,50,62,79,89,88,81,89,97,104,109,109,115,120,121,118
176,171,158,150,152,135,88,55,47,49,60,82,96,88,58,54,62,76,91,97,106,118,129,132
188,174,149,130,124,103,69,51,50,51,55,75,95,94,60,46,44,52,65,75,86,101,114,120
182,172,162,150,134,114,80,58,55,59,57,63,81,94,73,55,44,41,43,51,59,66,75,86
158,155,158,155,136,132,118,97,75,60,52,55,73,91,90,72,58,51,51,51,51,49,50,56
144,142,149,152,142,140,134,119,97,80,63,54,57,69,78,82,86,88,82,59,47,41,41,45
139,141,145,149,149,142,131,121,113,105,91,70,57,57,65,76,88,93,83,55,41,37,39,41
136,147,153,153,152,144,130,125,126,123,121,105,87,78,75,63,58,55,49,39,35,35,36,37
125,143,160,159,144,147,155,157,150,137,138,136,132,125,106,68,47,40,38,36,32,32,34,36
88,102,125,135,123,128,152,170,171,160,142,135,133,129,114,85,58,43,39,36,33,32,32,34
56,60,76,88,86,93,119,149,173,181,161,142,133,130,123,107,79,55,43,38,35,33,33,32
42,40,43,49,52,59,75,103,137,165,163,143,136,143,145,138,114,84,62,53,47,43,41,40
44,40,37,36,37,40,44,59,86,119,135,129,136,160,170,168,148,118,90,78,67,58,54,57
