164,178,174,151,131,130,165,185,173,146,125,126,151,181,178,156,134,134,158,178,182,170,152,142
152,168,179,171,147,136,159,179,179,165,130,118,137,165,167,161,138,125,138,165,177,166,141,118
163,165,170,167,153,154,168,172,164,156,122,116,140,166,160,152,125,111,130,167,177,159,125,97
190,176,157,143,142,169,184,169,139,124,107,120,156,183,168,140,107,102,137,181,181,153,116,94
201,188,155,124,121,161,183,164,124,101,98,122,162,190,181,142,104,102,141,181,180,150,117,102
173,171,144,113,110,136,147,132,105,92,100,124,146,158,157,129,99,97,126,150,149,130,108,98
125,129,115,101,115,131,119,100,89,89,115,147,153,135,124,111,97,104,131,138,126,113,105,103
96,101,96,100,126,137,113,92,89,95,127,163,162,128,108,104,102,114,137,133,116,106,105,107
92,94,97,110,136,141,117,101,99,105,132,162,159,129,109,109,110,120,136,129,116,109,108,110
95,97,109,129,143,133,114,103,103,110,135,155,152,131,115,114,116,126,137,130,124,117,116,119
122,122,143,165,161,130,113,106,107,121,158,178,171,146,124,131,141,154,165,159,157,145,138,144
159,155,170,185,171,132,114,110,116,134,174,191,181,155,133,147,159,169,178,176,179,166,156,163
172,168,182,193,175,137,119,116,122,136,166,179,171,150,133,146,155,159,164,167,176,166,157,164
152,160,182,195,176,141,125,120,122,128,141,149,146,133,125,135,140,138,136,141,152,149,144,148
126,149,183,199,181,147,127,119,118,122,125,126,124,121,122,137,142,136,126,124,125,127,128,128
117,145,186,207,189,154,129,119,118,120,121,119,117,118,134,165,171,156,135,119,115,118,120,120
108,138,184,209,189,156,128,115,114,113,112,110,106,111,139,178,184,164,138,113,107,109,113,113
96,122,168,198,185,154,123,108,106,105,104,103,101,107,138,179,183,163,137,111,104,106,108,109
86,101,139,174,176,147,115,100,99,100,100,103,103,108,135,170,174,156,133,110,105,105,106,106
89,91,113,142,151,130,104,92,92,93,94,99,101,105,124,148,150,137,118,99,96,99,100,98
93,91,99,113,118,106,92,86,87,89,91,94,94,96,104,112,114,110,102,92,89,90,91,89
98,96,98,101,102,96,90,89,90,91,93,94,92,91,94,96,98,98,94,88,87,88,87,86
102,101,101,101,99,96,95,96,96,95,95,96,96,95,97,100,101,99,95,91,92,93,92,91
105,104,102,100,99,98,100,102,100,95,97,99,100,102,107,109,108,105,100,97,99,100,100,101
