138,111,106,129,158,169,177,180,178,172,157,142,126,110,94,88,75,56,40,34,36,31,26,25
142,116,103,116,140,150,157,163,169,173,167,157,143,124,111,104,87,69,55,42,36,33,33,35
119,99,83,87,107,122,128,134,143,151,149,144,133,118,105,97,85,75,68,51,39,38,42,46
80,70,58,56,72,89,94,97,102,106,103,99,93,86,77,71,68,71,72,60,51,49,50,52
57,53,46,42,47,52,56,57,58,57,56,53,51,52,51,49,52,61,71,69,67,64,58,52
53,48,44,44,44,37,39,42,43,40,40,39,41,44,46,49,54,63,71,71,72,72,68,60
60,50,47,51,55,42,42,48,51,50,51,53,55,58,61,63,68,74,77,78,81,85,87,85
68,54,51,63,76,67,66,70,73,72,76,78,75,71,75,79,84,85,83,83,83,87,92,94
75,56,52,69,89,88,87,88,88,88,93,92,83,73,76,85,92,90,85,84,83,83,85,87
76,57,48,58,75,81,81,81,82,84,90,88,77,66,66,77,85,86,83,87,89,87,84,82
72,60,51,54,66,72,74,78,85,92,93,92,82,65,57,73,83,83,78,78,81,80,78,79
52,51,55,64,73,79,78,76,80,92,96,96,85,61,41,58,76,81,75,68,63,65,76,86
29,37,55,68,70,73,72,67,68,81,88,88,77,54,31,40,58,67,63,53,43,50,68,83
15,27,47,58,50,46,49,49,51,62,68,67,61,47,30,31,38,43,42,36,28,36,52,61
14,21,34,39,29,20,21,26,34,43,45,46,47,45,36,36,34,30,27,23,19,25,34,38
19,21,25,28,26,19,14,15,20,26,28,31,34,35,34,38,36,31,27,21,18,19,24,27
21,19,17,18,20,17,12,11,14,16,17,18,20,21,22,25,26,26,26,23,22,21,20,20
18,15,12,12,14,13,11,11,11,12,11,11,12,13,13,13,14,17,20,21,23,23,20,18
12,11,10,11,11,10,11,11,10,11,12,13,13,13,11,10,10,10,12,14,18,20,20,19
9,9,10,10,10,10,11,11,11,13,16,18,16,12,9,9,9,10,11,12,13,13,13,13
9,9,9,9,9,10,10,10,12,14,16,17,14,11,10,11,12,12,12,12,11,11,11,10
11,10,10,9,9,10,9,9,10,12,12,12,12,12,14,13,13,13,12,11,10,11,10,9
11,11,10,9,9,10,10,9,9,9,9,9,10,12,15,13,12,11,10,9,10,11,11,11
10,10,10,9,9,11,10,10,9,9,9,9,10,11,12,11,9,9,9,9,10,11,11,12
