39,101,140,129,108,158,168,163,167,178,170,175,177,161,131,90,53,70,134,159,134,133,160,184
55,118,140,115,104,149,150,149,163,179,178,177,170,151,126,89,55,62,109,136,125,136,163,181
71,134,150,117,97,130,115,119,154,180,177,177,172,151,117,72,44,53,87,104,119,147,170,176
80,145,167,129,86,113,90,93,135,171,166,175,178,154,103,50,33,55,87,86,125,165,180,172
86,152,173,127,71,103,96,88,105,144,154,173,176,146,92,45,43,75,101,86,140,182,188,172
105,146,150,105,60,84,104,93,79,108,151,175,173,146,100,55,58,81,90,80,132,178,190,176
158,166,151,107,59,63,88,83,68,99,162,184,170,131,80,49,68,102,118,114,135,170,189,184
193,178,150,109,64,60,79,88,95,125,176,187,160,108,53,41,86,141,165,153,150,167,179,174
178,156,134,114,92,93,94,112,142,164,184,184,151,96,48,49,115,181,195,163,160,168,165,150
117,104,113,141,162,160,125,126,160,182,187,181,156,117,86,90,151,199,187,140,151,167,160,136
64,77,128,187,206,187,131,111,135,164,169,167,161,155,154,163,193,212,196,153,153,167,162,136
110,129,170,205,206,180,132,114,132,152,152,141,134,145,174,182,199,210,196,161,161,169,153,118
179,189,197,195,180,162,132,125,136,141,142,129,115,117,142,149,181,200,182,150,161,164,136,96
209,204,185,164,155,155,139,135,138,130,142,139,117,92,92,110,168,195,161,131,149,151,119,77
188,175,146,131,155,172,155,148,149,134,148,148,115,70,67,123,187,196,151,131,138,137,106,65
170,162,147,146,171,182,156,140,135,117,119,127,112,85,92,163,202,183,138,139,152,147,120,88
184,172,161,162,174,177,150,131,122,106,105,121,125,120,141,193,192,155,127,138,150,134,116,118
195,173,164,168,173,177,157,135,118,104,111,128,137,147,182,200,164,125,119,129,144,121,109,135
180,157,157,173,180,188,176,148,120,106,122,133,139,158,198,187,137,106,116,122,143,126,118,145
155,160,174,189,193,187,172,148,121,104,116,117,134,172,202,169,121,100,112,125,139,128,134,171
170,182,192,198,198,177,152,136,123,101,95,90,123,179,189,144,96,74,89,129,144,137,147,180
194,198,202,201,193,163,137,130,123,94,81,83,128,184,171,132,97,70,68,121,143,146,158,184
208,208,209,204,186,151,127,122,120,101,97,113,154,184,153,138,128,101,75,113,135,147,164,187
209,214,218,209,183,149,119,109,115,120,134,159,183,181,141,152,165,144,106,114,127,141,162,186
