75,129,183,188,146,135,142,143,142,155,169,156,133,108,80,76,70,80,107,118,138,149,130,92
129,170,195,178,138,153,167,166,160,164,167,151,132,113,85,82,89,107,128,131,135,138,116,78
169,183,184,159,127,151,168,174,176,180,174,157,140,119,80,77,91,109,119,109,109,123,115,78
170,161,154,140,120,140,157,167,175,184,180,166,150,120,67,63,75,84,82,71,80,110,119,91
143,136,135,131,121,144,158,160,160,166,170,165,151,117,60,57,66,65,53,54,71,100,111,95
106,122,145,150,131,139,148,149,147,153,158,161,155,127,70,69,86,88,68,56,66,89,95,75
77,113,147,157,147,141,137,131,128,141,156,167,171,151,96,86,109,120,95,59,53,69,78,69
85,131,156,155,158,148,126,111,116,140,154,175,189,172,110,84,110,131,106,57,37,49,75,93
107,144,153,146,158,155,119,96,110,148,159,184,197,168,99,70,100,126,103,54,24,34,73,110
102,107,118,135,153,160,127,96,103,155,181,196,182,133,71,71,108,127,101,57,23,29,58,77
102,91,113,148,160,172,162,135,127,168,197,184,147,102,64,93,120,115,79,42,31,58,77,64
110,113,134,151,145,159,165,160,165,194,200,170,129,101,96,133,133,100,66,61,90,123,123,93
117,137,155,151,131,152,164,175,191,207,190,159,132,124,139,159,133,90,70,88,133,155,145,124
110,137,162,160,139,161,166,177,195,201,173,144,132,141,162,159,122,90,90,110,137,138,126,122
88,115,155,177,169,168,152,160,188,192,159,116,99,117,150,148,119,104,117,131,134,118,96,83
72,111,163,184,159,144,151,175,192,179,145,92,58,68,113,128,119,109,110,112,109,107,100,90
70,114,165,183,159,139,162,188,192,173,149,88,41,44,91,112,103,94,97,89,89,94,98,100
72,117,159,171,161,155,182,195,184,170,167,109,49,34,71,94,78,65,72,63,72,89,101,103
72,118,151,154,154,173,199,196,170,158,177,142,76,32,49,69,52,34,37,39,62,91,104,97
76,120,150,151,147,173,199,188,152,133,154,162,119,55,44,48,36,19,17,40,69,78,77,81
84,129,155,151,149,171,176,157,132,124,121,138,126,84,52,37,23,12,21,68,93,74,51,56
81,130,150,144,156,176,164,144,134,135,107,112,113,92,66,49,28,16,28,68,83,67,45,38
80,124,135,134,164,186,167,147,143,144,110,100,93,79,75,70,46,28,36,63,73,69,56,43
88,117,123,129,171,190,172,151,143,139,117,102,80,61,75,83,59,37,45,74,87,81,69,66
