180,146,100,79,100,99,85,69,57,55,79,152,185,154,120,127,147,140,104,83,69,79,117,159
191,160,126,119,135,115,97,81,71,69,78,147,183,156,118,118,143,143,107,87,72,74,100,131
194,175,157,152,153,130,113,101,91,79,79,146,189,164,115,110,134,126,83,72,71,71,85,107
176,172,162,149,135,118,116,118,109,83,80,148,194,174,126,122,127,101,55,55,67,72,83,104
150,152,141,118,92,78,102,125,120,86,82,147,192,182,156,151,129,93,63,61,66,77,97,118
158,170,154,109,63,63,104,132,121,84,87,151,191,181,162,150,135,114,93,77,72,94,120,129
164,172,159,113,58,65,105,130,118,89,114,172,193,165,137,126,117,116,122,117,101,122,140,124
156,155,151,119,60,72,103,120,114,100,145,192,190,143,100,87,84,111,155,162,145,151,145,114
144,135,138,121,70,89,106,114,113,112,165,201,186,128,67,49,63,117,184,191,184,169,138,101
144,130,127,121,101,127,129,124,120,120,173,200,184,127,49,32,75,147,201,194,195,173,128,88
141,119,114,129,151,186,178,150,126,125,171,191,179,130,46,44,115,184,204,192,189,161,120,96
152,123,116,141,175,199,194,164,128,116,162,178,178,149,67,80,154,203,194,186,170,148,125,110
163,128,125,157,188,192,189,164,125,105,151,162,171,166,97,122,179,196,165,160,146,145,141,125
165,124,127,170,199,192,183,161,126,103,143,140,151,167,121,155,187,172,125,122,128,150,158,141
166,110,118,175,202,189,185,171,141,112,134,118,128,158,133,172,185,148,96,103,129,156,166,159
170,106,106,155,169,142,164,179,161,129,132,106,123,172,166,191,185,142,100,120,141,155,161,162
150,93,101,148,148,111,145,178,170,132,123,92,114,177,188,194,175,134,103,127,137,148,157,158
130,86,105,152,148,113,139,173,172,134,111,76,100,170,190,187,163,127,108,138,134,138,148,153
124,93,113,156,157,132,135,160,175,146,103,62,88,161,183,181,158,130,121,152,140,127,132,148
113,97,118,154,155,128,107,134,179,171,98,51,86,166,185,182,165,148,139,143,137,117,114,137
101,97,115,141,146,132,111,133,176,174,95,43,78,162,194,201,190,173,151,118,94,82,99,133
94,105,116,126,137,136,128,137,162,170,101,47,76,159,197,210,199,177,156,131,82,58,82,128
74,90,97,103,123,127,136,137,145,170,126,67,83,160,195,203,187,163,147,151,100,69,92,142
45,51,58,77,108,110,133,132,133,177,158,91,93,162,191,190,172,147,132,145,120,104,127,172
