96,95,94,94,94,93,91,92,94,95,96,94,92,94,98,93,72,57,58,62,50,45,45,43
108,111,113,114,113,109,103,104,110,112,113,112,107,106,113,105,77,58,60,58,46,41,42,42
134,138,142,143,142,137,131,132,137,140,141,140,136,134,140,123,85,61,61,55,44,40,41,44
141,143,146,147,145,142,140,141,145,147,148,147,146,148,147,124,84,62,62,54,46,41,42,46
104,104,106,107,105,105,106,110,113,114,113,113,120,128,117,96,72,61,63,59,51,46,45,47
66,64,64,68,72,73,75,78,82,82,82,86,107,124,98,78,68,66,68,71,63,56,55,56
64,61,63,76,96,102,103,104,106,106,105,113,142,165,137,112,104,105,105,103,96,93,93,92
90,87,89,104,128,134,134,134,135,137,139,150,178,203,187,159,144,142,138,119,110,119,128,126
121,115,114,126,143,141,137,138,143,150,158,171,195,219,219,194,171,159,145,106,97,124,149,146
133,117,113,130,151,133,121,125,138,148,160,175,199,222,229,213,190,163,129,87,87,133,169,163
130,109,113,149,184,157,134,135,151,158,166,181,203,224,229,222,210,187,153,121,135,178,203,192
103,103,130,177,213,200,182,173,172,170,172,188,209,224,225,218,212,202,183,164,181,208,223,220
93,113,154,198,224,224,218,209,199,190,182,191,208,220,218,208,203,198,188,183,203,219,226,229
116,138,175,206,217,218,221,221,215,205,187,187,198,210,207,197,189,180,171,177,207,221,221,222
147,158,187,211,209,206,207,206,200,189,174,174,183,191,189,180,171,162,162,180,213,226,222,217
140,156,193,221,215,207,203,198,189,179,170,168,170,172,170,165,162,164,174,192,217,228,227,222
135,157,197,226,222,214,208,202,194,187,184,176,169,166,166,167,171,178,188,201,218,227,228,226
143,165,201,225,224,218,213,209,203,198,203,193,179,172,174,179,186,193,199,206,217,224,226,225
162,179,204,220,217,213,211,207,201,198,213,211,198,187,187,192,196,200,203,209,216,221,223,222
181,197,211,214,207,200,196,192,188,189,211,221,216,204,198,199,201,202,205,211,216,219,220,218
193,211,218,211,200,188,180,176,177,187,210,221,220,212,207,203,201,201,204,215,223,221,215,211
200,219,226,218,206,191,181,174,177,194,212,216,212,208,206,204,202,203,208,219,228,225,215,206
206,221,228,223,216,204,194,184,184,204,217,214,208,205,205,206,207,209,213,221,229,229,220,209
211,220,222,219,218,215,205,192,190,210,221,217,211,210,210,211,214,216,218,222,227,231,228,221
