232,199,132,66,34,43,60,96,149,193,171,136,131,162,199,199,160,133,150,198,200,171,132,108
238,209,153,89,45,47,72,106,144,183,173,139,125,150,193,200,164,129,134,179,198,178,138,107
241,222,176,115,60,47,76,112,144,171,175,144,119,131,176,199,171,128,115,153,188,186,151,114
239,231,196,137,78,45,63,103,142,164,177,152,118,110,150,191,179,133,102,129,172,186,162,127
234,237,216,165,98,48,43,78,128,160,179,163,122,93,120,175,182,142,97,110,153,176,164,136
228,235,229,192,124,63,37,54,101,148,168,162,126,86,94,151,181,157,107,100,134,162,161,139
223,233,235,209,151,88,54,51,80,135,164,168,138,91,73,120,169,172,129,97,117,146,152,135
219,231,237,221,183,133,98,78,88,135,172,184,163,119,82,107,160,185,158,119,131,150,154,144
212,224,231,226,208,176,135,102,95,125,165,189,185,153,109,107,151,188,180,144,150,160,160,155
198,206,217,219,209,188,134,84,64,79,119,160,177,161,118,95,127,172,180,137,131,146,155,149
192,195,209,216,200,194,151,90,47,46,86,132,160,154,109,64,84,139,168,123,104,126,147,141
194,193,207,217,202,196,175,121,59,36,61,105,141,145,111,58,58,107,153,123,85,101,137,147
189,190,199,206,198,181,179,144,80,35,39,74,112,129,111,60,45,81,133,129,77,75,114,147
166,178,180,176,175,147,154,144,97,37,22,40,74,101,99,57,34,54,101,121,73,52,81,126
120,150,154,140,136,108,116,131,114,51,17,16,39,68,82,51,24,23,51,82,61,38,48,83
67,101,117,113,110,91,92,117,128,80,25,10,20,40,61,49,24,10,18,37,36,24,23,39
33,57,86,100,93,82,74,96,122,101,41,13,12,26,42,43,24,8,6,13,16,12,11,17
17,29,66,96,91,78,63,77,103,101,54,20,10,17,24,27,18,8,5,6,6,6,7,10
12,18,53,92,102,79,58,62,79,78,55,27,11,9,9,9,8,6,6,6,6,6,6,7
12,16,40,78,105,82,56,50,55,49,43,29,14,6,6,6,6,6,6,6,6,6,7,8
8,13,35,64,82,72,54,44,43,39,33,31,22,9,9,9,8,7,7,6,6,7,9,11
6,16,45,67,60,62,54,42,34,39,28,33,29,13,10,10,8,6,6,6,6,7,9,10
6,15,41,55,42,63,65,43,24,31,20,26,25,13,9,9,7,6,6,6,6,7,7,7
7,9,16,22,29,75,80,48,16,16,10,10,10,8,6,6,6,6,6,6,7,7,7,6
