56,62,68,74,82,82,85,86,84,78,78,76,67,56,54,65,69,73,81,84,83,92,99,94
56,65,70,73,77,77,82,86,85,79,78,77,71,62,58,61,64,69,74,79,88,101,106,103
64,68,70,71,71,69,76,82,82,78,79,80,77,70,66,62,63,67,69,73,95,105,103,99
72,68,66,67,67,65,72,76,75,73,79,83,80,75,71,64,64,64,61,62,86,95,91,88
73,64,60,63,68,69,73,71,65,67,74,79,79,73,66,62,61,56,45,44,61,78,88,91
69,66,65,66,67,67,70,65,57,57,65,72,73,67,60,59,58,51,39,38,55,89,119,128
68,68,68,69,70,68,67,63,56,55,65,73,72,64,62,69,65,54,44,41,53,86,116,124
71,72,70,68,69,71,69,64,59,60,70,76,73,65,63,70,67,59,54,47,51,77,98,96
72,74,71,67,68,74,73,67,63,69,78,79,75,69,61,63,64,63,61,53,52,69,80,70
66,70,69,68,72,76,74,69,69,77,83,83,80,74,63,58,62,66,64,60,60,66,68,64
67,71,72,73,74,76,75,73,74,78,82,84,82,77,67,63,66,70,69,68,70,69,68,69
68,69,70,71,72,75,74,74,75,77,78,80,78,74,71,69,74,76,71,64,62,64,69,73
67,65,65,68,72,76,75,74,76,77,74,75,75,75,78,79,84,83,72,62,53,58,68,72
63,61,62,66,73,76,75,74,74,73,71,71,72,75,81,85,89,85,72,65,53,56,65,67
59,60,61,63,68,72,74,71,66,62,65,64,62,63,67,75,79,77,71,69,61,60,62,61
56,60,64,67,71,75,79,77,68,60,60,60,58,57,62,68,70,69,68,70,68,64,61,60
56,59,63,67,70,74,79,80,74,63,56,53,50,50,56,63,64,63,65,67,66,60,54,52
56,57,62,66,66,68,72,75,73,65,56,50,46,46,52,64,62,58,59,58,59,53,46,45
53,55,62,67,62,63,64,64,64,63,60,55,50,48,52,68,62,53,52,48,52,50,45,45
50,53,64,70,62,64,64,63,62,62,64,61,56,52,56,63,57,48,45,42,48,53,55,54
56,55,58,59,56,59,59,63,67,67,63,58,55,55,58,61,54,46,41,40,43,49,54,55
59,56,55,54,51,53,56,61,67,68,62,57,57,60,60,61,61,53,42,42,44,47,52,55
61,56,52,50,49,53,57,59,63,68,65,62,61,62,61,63,68,64,50,49,52,52,53,56
62,54,48,47,50,57,60,59,60,69,71,68,63,60,62,63,70,69,59,56,60,60,57,57
