198,174,127,83,63,54,76,124,177,208,208,203,201,202,204,202,202,202,203,202,200,199,199,198
195,172,133,95,66,52,78,124,170,200,201,197,195,195,197,195,193,191,192,196,196,197,197,197
156,141,119,94,69,62,84,120,149,159,154,151,150,152,159,151,144,144,153,173,182,185,185,185
108,105,97,88,82,82,85,105,124,117,105,102,102,107,119,107,97,98,116,149,170,177,176,176
103,103,102,106,114,106,76,79,109,117,109,107,108,112,122,116,107,106,120,149,173,184,185,182
168,167,169,173,168,131,82,73,106,147,169,174,172,171,168,165,161,160,166,175,184,190,190,186
188,187,190,189,165,116,75,67,95,142,186,201,201,197,190,186,177,176,184,189,189,189,189,187
182,175,179,176,144,96,67,61,80,122,175,201,206,201,197,193,181,177,186,193,190,189,189,188
179,168,171,171,144,96,67,58,69,106,151,189,204,199,198,196,187,182,187,191,189,189,190,189
188,187,189,190,174,120,78,61,69,94,125,170,197,197,195,190,190,191,191,188,187,187,188,187
179,186,193,195,187,143,92,66,69,83,104,148,182,192,190,179,179,186,189,188,187,187,187,186
176,187,194,196,193,164,108,69,61,65,82,125,168,193,193,180,179,185,190,191,191,191,191,191
167,184,193,193,191,179,128,80,56,56,71,108,155,188,189,171,174,185,191,192,192,192,192,193
152,179,193,191,190,189,155,109,79,76,82,105,144,178,176,153,164,186,194,192,191,191,192,192
147,181,200,198,195,197,183,159,139,134,117,115,143,177,173,155,171,195,201,196,197,197,197,197
180,193,196,190,189,191,186,178,174,168,130,115,142,181,181,184,191,194,190,186,191,191,188,186
186,189,186,178,174,175,172,170,172,168,133,120,140,168,168,176,180,177,171,168,172,173,171,170
175,178,171,157,147,147,145,143,146,150,131,123,131,142,139,143,147,147,144,141,140,140,141,143
164,164,149,128,115,116,115,113,117,127,125,119,118,119,111,116,120,120,116,115,110,108,107,106
154,140,118,102,98,95,96,98,100,104,109,111,112,111,104,116,122,117,108,112,111,103,88,75
133,117,101,96,99,96,92,92,95,100,105,109,113,112,104,118,121,112,103,107,105,87,60,42
116,105,95,93,97,91,81,78,81,87,89,99,112,116,106,116,114,103,94,93,82,57,34,25
104,98,93,91,86,71,56,52,56,61,62,76,93,101,90,98,95,86,78,73,56,36,23,21
99,92,92,91,75,46,30,28,34,37,38,50,65,70,60,70,72,67,61,57,46,35,27,23
