31,29,33,41,45,35,38,51,67,83,92,95,86,67,47,34,31,31,31,30,32,38,41,38
32,30,33,40,43,32,33,42,56,75,91,96,89,73,53,37,31,31,31,30,32,37,39,37
32,30,32,39,43,32,29,36,50,70,89,93,86,70,51,37,31,31,31,30,32,37,38,35
33,30,31,38,43,33,28,35,50,70,85,88,77,60,42,33,30,30,31,30,33,37,38,34
34,31,30,36,42,33,28,34,50,69,82,83,71,54,39,32,30,30,30,30,33,37,38,35
36,31,30,34,40,33,30,35,50,68,79,80,72,59,46,39,35,34,34,34,36,39,39,35
35,30,30,37,47,49,52,60,70,81,86,85,80,73,65,62,60,58,55,53,53,54,51,46
47,49,57,69,81,86,89,91,93,94,93,90,88,85,84,84,83,80,76,75,73,72,68,64
83,89,101,113,118,118,114,108,103,99,96,94,92,92,94,95,93,90,87,86,84,83,81,80
131,131,130,127,120,112,105,101,98,98,97,96,95,94,95,96,95,92,89,86,85,84,84,84
133,125,118,113,110,107,104,103,102,102,102,100,99,98,97,98,97,95,92,89,87,87,86,85
124,117,111,109,109,110,110,109,109,109,109,106,103,102,101,100,100,98,95,91,90,90,89,88
118,114,111,111,112,113,113,113,113,115,114,110,106,103,102,99,98,96,94,92,90,90,90,89
117,114,112,112,112,113,113,113,113,114,113,107,102,99,97,93,90,89,87,87,87,87,87,87
112,111,110,110,110,111,112,112,110,108,103,97,93,91,87,83,80,78,76,77,79,81,81,82
108,108,109,110,112,114,115,113,108,101,95,90,86,83,79,75,71,68,67,67,70,72,74,76
105,106,108,110,110,112,113,112,107,99,93,88,82,78,73,69,65,62,60,60,63,65,67,69
103,103,104,106,105,105,106,106,105,101,97,91,84,77,71,67,64,61,59,59,60,61,63,65
101,99,99,98,97,96,97,98,101,103,103,100,92,82,74,70,67,64,62,62,63,63,64,65
100,97,94,92,92,91,92,94,98,102,107,109,103,91,80,76,72,70,68,68,68,70,71,73
99,95,91,89,89,89,89,92,96,102,109,113,111,101,89,82,78,76,74,75,76,78,82,85
93,90,88,87,86,85,85,88,93,99,106,113,114,108,97,89,84,81,80,81,83,87,92,96
87,85,84,84,82,80,80,82,87,93,100,108,113,111,104,98,93,89,86,87,90,94,99,103
86,84,83,81,79,77,76,78,82,87,95,104,110,111,108,106,102,96,92,93,96,98,102,105
