91,89,87,85,81,80,76,70,65,64,66,67,68,69,67,62,56,52,50,50,52,53,50,47
90,88,85,82,78,78,74,68,63,61,63,66,67,68,66,60,53,47,43,43,47,48,45,42
87,85,82,79,76,75,70,64,58,57,60,63,65,65,63,57,49,42,37,37,40,41,39,35
84,82,80,77,74,72,67,60,54,53,57,61,63,63,59,52,45,38,33,32,36,37,33,29
83,81,79,76,73,70,64,57,51,50,56,60,61,60,55,48,41,35,31,30,35,34,29,25
84,83,79,75,72,70,62,53,48,49,55,59,59,56,52,45,37,31,28,30,34,31,25,22
84,84,81,76,72,69,61,50,44,47,54,57,56,53,48,41,33,27,25,30,34,31,25,22
84,84,81,76,72,70,60,48,42,45,52,55,54,51,46,38,29,23,23,29,33,30,26,23
83,83,80,75,71,70,59,46,40,44,51,52,52,49,43,35,25,20,22,28,31,30,27,24
85,83,77,72,71,68,56,43,38,41,47,49,49,47,41,31,22,18,21,25,29,29,27,25
88,83,76,72,71,67,54,41,36,40,45,47,47,45,39,29,20,18,20,22,27,29,27,25
93,88,82,78,74,67,52,39,35,38,42,45,46,43,36,25,19,18,20,20,27,29,27,25
101,99,94,86,77,65,49,37,34,36,40,43,43,40,32,23,20,19,20,20,26,29,27,25
106,108,102,90,76,61,44,34,32,34,38,40,40,36,28,23,21,20,19,20,25,27,26,24
101,100,94,82,69,54,39,31,30,31,34,36,36,32,26,23,21,19,18,22,25,26,24,22
82,78,72,65,57,44,31,26,26,27,28,29,29,27,25,22,19,16,16,20,22,22,21,21
62,57,52,48,43,32,24,21,22,22,21,22,22,21,19,18,15,13,13,15,16,16,16,16
49,45,40,37,34,25,19,18,19,18,16,16,16,14,12,12,11,10,10,10,10,10,10,11
43,40,36,34,31,24,20,20,20,17,15,14,12,10,8,8,9,9,9,7,7,6,6,7
41,41,38,34,32,28,28,28,26,22,19,16,14,12,10,10,11,12,10,7,6,6,7,8
42,45,44,40,37,35,37,37,33,28,24,21,19,16,13,13,16,18,15,11,9,8,9,11
47,47,46,45,44,44,46,45,40,34,28,25,23,20,15,15,19,22,18,13,10,9,11,14
57,49,45,46,50,52,53,50,45,38,30,27,26,22,16,16,21,23,18,12,9,11,13,15
67,53,44,45,50,56,55,53,49,41,30,27,27,24,18,17,21,21,15,10,9,12,15,16
