82,85,84,79,71,58,41,62,119,177,186,187,187,188,188,189,190,190,191,192,191,190,189,188
82,87,86,80,72,62,47,54,97,164,185,187,185,186,186,186,188,189,190,190,190,189,188,186
83,87,86,79,72,65,54,50,75,140,180,186,183,183,183,183,185,187,188,188,188,187,185,183
84,85,84,78,71,67,60,52,63,110,165,182,181,179,179,180,181,184,185,185,184,182,179,179
82,82,82,80,74,69,64,56,54,77,139,172,179,175,176,177,178,179,180,179,176,173,170,170
84,83,84,84,78,70,66,59,51,57,109,157,176,171,171,172,172,171,172,171,167,163,161,161
85,83,82,80,74,70,68,63,53,51,90,146,174,167,165,167,166,165,165,166,164,161,158,157
83,82,80,76,71,71,69,64,56,54,88,146,174,167,164,165,165,163,163,165,163,160,158,156
82,82,81,78,72,73,70,65,58,60,100,154,177,169,166,166,166,166,166,165,163,160,157,156
87,86,86,82,76,77,73,67,63,69,116,162,180,173,169,169,170,170,169,166,163,160,157,155
90,88,86,83,78,78,75,71,68,72,116,162,181,175,172,173,174,173,170,167,164,160,157,155
91,87,84,81,77,76,76,74,71,71,100,149,178,178,174,175,176,175,172,168,165,161,158,157
88,85,81,79,77,77,77,76,72,67,79,126,166,178,175,177,177,176,172,168,165,162,160,160
83,82,79,77,77,78,79,77,71,64,62,96,142,173,175,177,177,175,172,168,164,161,160,162
81,80,78,76,75,76,77,75,69,60,55,69,111,159,176,177,177,175,172,168,164,160,160,162
79,78,76,75,75,75,75,72,66,58,53,56,86,136,173,177,178,177,176,174,172,169,168,169
80,79,78,78,76,75,72,68,63,56,53,52,72,117,169,180,184,183,179,177,177,177,177,176
81,80,81,82,80,78,72,68,64,57,54,53,65,101,160,183,185,179,172,169,171,174,176,174
81,79,80,83,81,78,72,67,64,59,55,54,61,89,147,180,177,163,158,157,160,164,166,165
84,80,78,76,71,66,57,52,51,50,49,48,53,79,137,172,169,156,155,158,161,164,165,164
85,80,71,60,49,40,35,33,33,34,34,36,43,70,128,159,161,156,156,161,163,164,165,165
80,69,52,37,27,23,21,22,23,25,27,30,44,77,129,153,160,159,160,163,165,165,167,168
64,48,29,18,16,16,18,20,22,24,27,35,60,100,140,156,162,164,165,165,166,168,170,170
45,29,17,13,14,17,18,20,23,25,29,44,79,124,151,160,163,166,168,166,168,171,172,171
