127,124,119,116,118,122,120,115,113,121,133,137,137,137,139,134,127,123,126,129,124,115,111,113
126,124,118,113,116,122,120,114,112,119,132,136,136,138,139,133,124,120,124,131,127,122,121,125
126,124,119,116,119,124,121,115,113,119,129,132,133,136,138,132,124,120,123,130,126,122,124,131
127,125,123,122,124,126,123,118,116,120,126,127,128,131,134,129,122,120,122,124,119,116,119,128
128,127,126,125,123,124,122,120,118,119,122,123,125,126,126,122,118,116,117,115,111,111,116,123
129,130,129,123,117,116,116,116,117,118,123,129,132,129,121,115,110,108,107,106,109,115,122,124
138,135,130,124,118,115,114,114,116,119,131,144,150,142,123,110,104,101,100,99,109,124,135,135
148,133,127,132,136,125,117,114,116,121,140,161,168,155,122,105,99,98,96,98,114,137,154,157
156,130,122,139,154,137,126,124,128,134,156,175,180,162,122,107,106,107,106,110,131,156,174,179
166,136,123,136,153,141,142,150,160,167,179,185,182,164,131,127,134,139,137,138,156,175,186,187
164,142,128,138,160,165,167,171,175,179,179,169,159,153,149,163,170,165,153,150,164,173,173,168
154,141,133,141,160,169,166,165,167,169,165,153,146,152,161,177,177,161,143,142,153,162,160,153
144,138,135,140,151,155,151,148,151,154,151,144,142,149,158,168,163,147,132,132,141,149,148,140
139,136,135,136,138,138,136,136,139,144,144,140,138,139,145,148,146,138,131,130,135,140,138,130
134,135,134,133,133,132,132,132,133,137,139,137,133,133,137,138,135,132,130,130,132,134,134,132
125,127,128,128,129,129,130,131,132,133,135,134,130,129,132,131,129,128,130,129,128,129,130,130
125,127,131,134,136,135,136,139,142,144,147,145,141,136,136,137,136,135,134,133,131,131,132,133
140,142,145,149,152,149,150,153,156,159,161,161,156,150,149,151,150,148,145,144,143,142,143,144
160,160,160,160,163,161,161,162,163,163,165,166,165,162,160,160,160,158,156,157,157,157,156,156
159,157,156,156,156,154,153,153,153,154,156,157,157,157,156,155,155,155,156,157,156,155,155,154
160,157,156,154,148,138,134,136,142,150,153,153,153,153,151,148,147,149,152,153,153,152,151,150
162,159,157,154,145,131,126,129,138,150,153,153,152,151,147,139,135,136,141,146,145,143,141,141
152,150,148,145,139,131,130,134,141,150,152,152,153,153,149,138,131,132,139,145,142,137,135,138
133,133,131,128,129,132,136,141,144,146,148,150,153,155,154,148,142,142,149,153,147,139,138,145
