147,152,155,152,142,134,125,122,119,110,109,88,58,34,26,30,31,29,31,48,66,103,130,126
151,152,154,152,145,138,129,125,125,121,118,90,55,33,30,33,34,32,38,60,57,61,83,110
150,149,150,149,144,137,128,123,121,115,101,71,44,35,40,36,34,34,41,60,62,55,68,102
148,146,146,146,141,131,122,116,112,99,80,56,42,43,53,43,34,32,36,46,72,85,92,101
142,141,141,139,134,123,113,107,100,90,89,79,66,59,63,53,38,28,27,29,67,105,114,97
115,114,114,112,105,94,83,76,74,79,106,113,103,85,61,51,40,30,24,26,49,86,103,92
106,105,103,101,96,90,82,73,69,77,103,132,147,133,83,63,56,45,28,23,33,61,89,103
134,132,130,129,126,123,117,105,91,86,99,142,176,166,107,82,71,56,35,28,39,60,89,114
170,166,164,164,163,162,156,143,124,103,104,143,176,166,113,91,73,56,43,43,70,93,108,117
171,166,164,165,165,163,158,151,141,126,116,132,148,138,98,81,66,53,49,58,111,143,135,111
170,168,168,169,165,163,157,150,145,142,131,117,109,104,85,77,70,62,57,64,115,144,131,98
168,167,168,168,164,162,156,149,144,142,131,106,89,86,80,78,76,71,65,77,137,156,127,89
163,164,166,166,163,161,157,150,143,137,121,96,81,80,80,81,85,90,94,97,138,143,112,82
156,158,162,164,164,161,157,151,143,131,107,86,76,77,77,80,94,122,144,125,114,102,88,76
149,152,158,162,163,159,154,150,143,127,96,78,72,73,75,78,104,154,193,154,102,78,75,73
146,149,156,161,163,158,154,151,143,126,94,76,73,84,105,106,118,159,196,149,93,71,72,72
145,148,155,160,161,156,152,148,141,125,98,82,83,107,150,149,133,144,170,128,85,72,75,77
147,150,156,160,160,154,149,145,138,125,103,92,98,125,168,164,130,116,125,101,81,82,99,115
152,154,159,162,159,152,146,143,138,126,107,102,112,132,150,143,113,89,84,80,80,97,134,171
158,159,161,162,159,153,147,144,139,126,109,109,122,135,140,133,111,88,78,78,79,99,139,178
162,162,163,163,159,154,150,146,139,126,108,106,116,127,132,130,110,87,75,74,75,82,95,110
165,164,165,165,161,155,150,146,139,127,110,105,108,113,120,125,107,85,73,66,62,57,57,62
168,167,167,167,164,158,152,146,140,130,117,112,105,97,102,116,105,85,73,64,54,47,46,50
172,171,169,169,167,163,154,146,140,133,125,123,108,85,83,109,105,86,75,70,60,55,55,56
