192,178,178,192,200,186,169,145,133,154,195,205,205,199,170,142,133,132,130,124,122,146,162,151
185,176,179,192,198,186,164,139,128,152,194,204,200,187,159,142,136,134,130,124,123,149,166,154
166,171,183,189,181,159,138,122,124,152,194,199,184,165,144,135,133,132,130,123,122,150,170,160
148,167,185,182,155,118,104,105,120,153,194,190,167,146,130,121,124,129,129,123,121,150,172,164
147,167,183,174,135,89,84,96,117,151,191,182,158,141,124,109,116,129,131,124,123,150,172,165
145,165,174,157,118,75,79,97,118,150,182,171,153,142,121,102,114,132,133,126,125,153,175,168
148,163,159,135,105,72,80,98,117,144,164,157,147,141,119,99,113,131,131,124,127,156,179,173
160,157,140,117,102,83,88,100,114,136,149,146,143,139,122,106,116,128,126,120,130,164,189,186
163,142,120,107,101,96,96,100,109,128,141,141,138,136,128,119,121,125,121,115,134,171,197,197
135,119,106,101,98,95,94,95,103,121,136,137,133,131,129,125,123,121,118,114,134,167,191,193
112,107,105,103,95,89,89,92,105,129,145,144,136,130,125,121,121,122,119,115,133,166,190,193
96,101,107,104,91,79,82,91,110,143,161,155,142,131,118,108,114,122,121,116,137,174,200,202
87,100,107,102,86,68,72,86,108,139,155,151,141,130,112,93,106,122,121,115,138,178,206,206
85,101,107,99,83,61,64,80,101,122,129,132,134,129,108,87,103,122,119,113,136,175,202,202
91,103,106,98,84,64,62,75,97,119,117,118,126,127,109,92,104,120,118,113,134,173,199,200
102,108,109,103,90,73,65,73,96,120,106,103,116,130,121,111,114,119,117,113,139,179,205,205
98,100,112,117,100,76,64,72,92,106,89,91,111,129,126,121,118,116,113,115,145,179,197,198
77,80,99,116,104,76,62,69,85,88,75,81,102,120,120,112,106,103,105,112,135,154,163,164
54,58,75,95,96,73,61,66,76,76,71,75,91,109,109,93,84,87,96,107,116,122,126,129
46,52,68,81,78,65,63,66,70,73,74,80,95,110,106,86,82,91,104,116,127,137,146,151
51,59,72,78,73,67,67,69,70,73,79,86,92,93,86,75,82,97,105,106,114,132,153,166
85,92,99,100,96,93,90,87,85,85,88,93,94,91,88,85,92,102,106,100,101,115,135,150
115,118,120,120,117,115,110,105,102,101,100,102,102,102,104,105,107,110,110,105,101,107,118,128
117,118,118,117,115,114,112,110,109,109,107,109,111,112,115,118,119,119,117,114,111,114,121,124
