165,135,100,103,151,153,106,77,99,159,178,165,137,116,122,144,171,185,165,102,82,108,128,117
163,128,93,100,151,156,115,85,101,158,177,164,145,138,147,157,163,158,133,86,68,86,103,98
162,126,91,99,150,157,118,88,103,156,176,163,141,128,131,130,124,110,88,62,51,56,64,63
158,125,92,98,147,154,113,84,100,155,175,161,128,98,89,85,83,75,61,50,44,42,42,41
151,120,87,92,141,149,107,77,95,154,173,159,122,83,71,68,71,73,67,56,53,53,52,49
141,116,85,88,137,151,116,85,98,152,172,160,121,80,67,64,68,71,66,53,55,61,62,58
130,114,89,92,136,154,120,87,96,150,171,163,128,85,68,64,67,70,67,56,57,62,62,57
125,114,94,95,134,152,118,83,91,146,169,161,127,86,69,64,68,73,73,65,64,63,60,56
124,113,93,93,128,147,116,81,88,142,164,150,115,81,67,63,69,78,82,77,73,68,64,61
119,105,86,89,123,146,123,90,90,137,157,133,97,72,65,62,70,80,86,84,79,77,73,68
114,102,86,89,123,151,139,112,106,137,148,116,84,73,73,67,69,75,78,76,72,74,75,71
123,116,104,106,132,159,156,141,135,146,142,105,76,74,78,69,71,76,75,71,65,67,69,69
140,134,125,126,144,164,157,145,143,151,136,95,69,70,76,70,74,78,74,67,61,59,61,65
157,145,132,132,152,164,145,125,126,146,129,88,63,63,69,69,73,75,68,62,58,54,55,59
163,144,120,120,151,165,144,118,117,140,124,91,68,64,66,66,65,63,59,56,55,51,50,54
168,150,127,126,153,166,152,127,112,118,102,83,72,73,76,72,67,61,58,56,58,58,58,60
174,165,150,139,136,129,121,106,93,90,78,69,67,70,75,73,69,65,59,55,59,61,59,59
164,161,154,138,114,98,93,89,86,84,78,79,75,66,66,65,65,63,58,53,56,57,55,53
139,139,134,123,108,102,97,94,93,93,94,100,89,65,57,53,54,55,54,52,52,52,51,50
131,136,131,121,118,119,106,88,75,71,72,72,65,55,49,47,48,49,50,51,51,52,53,53
135,117,94,79,79,79,74,66,59,57,61,60,55,51,49,48,48,48,48,50,48,47,47,50
106,84,63,57,59,60,60,58,57,57,60,57,51,46,45,46,47,47,48,51,49,46,44,45
72,66,60,58,60,62,63,63,62,61,59,53,45,39,39,40,41,43,45,49,48,46,45,44
66,76,75,65,61,63,68,69,66,61,54,45,39,36,34,34,34,35,38,43,43,45,46,46
