100,145,146,104,66,59,77,77,58,58,117,174,191,170,146,147,160,155,121,76,92,134,167,174
93,130,126,84,54,48,57,55,45,52,107,161,168,132,101,102,120,126,103,68,81,106,123,126
83,106,94,60,44,48,53,46,36,44,91,142,142,96,69,67,87,99,84,58,70,82,85,83
73,86,75,54,52,67,70,54,35,40,77,125,123,80,60,58,73,82,70,49,61,70,68,63
68,80,81,76,81,95,88,60,35,40,73,113,114,79,59,58,68,70,58,44,54,65,67,62
71,84,93,98,104,94,75,51,35,46,81,111,114,93,74,73,78,74,57,44,57,77,90,92
75,100,123,135,139,127,101,64,41,60,114,150,156,140,123,123,128,115,81,52,67,104,134,142
83,118,150,164,168,163,136,86,50,74,139,176,183,171,162,165,170,151,104,59,77,127,166,172
93,134,167,179,182,185,157,100,58,82,145,178,182,177,179,185,188,166,115,64,84,137,177,181
101,144,177,187,189,192,161,101,59,86,144,173,180,181,187,193,195,172,119,68,87,141,182,186
105,152,187,196,197,198,164,101,57,86,143,173,182,185,190,194,198,177,125,73,92,145,186,192
106,153,188,198,199,197,165,102,58,90,149,177,181,176,171,182,197,182,127,74,93,148,187,191
106,146,174,177,173,173,152,98,59,94,156,182,180,166,153,169,194,183,127,73,93,148,186,188
108,139,153,144,134,137,131,91,59,97,161,185,181,165,151,166,191,181,126,71,92,146,185,189
111,138,146,131,119,124,122,86,58,98,161,186,184,173,163,170,189,177,124,68,90,146,187,192
108,133,139,126,117,123,119,84,59,102,162,187,187,177,167,173,189,175,121,67,90,148,189,191
105,124,123,106,101,114,114,81,59,103,163,187,187,178,165,172,189,175,120,66,89,147,187,189
108,120,109,87,83,98,103,75,56,103,163,186,186,175,161,169,189,175,118,66,89,146,184,185
116,123,106,81,77,84,87,65,55,104,162,184,183,172,158,169,189,173,115,65,89,145,183,182
122,127,111,89,84,83,77,56,53,106,163,186,185,173,160,173,189,168,109,62,88,144,182,181
124,133,121,98,87,87,73,49,49,106,165,189,189,175,157,172,186,160,99,58,86,144,181,179
117,132,123,100,88,87,67,41,43,94,153,181,181,163,139,157,173,146,84,51,78,132,165,160
92,105,100,83,74,70,52,32,31,65,113,140,141,122,102,117,133,113,64,41,59,97,121,116
59,66,64,54,48,45,35,23,21,35,64,85,86,71,62,71,83,74,47,34,39,56,69,68
