65,66,66,66,65,68,67,67,67,66,64,65,66,67,68,67,67,68,68,67,67,66,64,62
65,66,65,64,64,66,67,66,64,63,63,64,64,63,64,64,64,65,65,63,62,60,59,58
60,61,60,58,58,61,61,59,57,56,58,58,58,57,58,58,58,58,59,57,55,53,53,54
51,52,53,52,52,53,53,50,48,49,51,50,50,52,52,51,50,50,51,50,50,49,50,51
42,44,46,48,48,47,46,45,45,45,45,44,46,48,47,46,45,46,46,46,47,48,49,49
42,43,46,47,48,46,46,46,46,47,47,45,45,45,44,44,45,45,46,47,47,47,48,48
43,44,45,47,47,47,47,47,47,47,48,48,47,46,45,45,47,47,46,46,47,46,47,48
47,47,47,48,49,49,50,51,51,50,51,52,51,50,48,48,50,50,49,48,48,48,49,51
52,52,52,52,53,52,54,56,57,55,55,55,55,54,53,53,54,54,54,54,53,53,54,54
57,57,57,57,57,56,56,58,59,59,57,57,58,58,59,58,58,58,58,58,59,59,58,58
56,56,55,55,56,57,58,58,58,59,57,58,59,60,60,58,57,56,56,58,61,61,59,59
60,59,58,58,59,60,61,61,60,60,59,58,58,59,60,60,60,59,59,59,62,62,60,59
65,63,62,62,61,62,63,63,61,59,59,59,58,58,59,61,62,61,60,59,61,61,59,59
64,64,63,61,60,59,60,59,58,56,58,59,58,57,57,58,58,59,58,58,59,59,58,58
56,57,57,56,56,55,53,52,52,52,55,56,56,55,55,54,53,54,56,57,57,56,55,56
53,54,54,54,54,53,51,51,52,53,55,54,52,52,53,54,55,55,56,58,57,55,54,54
54,54,54,52,51,50,50,51,52,53,53,51,49,50,52,53,54,54,55,56,56,55,53,53
54,55,54,51,49,49,49,50,51,52,51,49,48,50,51,51,52,53,54,54,54,54,53,52
53,54,54,52,50,48,50,51,52,53,53,50,49,51,51,51,52,53,53,54,53,53,53,53
54,53,53,54,52,50,51,53,56,59,59,55,51,51,53,54,54,54,54,54,54,53,53,54
53,52,52,53,54,53,52,52,53,54,56,54,52,52,53,53,53,53,53,54,55,54,54,54
50,50,50,52,53,53,52,51,52,51,52,54,53,51,50,51,52,53,54,53,53,53,53,54
47,48,49,49,51,52,51,51,51,51,51,53,53,50,48,49,52,54,55,53,52,52,52,52
45,46,47,46,48,51,51,51,51,50,51,52,52,51,49,50,51,53,55,54,53,52,52,51
