76,62,46,37,35,46,54,50,49,72,101,106,101,90,66,47,42,40,34,29,26,24,27,35
85,71,53,38,31,36,42,44,51,72,95,99,97,89,68,58,57,54,42,35,33,30,35,50
101,89,71,53,39,38,44,50,57,72,89,94,92,85,69,68,72,66,51,48,54,53,61,81
110,100,85,69,55,53,59,62,62,68,83,90,88,78,66,71,76,71,63,68,81,85,92,108
100,90,79,70,63,63,66,63,57,58,75,89,89,75,63,68,73,75,78,89,104,108,111,117
75,65,57,54,53,52,51,47,45,50,71,96,105,93,76,74,76,80,90,103,110,108,107,111
55,47,42,43,45,44,39,35,39,53,83,114,124,111,91,84,83,88,98,110,104,93,93,104
45,40,41,48,55,54,48,42,45,64,97,123,128,117,103,97,96,99,107,113,97,80,83,101
43,42,50,67,81,82,77,69,69,83,107,120,121,114,110,109,109,111,115,117,98,82,85,103
46,48,63,86,104,111,113,110,107,110,116,118,117,114,112,113,115,116,119,120,108,99,101,110
53,56,69,86,102,122,135,138,136,132,126,122,117,110,101,101,110,118,122,121,114,110,110,112
58,62,73,86,100,131,147,151,150,144,130,118,109,99,86,83,99,116,124,121,115,112,110,107
60,66,77,90,106,137,153,157,154,147,127,109,98,92,84,79,91,111,124,124,118,111,105,100
60,68,81,98,118,142,156,157,152,144,124,101,91,93,95,88,90,105,124,133,126,114,103,97
63,74,92,111,129,146,155,151,142,140,125,103,92,95,100,96,93,104,127,144,137,122,111,105
74,87,105,118,128,140,144,136,128,133,124,105,95,100,106,104,102,110,128,141,135,129,125,121
84,97,108,111,113,123,123,118,119,130,120,101,96,108,117,115,112,114,122,125,121,126,131,129
84,94,99,96,93,101,100,103,114,126,112,93,93,112,124,122,117,114,112,107,110,123,131,126
73,82,86,83,78,82,82,93,111,122,105,86,89,111,125,121,113,107,102,98,109,127,130,117
70,78,82,78,71,70,72,90,115,124,105,86,87,107,123,119,106,95,92,97,115,133,130,108
76,81,81,77,70,62,64,89,121,134,115,94,89,101,118,118,101,85,86,103,123,135,126,102
80,79,74,69,64,54,54,79,117,141,126,102,91,96,111,117,100,82,83,104,120,125,113,91
78,70,62,58,58,51,48,67,106,140,128,103,89,94,110,118,101,81,77,91,99,99,88,76
71,61,53,52,56,53,47,63,99,134,122,97,84,93,113,120,102,79,69,73,74,70,66,64
