74,78,88,93,82,67,58,69,114,189,221,237,239,212,141,102,90,87,81,77,53,32,38,64
90,87,90,92,82,64,55,68,114,186,219,237,238,210,140,101,90,86,81,77,54,34,40,66
99,92,91,91,82,62,52,68,117,187,221,238,238,208,138,100,88,85,81,76,56,39,45,69
99,91,88,88,81,62,51,69,121,192,225,238,237,206,136,97,86,83,79,75,57,42,48,70
99,89,85,85,78,62,54,75,128,194,222,233,232,204,138,96,82,78,73,71,56,42,49,72
101,91,86,82,72,68,76,104,147,192,212,221,225,212,162,105,76,64,59,58,50,47,63,92
105,94,89,82,70,92,128,156,175,192,202,207,216,219,193,129,81,57,48,44,54,83,119,142
87,82,87,87,75,102,142,163,164,164,165,166,173,180,170,124,85,63,56,52,70,112,151,164
58,64,83,96,90,100,119,129,129,132,130,123,114,109,105,95,88,88,90,83,96,129,155,159
46,57,85,110,113,109,110,113,121,140,141,125,95,68,64,81,98,119,133,113,118,151,173,164
60,67,92,119,131,124,121,120,131,156,163,149,120,92,83,80,84,108,128,90,96,152,192,181
55,64,89,121,151,166,171,173,181,192,190,174,152,134,126,120,122,141,157,129,135,176,208,205
46,58,84,119,157,188,197,201,204,198,186,179,178,177,174,173,175,182,189,180,184,196,200,190
55,67,88,113,138,158,164,168,167,152,139,153,179,198,199,200,197,196,196,196,196,189,164,131
97,101,106,107,101,87,86,95,98,84,76,96,134,168,173,170,168,167,166,165,164,153,116,71
150,141,127,105,77,48,41,45,49,51,66,74,84,97,100,100,101,103,103,99,97,90,74,55
146,141,130,107,73,46,40,39,37,40,54,57,55,54,53,55,58,61,61,56,53,51,48,46
114,121,124,107,73,57,56,54,51,52,54,54,52,48,47,48,50,52,51,47,45,46,47,47
104,115,121,104,68,62,66,68,69,74,68,65,63,61,62,61,60,59,59,58,58,59,59,57
139,137,125,94,57,59,64,66,67,71,67,65,63,61,60,60,59,58,57,57,58,59,60,59
126,125,111,83,55,57,59,60,61,62,62,62,61,59,59,59,57,56,56,57,57,58,59,58
92,92,84,70,57,57,57,58,59,59,61,60,60,59,59,58,57,56,57,59,58,57,57,58
64,64,62,59,58,57,57,58,59,60,60,59,59,60,61,60,58,58,58,59,57,56,57,59
55,54,53,54,55,56,57,57,59,61,59,58,58,60,63,63,61,59,58,57,56,55,56,59
