51,50,50,52,56,64,80,99,115,123,137,165,173,146,98,70,59,55,54,56,61,84,117,141
51,50,50,53,59,71,89,107,118,122,136,163,168,139,92,68,59,56,54,55,60,84,117,140
51,49,51,56,65,81,100,114,119,120,134,159,162,130,85,66,59,55,54,55,60,84,117,139
50,49,52,60,74,92,109,120,121,118,131,154,154,122,81,65,58,55,55,56,60,84,117,139
49,50,55,67,84,102,116,123,122,117,127,148,146,115,78,65,58,55,55,57,61,86,118,138
51,53,61,76,95,109,119,122,118,113,121,140,139,111,77,64,58,55,55,57,62,87,118,134
54,58,69,86,103,114,121,121,115,105,112,134,136,110,76,63,58,56,56,58,64,88,116,129
57,63,77,95,110,118,122,119,109,96,101,127,135,112,79,64,58,56,57,58,66,92,119,129
62,71,88,105,116,121,122,115,100,86,91,121,137,120,86,67,58,56,56,59,72,102,128,132
69,83,102,117,123,122,117,107,91,77,81,114,137,130,99,74,61,57,57,63,84,116,134,128
77,96,116,127,127,121,112,98,82,69,72,101,131,140,121,94,74,65,67,78,105,132,134,115
79,102,122,130,129,120,108,92,75,64,65,85,116,140,140,124,106,96,98,111,131,137,121,95
78,99,116,124,126,116,103,85,69,62,62,71,94,123,140,142,135,129,130,136,137,123,98,78
77,90,103,111,114,106,92,77,65,62,62,64,75,94,119,133,137,138,136,131,115,94,76,68
81,87,91,93,92,86,73,63,60,61,61,63,67,74,83,94,101,102,99,91,80,72,67,66
83,86,88,87,79,64,48,43,46,51,56,60,64,68,70,72,74,73,72,69,67,66,65,64
82,83,84,81,71,51,36,29,31,35,41,48,54,59,63,65,64,63,63,63,64,64,63,60
79,79,77,72,60,44,33,27,24,23,26,32,38,45,53,59,61,62,62,63,63,61,57,50
77,74,69,60,46,36,33,32,28,23,19,19,22,28,37,46,53,56,58,58,57,53,45,37
74,69,61,48,33,28,30,33,34,30,25,20,17,18,23,29,36,41,44,45,42,36,30,24
71,65,53,38,25,21,23,28,32,33,30,25,20,15,15,17,21,25,27,28,26,23,19,16
66,58,43,28,19,18,20,24,28,31,31,30,25,18,13,11,13,15,17,16,15,14,12,11
60,48,32,20,16,17,18,21,24,27,29,30,27,22,16,11,9,10,10,10,8,8,9,11
55,39,23,15,15,16,18,20,23,24,25,27,27,25,20,14,9,7,6,5,4,5,9,14
