74,74,72,61,42,30,33,44,58,78,113,157,187,189,168,151,143,137,128,117,106,98,106,125
73,72,67,54,36,32,39,53,71,92,123,163,189,190,167,147,135,125,114,103,94,88,99,120
73,70,61,45,33,36,49,66,86,107,133,168,191,188,161,136,121,109,97,89,83,81,95,118
71,68,55,41,36,45,60,79,98,116,138,169,189,183,152,123,106,96,87,83,81,80,95,119
69,63,50,39,43,57,73,90,106,119,137,167,185,176,142,111,94,87,83,82,81,81,95,118
68,60,49,44,54,70,86,100,110,117,132,160,177,168,132,101,88,85,83,81,81,81,95,118
67,57,49,52,66,83,97,107,112,113,124,149,166,159,127,99,87,85,84,83,82,82,96,119
65,56,53,62,78,92,102,107,108,105,113,135,153,154,128,101,89,87,85,85,84,84,100,124
63,57,60,74,89,98,102,102,99,95,101,118,140,153,137,111,95,89,86,87,87,92,111,135
61,61,70,85,96,100,100,96,90,86,90,103,127,151,152,132,111,96,91,91,95,109,130,147
59,68,81,93,98,100,96,89,81,75,81,92,111,136,156,155,141,126,117,117,125,139,146,145
64,77,91,99,101,99,93,83,72,64,74,89,101,115,140,157,160,154,149,149,152,151,139,122
74,87,98,102,102,97,90,79,65,57,71,90,99,102,115,134,148,152,151,150,145,134,116,100
85,95,103,103,100,94,87,75,61,56,69,91,103,102,99,103,113,122,124,121,114,104,96,91
94,101,105,103,98,90,80,69,59,57,66,88,105,108,101,92,90,95,100,100,97,95,94,94
102,106,108,104,98,90,77,66,60,60,63,79,98,109,106,98,92,90,94,97,97,97,95,94
109,111,111,106,99,89,75,66,62,62,61,67,81,97,104,104,99,96,96,98,97,93,86,81
116,115,112,107,99,86,73,66,63,60,58,57,62,73,86,94,96,95,92,90,85,77,67,60
121,118,112,105,95,81,70,64,60,55,51,48,46,49,57,67,75,78,76,72,66,56,47,43
124,119,111,101,90,74,64,58,54,49,44,41,39,38,39,42,46,50,52,51,49,44,41,41
124,118,108,95,78,64,55,50,47,43,38,36,34,33,32,31,33,35,37,40,40,39,38,38
122,114,100,83,65,52,45,42,40,38,34,32,31,30,29,28,27,27,28,30,31,31,31,30
118,106,89,71,53,44,39,36,35,33,31,29,27,27,27,26,25,24,23,24,24,23,23,22
114,100,82,64,47,40,36,34,33,31,29,27,26,25,25,25,24,23,23,22,20,18,18,19
