128,111,99,97,97,96,96,96,95,94,94,96,105,121,132,124,108,97,96,96,95,98,112,133
122,107,98,97,96,96,96,96,95,95,95,101,114,127,129,116,103,97,97,96,95,100,118,139
114,102,96,96,95,94,94,94,93,93,95,108,123,129,119,105,96,94,94,93,93,101,121,142
106,96,92,92,91,90,90,90,90,91,98,115,128,126,108,93,88,88,87,87,88,100,121,140
96,88,85,85,85,84,84,84,86,90,106,122,129,120,99,83,79,80,79,80,82,98,120,134
83,78,74,74,75,74,74,75,80,93,114,126,125,112,88,75,72,72,72,73,77,95,116,125
72,68,65,65,65,64,64,68,80,100,117,124,118,99,75,66,65,65,65,66,76,96,112,115
66,62,60,59,59,58,60,70,89,109,118,121,111,87,67,61,60,60,61,65,84,103,112,109
63,60,58,57,57,58,64,81,101,113,116,119,105,79,63,59,58,58,61,72,97,111,111,107
62,59,57,57,58,64,77,94,106,107,112,115,100,74,61,58,58,60,68,88,110,113,105,103
61,58,57,58,64,80,95,102,97,92,103,110,97,72,60,58,59,66,83,108,113,100,87,89
61,58,58,64,78,97,106,99,85,78,95,106,96,73,61,59,65,81,103,114,101,82,71,73
63,62,66,79,95,105,101,87,72,69,86,102,98,79,67,68,81,100,113,105,83,68,62,63
72,73,82,95,104,99,84,70,62,63,76,93,99,91,83,87,101,111,108,86,68,61,60,60
89,92,97,101,96,81,68,61,59,59,66,80,95,102,103,108,111,104,87,69,62,59,59,59
91,92,90,84,76,66,61,59,58,58,59,67,78,89,96,98,93,81,69,61,60,59,58,58
75,76,73,68,63,59,58,58,57,57,57,59,64,70,75,76,72,66,60,58,59,58,58,57
61,62,61,59,58,58,58,57,57,57,57,57,57,59,60,61,60,59,59,58,58,58,57,57
57,58,58,58,57,57,57,57,57,57,57,56,56,57,58,59,59,59,59,58,57,57,59,62
56,57,58,58,57,56,56,56,56,56,56,56,56,56,58,59,59,59,58,58,58,60,69,80
55,56,57,57,57,56,56,56,57,56,56,56,56,56,57,58,58,58,58,59,65,77,93,106
55,56,56,57,57,56,56,56,57,57,56,56,57,57,57,58,58,58,60,67,82,99,111,113
55,55,56,56,57,56,56,57,57,57,56,57,57,57,57,58,58,61,70,85,101,111,109,100
54,55,56,56,56,56,57,57,57,57,57,57,57,56,56,57,59,67,83,102,111,107,93,82
