60,60,60,59,59,60,60,60,70,97,132,132,104,73,64,61,60,60,60,65,90,123,132,114
60,60,60,59,59,59,60,60,69,97,132,132,104,74,64,62,61,61,61,65,90,123,133,114
60,60,59,59,59,59,59,59,69,97,132,132,104,74,65,63,62,61,61,65,90,124,134,115
60,59,59,59,59,59,59,59,68,96,131,131,104,74,66,63,62,61,61,65,90,125,136,117
60,60,60,60,60,60,59,59,68,95,131,132,104,74,66,63,62,61,61,65,90,126,137,118
63,63,62,63,64,64,63,63,71,96,133,133,106,75,66,63,61,60,61,65,90,125,137,119
77,76,76,77,78,78,78,76,82,107,142,140,111,79,68,63,61,60,60,64,90,125,138,120
100,99,98,99,99,100,100,97,103,127,159,156,127,95,81,74,69,65,63,66,90,125,138,121
123,122,121,121,121,122,122,119,124,150,177,176,150,118,104,96,88,81,75,75,97,130,141,124
137,137,136,135,135,135,134,131,138,163,187,188,167,139,127,120,113,106,99,97,116,145,152,133
143,144,143,142,142,142,141,138,143,167,191,194,175,151,139,135,131,125,121,120,139,165,169,151
145,145,145,144,143,143,143,141,146,169,193,196,179,155,144,142,139,135,131,133,153,177,183,168
139,138,138,137,136,136,137,136,142,166,191,194,176,154,145,143,141,138,136,139,160,183,191,180
123,121,120,120,120,120,122,122,127,152,182,186,167,145,139,139,138,137,137,141,162,186,195,186
100,98,97,96,96,97,98,97,104,130,165,170,150,127,123,125,129,131,133,139,161,186,196,189
82,81,80,79,79,79,79,78,85,113,150,154,131,103,97,100,104,109,115,127,155,183,195,189
74,73,73,72,72,72,71,69,77,106,144,148,121,89,79,79,81,84,90,104,135,170,187,182
73,72,71,71,71,71,68,65,73,104,143,146,118,83,70,68,67,68,72,82,113,152,173,167
73,72,72,71,71,70,63,59,70,102,142,145,117,82,69,67,65,64,66,72,100,138,158,148
74,73,73,73,72,66,56,53,67,101,141,144,115,80,70,69,67,64,65,70,96,134,150,137
74,74,74,73,68,57,48,49,66,101,138,141,113,81,71,70,68,66,65,70,95,132,148,134
75,75,75,71,61,48,43,49,67,100,135,138,113,82,72,71,69,66,65,70,94,131,147,134
75,75,73,64,50,39,39,48,69,102,137,140,115,85,74,72,69,67,66,70,94,131,147,134
75,75,69,55,39,34,35,46,69,106,144,146,119,86,75,73,71,68,67,72,96,132,147,133
