40,40,40,43,48,48,49,55,60,58,63,70,74,73,68,70,73,69,61,63,63,59,73,104
35,35,35,38,43,45,48,56,64,67,69,72,75,75,72,70,70,64,53,52,51,47,59,85
31,31,32,35,36,38,43,52,64,74,76,76,75,73,69,62,57,51,42,39,37,35,39,51
28,29,32,34,32,33,36,45,59,73,80,77,71,66,59,51,44,38,34,30,27,25,23,22
25,27,32,34,31,32,34,41,53,66,77,76,68,59,51,43,36,30,26,22,19,17,16,14
27,29,32,35,33,30,30,36,46,59,75,80,75,65,49,34,24,19,17,16,15,14,14,14
27,28,30,32,32,29,31,39,53,69,85,89,85,75,52,28,18,16,16,16,16,16,16,16
23,24,26,28,31,31,35,43,58,77,91,96,95,86,60,32,21,19,18,18,21,23,23,21
19,20,22,25,29,35,44,52,61,77,90,98,101,95,74,48,36,31,26,27,33,36,34,31
24,24,27,29,31,42,64,72,69,76,91,98,102,101,91,75,65,58,51,52,55,55,52,49
60,61,63,64,64,72,92,97,90,90,104,110,113,114,111,104,100,97,96,95,95,93,89,87
104,106,108,109,110,115,124,127,126,126,133,137,139,141,143,142,141,141,140,138,137,135,132,130
123,127,129,130,132,135,140,144,147,150,153,155,156,158,161,162,163,165,165,164,162,161,159,157
119,123,126,127,129,132,137,141,144,148,151,153,153,153,155,156,159,162,164,165,164,163,162,161
124,127,129,130,131,132,133,134,135,138,140,141,140,140,141,142,144,146,147,149,149,148,148,148
117,121,124,125,127,128,128,130,132,135,137,136,135,135,134,136,137,139,139,139,137,137,138,137
92,95,97,98,101,104,104,106,108,110,113,113,114,116,115,117,121,124,124,124,122,121,122,122
59,60,61,62,66,68,69,69,70,72,73,74,76,79,80,85,90,93,94,93,92,91,92,93
40,39,39,40,42,43,42,41,41,42,43,42,43,46,48,51,54,56,56,56,55,56,58,58
56,55,54,54,53,53,51,49,48,48,49,48,47,48,48,45,43,41,41,41,42,44,45,44
91,92,91,90,90,90,90,88,85,84,86,84,82,82,81,81,81,78,75,75,76,76,74,73
111,113,113,113,113,115,115,113,110,111,110,106,104,106,107,110,111,109,105,105,105,104,103,103
120,121,123,123,122,125,125,123,122,125,122,117,115,117,120,124,124,122,119,118,118,118,119,120
128,129,129,128,126,129,129,127,128,133,131,125,121,122,125,127,127,125,124,123,122,123,125,125
