192,191,190,191,193,189,150,145,176,192,190,189,191,193,195,195,194,194,193,192,190,185,178,172
189,187,187,189,190,177,131,121,155,188,192,192,193,193,192,190,189,184,174,164,162,149,131,121
186,185,186,190,191,176,124,111,145,182,184,180,177,171,157,148,146,139,125,115,113,104,91,84
186,186,186,188,188,173,124,113,143,161,151,141,135,128,109,98,96,92,81,77,79,77,74,72
182,180,174,170,165,146,108,109,133,121,98,87,86,86,81,78,78,77,75,75,78,75,71,69
149,141,123,109,106,97,82,101,125,101,84,79,81,80,72,73,76,75,71,75,78,77,76,78
103,100,90,81,80,79,76,104,130,102,76,74,80,79,73,79,84,82,80,89,91,92,94,100
80,77,72,70,72,76,78,108,136,111,81,81,89,90,86,94,98,98,99,111,112,116,125,134
82,74,69,71,75,76,78,108,138,125,100,104,114,113,107,115,118,119,124,133,132,138,150,157
92,80,80,88,90,83,78,102,139,148,125,136,145,135,125,135,139,141,146,145,141,143,149,152
109,97,98,108,106,89,78,99,140,164,146,153,156,145,138,143,147,151,151,140,142,146,147,146
127,116,121,133,125,95,80,97,135,165,155,155,152,143,145,145,152,157,152,137,143,147,146,142
151,132,135,147,136,102,82,94,131,168,163,155,146,138,144,144,151,154,148,140,144,148,148,143
171,144,139,147,135,106,83,90,130,177,166,154,144,136,138,143,148,147,143,144,145,148,149,148
168,147,140,144,132,102,81,88,126,179,159,146,143,140,137,146,152,148,141,146,147,145,145,150
149,148,147,139,121,91,76,86,127,178,160,143,140,143,140,149,152,145,139,149,152,147,148,157
152,156,154,140,112,82,70,81,115,158,155,142,136,141,148,158,153,144,142,151,152,149,150,156
163,156,153,139,102,76,69,76,99,138,149,143,136,139,153,161,150,142,147,151,151,152,154,157
161,145,146,137,95,75,73,74,90,134,148,148,141,137,141,144,139,140,150,152,150,156,162,162
146,142,148,137,96,75,72,75,95,143,152,152,145,128,103,99,121,144,151,153,150,156,163,162
115,127,142,133,88,64,58,65,92,139,153,148,130,105,82,85,120,150,154,152,152,159,166,166
103,111,128,123,77,56,51,58,80,118,133,131,117,104,107,115,141,159,157,152,154,157,159,160
100,102,119,116,68,51,49,56,74,104,119,124,121,121,141,149,156,160,158,149,149,146,144,147
92,102,122,115,63,47,47,57,78,110,127,137,137,136,150,152,151,152,153,144,140,133,131,135
