39,35,35,37,36,30,28,30,33,34,36,41,37,30,37,40,35,30,29,32,42,44,37,28
34,31,28,28,30,29,28,30,33,36,36,38,35,33,39,41,33,26,26,27,34,35,30,23
29,25,22,21,22,24,26,29,34,38,36,38,36,32,31,33,29,26,30,33,32,30,26,21
24,21,20,20,18,20,23,27,32,37,35,38,36,27,20,24,24,26,33,39,34,32,30,26
18,17,19,20,19,18,19,22,27,33,35,36,30,21,17,21,21,21,23,28,27,33,36,32
13,13,15,17,19,19,20,24,31,38,45,40,30,19,15,16,18,17,15,19,22,28,33,30
12,11,13,15,17,19,26,35,45,54,63,55,38,23,18,17,19,17,13,16,20,23,26,28
13,12,12,13,15,18,28,42,55,64,71,63,45,27,19,17,17,16,15,18,21,22,23,26
13,13,12,12,14,19,29,44,58,63,68,68,52,29,18,14,14,18,24,32,33,28,25,25
13,15,15,14,19,28,40,51,57,56,67,77,66,37,18,12,17,30,48,60,58,44,31,25
15,22,28,30,32,40,50,52,48,48,63,79,80,63,38,24,32,49,64,72,71,62,47,33
32,45,54,53,48,49,51,46,40,46,62,75,80,75,59,45,45,54,62,63,66,67,60,48
45,58,65,63,58,59,59,49,37,40,53,60,63,62,59,54,49,48,50,49,55,63,64,58
47,51,55,55,57,64,65,53,37,29,37,42,41,38,44,50,47,42,41,41,50,57,60,60
44,40,42,47,46,47,44,36,29,25,29,32,30,30,40,50,49,46,47,45,50,54,58,62
33,29,30,34,36,35,30,25,21,20,23,31,34,36,46,58,55,45,40,41,41,46,55,64
18,19,26,37,46,45,38,29,23,19,18,24,29,32,43,65,66,55,48,49,43,45,53,61
9,12,23,37,47,44,38,32,25,18,13,16,21,25,33,55,61,57,53,55,52,52,55,57
6,10,15,22,28,23,21,22,21,13,10,14,21,26,28,32,37,41,43,46,55,59,56,52
3,5,7,10,13,11,12,15,16,11,12,22,32,36,36,30,23,23,31,34,45,53,51,45
4,7,14,24,32,29,24,21,19,18,24,38,46,44,35,27,22,29,45,43,39,38,38,35
12,21,34,48,58,50,43,36,31,31,33,43,50,47,37,28,24,33,47,41,31,25,26,29
17,29,44,59,70,64,60,51,41,37,32,38,46,47,41,30,25,28,34,28,23,19,22,29
14,25,38,51,68,69,68,58,43,32,25,32,41,45,43,33,24,20,20,17,20,20,23,33
