129,120,85,50,46,38,69,86,70,40,32,43,46,33,20,6,1,1,2,3,2,2,2,2
106,95,64,35,26,19,30,37,30,17,13,16,17,12,7,3,1,1,2,2,1,1,1,1
51,44,29,14,8,4,4,4,4,2,1,0,0,0,0,0,0,1,1,0,0,0,1,1
4,3,2,1,0,1,0,0,0,1,0,0,0,0,1,0,0,0,0,0,0,1,1,1
0,0,0,0,0,0,0,0,0,0,0,0,0,0,0,0,0,0,0,0,1,2,2,3
0,0,0,0,0,0,0,0,0,0,0,0,0,0,1,1,0,0,0,0,1,2,6,12
0,0,0,0,0,0,0,0,0,0,0,1,2,4,7,6,2,0,0,0,6,14,31,50
0,0,1,1,1,1,4,5,4,2,2,5,11,19,25,13,4,0,3,13,37,51,59,68
5,5,5,5,4,5,11,17,16,9,5,14,30,42,41,18,7,8,20,41,77,85,77,73
25,20,16,15,15,11,17,29,34,21,16,35,57,61,40,16,12,31,59,74,93,89,85,97
65,43,32,41,53,30,19,25,33,28,44,71,78,62,42,19,36,71,91,84,107,116,112,106
85,62,41,50,84,74,42,21,25,43,72,83,74,52,35,29,60,91,93,83,100,115,106,80
91,77,52,46,73,86,57,28,27,53,66,58,45,34,24,48,81,94,83,73,86,107,98,61
88,92,72,45,39,57,53,40,37,49,35,19,14,17,18,60,89,90,73,57,76,107,105,69
81,109,99,59,32,35,42,42,37,34,22,12,9,14,23,49,78,86,67,42,71,115,123,90
79,121,106,54,34,60,73,53,32,44,41,20,6,17,50,71,80,76,63,45,61,107,141,136
82,122,105,57,51,78,68,39,21,32,32,16,4,23,79,90,73,56,50,46,53,89,127,138
73,104,91,54,49,57,36,17,11,14,12,5,3,25,85,87,59,37,36,39,47,76,100,100
53,74,68,43,30,23,11,6,7,6,3,3,5,24,72,72,51,34,32,30,41,73,84,57
57,66,63,52,50,50,26,9,7,7,7,17,23,34,75,81,67,54,48,36,40,73,82,47
102,97,81,66,67,94,72,40,24,26,38,62,61,43,59,78,77,71,66,44,43,68,72,40
116,111,93,67,50,79,90,74,50,49,71,78,57,29,36,77,92,88,77,51,48,55,51,34
100,105,94,62,27,41,74,80,64,60,78,62,31,10,20,72,104,102,78,57,62,58,45,38
81,95,91,62,26,26,47,61,59,57,59,40,17,6,14,61,106,107,72,63,80,79,63,51
