32,94,129,114,78,61,96,111,107,118,86,34,4,6,20,50,52,38,27,25,20,13,7,2
28,84,112,92,58,49,70,91,101,101,83,38,7,5,16,51,76,68,33,16,12,10,7,3
31,87,112,88,50,44,51,76,97,85,80,51,21,9,18,51,75,63,24,8,5,7,7,4
40,87,109,87,52,47,46,70,92,75,74,63,36,11,19,40,45,30,8,3,2,4,5,4
44,65,77,68,47,47,46,64,82,66,65,64,40,9,11,17,16,9,4,2,1,3,5,4
39,50,66,66,47,45,43,58,72,60,53,59,42,9,4,5,6,4,2,1,1,2,3,4
26,38,70,84,56,48,45,65,88,79,70,90,69,14,2,1,2,6,11,12,11,16,24,28
23,33,72,92,56,42,38,68,101,93,85,114,89,18,3,1,3,14,31,35,32,43,54,51
30,35,66,81,48,36,31,62,99,95,90,119,92,18,4,7,13,28,50,56,47,58,65,52
38,46,63,70,59,54,41,57,86,89,100,117,83,16,6,20,37,49,57,62,43,41,41,28
78,93,109,113,105,101,73,54,51,60,108,107,61,14,12,32,63,86,92,89,62,45,36,25
87,111,127,128,124,117,80,47,39,58,105,88,52,35,31,40,79,111,110,91,86,64,35,20
95,129,148,147,141,115,73,47,53,80,90,65,60,80,75,66,96,125,121,99,96,64,26,10
121,159,180,177,163,111,68,58,77,97,63,40,60,100,99,82,93,108,108,97,73,39,12,3
158,182,193,189,174,112,71,72,88,74,30,12,20,35,39,33,34,38,39,33,19,9,4,2
172,168,172,180,174,119,84,74,66,38,14,4,4,6,7,6,6,7,8,7,4,2,1,1
173,138,124,128,116,80,61,48,36,27,16,5,0,0,0,0,0,0,0,0,0,1,1,1
138,98,73,65,48,33,30,23,16,22,15,5,0,0,0,0,0,0,0,0,0,0,1,1
70,53,39,30,20,16,20,16,8,7,4,1,0,0,0,0,0,0,0,0,0,0,0,1
15,16,27,39,40,26,26,19,7,2,1,0,0,0,0,0,0,0,0,0,0,0,1,2
2,6,26,44,39,18,13,9,4,1,0,0,0,0,0,0,0,0,0,0,0,0,1,2
1,3,14,24,19,7,3,3,1,1,0,0,0,0,0,0,0,0,0,0,0,0,1,3
1,1,2,2,1,0,0,1,0,0,0,0,0,0,0,0,0,0,0,0,0,0,3,10
0,0,0,0,0,0,0,0,0,0,0,0,0,0,0,0,0,0,0,0,0,0,7,20
