66,59,74,99,114,127,128,126,136,166,178,190,192,183,170,136,120,136,163,157,108,89,115,153
107,73,65,85,103,121,136,134,129,146,166,181,184,175,163,128,124,146,172,170,134,95,91,120
155,109,74,70,87,108,135,139,130,136,166,181,177,167,162,128,118,143,177,179,164,117,83,87
172,150,104,68,69,87,118,137,140,146,171,181,175,168,173,142,117,128,165,173,177,144,96,71
150,166,136,81,54,63,93,127,151,161,161,167,173,178,186,166,132,120,139,155,173,158,114,75
118,134,129,94,50,50,75,111,143,158,149,151,165,179,181,171,149,134,133,145,172,169,134,97
90,83,84,75,45,43,63,92,122,148,154,158,168,177,170,165,154,146,149,157,175,180,156,120
69,55,52,52,41,38,54,79,107,138,154,166,180,185,169,163,156,154,159,169,181,189,176,147
53,57,54,46,42,42,54,75,104,134,150,170,190,197,177,167,162,159,161,175,184,191,185,168
42,70,81,67,52,66,68,77,100,130,154,172,190,199,184,173,167,165,168,179,183,182,175,168
42,89,123,115,88,118,107,85,83,113,143,155,172,192,188,174,163,162,168,174,173,173,166,155
43,102,155,157,122,141,138,102,71,91,116,124,143,173,186,173,161,161,170,173,166,162,159,153
39,94,153,173,149,138,139,108,67,66,85,95,115,149,175,165,149,150,165,173,163,154,155,163
34,65,112,152,165,136,122,103,76,57,66,79,98,127,158,148,125,125,154,169,165,153,156,176
42,38,55,102,158,157,121,107,109,83,67,74,91,114,146,131,99,100,141,164,170,160,162,181
77,59,44,62,120,161,138,127,137,128,83,68,81,108,138,136,120,115,132,155,173,179,181,184
99,74,43,40,85,142,153,146,147,157,120,83,80,106,131,154,164,157,143,151,169,184,191,192
112,85,49,34,58,105,146,153,141,142,145,112,90,99,121,159,191,193,170,158,166,180,190,194
116,98,65,38,39,63,114,143,133,105,143,143,113,91,110,143,181,201,195,176,170,175,184,188
100,106,86,52,32,34,69,119,143,116,134,163,146,102,105,124,151,178,194,190,175,170,177,185
91,101,95,71,45,31,41,90,143,149,134,159,154,113,102,110,124,147,176,192,186,176,179,190
85,101,105,88,60,38,31,62,117,153,130,136,149,146,129,113,111,126,156,189,198,189,184,193
78,102,111,95,71,49,35,43,80,133,132,117,133,166,158,120,105,113,137,177,202,201,192,193
71,98,107,94,77,61,43,35,57,117,144,115,112,150,162,117,98,104,124,163,195,204,200,195
