82,66,45,31,28,39,67,86,86,79,89,91,86,82,83,79,65,57,58,47,34,27,26,27
75,61,43,30,29,41,61,77,83,77,75,74,73,74,78,79,65,48,38,34,29,27,26,26
66,59,46,36,37,44,50,62,74,75,60,55,59,63,66,73,61,39,22,23,24,24,23,23
57,57,53,48,47,44,44,54,68,74,59,55,59,63,60,59,47,28,12,16,19,23,28,35
52,51,56,59,51,41,47,58,68,75,75,73,74,75,67,44,26,13,7,10,20,37,59,77
54,51,58,64,55,45,43,49,60,74,77,70,69,73,70,37,16,12,17,27,51,88,125,146
55,52,60,69,62,50,40,39,48,61,63,65,62,54,50,37,34,47,70,86,92,107,132,154
56,55,62,70,65,55,46,42,44,49,50,66,80,81,81,83,74,76,96,113,106,100,108,123
52,52,57,61,58,56,57,55,51,50,54,86,124,146,147,145,117,93,95,109,105,97,95,98
42,42,42,42,45,52,64,67,62,64,82,123,165,185,175,162,138,118,114,122,123,121,117,116
52,45,35,32,46,64,78,81,76,75,91,116,133,140,140,142,140,138,137,138,139,138,139,143
77,74,54,39,55,79,88,88,84,81,86,99,109,115,124,135,143,147,148,148,150,153,157,160
90,95,78,57,61,81,87,91,95,97,101,109,116,120,122,125,131,134,137,144,157,164,158,144
85,90,88,77,67,75,85,98,112,122,131,134,130,119,104,99,103,107,107,114,137,146,126,92
79,74,81,88,83,84,98,116,129,133,137,126,98,66,50,68,87,91,80,64,71,74,55,29
83,77,83,98,107,110,123,135,139,133,113,86,55,36,53,116,142,139,118,76,45,33,24,12
89,90,97,109,120,126,128,122,111,95,68,47,29,26,62,138,164,148,116,79,41,25,22,19
99,105,115,125,130,122,100,78,62,48,32,26,24,31,63,120,131,106,80,79,48,31,28,28
109,118,131,140,131,94,52,27,20,22,27,30,36,45,54,77,69,47,42,74,54,34,27,29
103,124,142,133,92,42,16,7,9,23,48,55,60,61,39,36,28,21,26,40,37,32,29,28
66,90,109,97,50,16,4,2,5,17,39,51,66,71,32,24,23,24,27,31,32,34,36,38
53,59,69,62,31,16,11,9,9,14,25,33,47,54,31,26,29,32,34,36,39,43,46,48
76,52,42,40,29,25,22,19,18,20,22,24,30,35,33,34,37,41,44,47,50,51,52,52
110,63,35,32,27,28,27,25,25,28,29,30,32,34,36,40,46,50,53,55,54,52,50,49
