204,221,224,214,214,216,219,221,221,217,225,237,242,240,238,237,238,239,239,234,237,246,251,248
218,233,239,233,224,219,220,225,229,229,233,243,249,242,219,202,198,210,227,232,238,247,248,238
235,243,246,227,187,162,157,179,213,233,238,247,251,231,172,124,112,145,201,228,238,248,245,226
247,249,244,204,125,78,69,115,186,229,238,247,249,219,136,65,44,92,180,225,239,249,243,221
250,253,245,192,91,35,28,88,177,228,238,247,249,221,145,73,44,90,182,228,241,250,243,222
251,253,245,193,92,39,33,92,179,230,240,249,251,221,143,74,48,94,185,231,243,251,241,213
252,253,245,195,97,46,39,97,183,232,242,250,250,215,121,51,37,96,189,234,245,251,237,205
252,253,245,193,92,38,34,98,187,235,244,251,250,210,106,34,28,94,189,231,244,251,237,205
251,253,244,190,87,31,31,99,188,232,243,251,249,213,122,59,50,106,189,222,240,250,242,219
252,253,246,198,108,59,56,112,186,220,239,250,250,228,175,138,126,152,198,213,236,248,248,240
250,253,250,224,177,155,152,176,206,215,234,247,251,244,229,219,214,219,228,229,238,241,239,238
248,250,250,241,225,218,216,221,225,220,228,234,236,236,236,236,232,229,230,232,233,230,226,226
238,239,239,238,234,230,228,228,226,223,222,219,217,218,220,220,215,210,209,212,210,206,202,201
220,219,219,217,215,210,207,205,206,208,206,201,198,197,198,198,195,192,189,188,186,183,183,185
203,199,194,191,192,192,189,185,181,179,179,176,175,176,176,178,184,191,195,195,195,197,203,211
175,175,176,179,183,186,189,193,196,199,202,205,210,214,215,218,223,229,232,231,233,234,233,230
200,203,209,215,218,218,220,222,223,226,230,234,235,229,216,208,205,204,207,219,232,238,221,193
234,237,238,233,222,213,207,200,201,214,228,235,229,203,157,132,121,120,136,180,207,216,190,142
236,239,229,198,156,135,121,112,121,162,197,210,199,155,77,40,29,37,71,145,185,192,157,105
207,215,201,147,69,39,31,35,64,129,178,190,170,120,48,19,15,27,58,119,179,179,119,53
164,169,159,121,64,31,21,28,52,101,167,184,141,69,26,12,15,30,60,111,176,170,98,26
125,126,117,99,80,60,46,48,67,100,163,181,132,56,25,12,18,37,70,118,181,169,91,17
105,106,96,86,90,83,68,68,85,110,155,170,134,71,37,15,19,42,78,128,188,175,99,26
106,109,100,90,92,86,73,75,93,112,141,157,133,83,46,18,19,43,82,133,191,182,112,43
