106,105,105,106,107,106,107,108,109,111,116,118,121,125,128,128,126,126,128,131,132,132,132,132
110,111,109,107,107,106,104,102,103,109,115,116,115,117,120,123,122,122,124,124,123,123,124,125
88,88,86,85,88,87,84,82,84,92,94,91,87,88,91,94,92,90,90,89,88,89,92,94
56,55,53,54,58,58,58,59,62,67,65,60,56,56,58,56,52,49,47,47,49,51,53,55
43,41,38,36,37,38,41,46,50,50,47,45,45,44,43,36,31,28,28,30,33,34,34,34
43,42,39,35,35,38,41,46,52,50,46,46,46,43,39,33,29,29,30,31,33,33,32,32
41,40,36,32,32,33,36,43,52,54,47,45,45,43,38,32,29,28,29,30,32,32,31,32
38,35,31,28,28,28,31,39,50,55,45,41,43,44,39,33,29,28,28,28,30,32,33,35
35,31,27,26,28,29,30,36,47,53,44,40,42,44,40,35,33,31,30,30,33,37,41,42
37,32,31,34,40,37,35,38,45,51,49,46,45,43,39,40,43,43,40,41,47,50,53,56
41,43,50,58,60,52,50,49,50,51,52,53,51,49,49,54,59,61,59,56,56,54,53,54
52,58,64,67,65,57,56,57,58,58,63,64,60,55,56,61,63,63,62,58,57,59,62,63
56,59,61,58,54,49,49,52,54,55,62,64,60,56,57,62,61,59,57,56,58,65,71,73
54,53,51,47,41,38,37,39,43,43,47,51,54,55,57,60,61,60,59,60,66,73,76,74
60,58,58,56,49,41,40,41,42,42,42,47,54,59,60,60,62,67,74,79,83,84,78,70
60,59,62,64,59,50,51,52,50,46,44,47,51,53,51,49,55,67,81,93,102,103,95,85
51,53,58,60,56,51,52,52,49,45,42,44,45,44,41,39,46,58,71,84,95,96,89,80
48,51,55,56,52,50,49,48,46,42,40,41,42,41,40,39,41,46,52,61,69,69,64,58
53,55,57,57,55,52,47,45,44,41,40,41,42,44,46,45,41,37,38,44,45,44,40,37
52,54,55,54,54,49,44,42,41,39,38,37,38,39,41,41,36,33,36,45,43,41,38,35
48,53,56,55,52,48,42,38,37,36,36,36,36,35,37,36,34,34,39,45,43,42,41,41
45,51,56,56,53,48,41,37,35,34,34,35,35,34,35,34,35,39,42,41,39,39,42,46
44,48,52,54,53,48,41,38,37,35,34,35,34,34,35,36,38,41,42,38,36,38,42,45
44,46,48,50,51,47,41,40,40,37,35,35,35,35,36,38,39,39,39,38,38,40,41,37
