129,128,131,122,92,77,70,68,69,71,78,103,119,121,133,168,166,128,80,65,61,54,51,55
122,120,115,103,81,72,68,67,69,71,75,95,110,116,135,169,177,150,106,86,75,62,54,55
94,93,90,83,74,69,64,64,66,69,74,84,91,96,111,134,151,147,126,110,94,79,66,61
64,64,67,70,69,64,59,58,62,67,77,83,83,81,83,93,103,110,109,103,91,82,75,68
59,56,56,60,62,55,53,54,57,64,84,96,97,90,86,87,78,66,60,59,57,61,67,70
81,78,72,62,49,44,49,51,47,49,73,97,108,108,107,105,86,62,47,46,46,50,55,56
98,94,85,69,48,43,51,51,43,43,66,93,109,113,113,112,99,80,65,58,57,60,61,54
104,101,97,87,72,64,68,65,57,60,79,98,109,112,112,113,110,103,94,88,86,86,83,76
108,106,108,110,107,101,99,94,88,91,104,111,115,118,118,119,124,126,123,123,122,120,117,113
122,122,126,132,134,134,134,130,125,122,126,129,134,140,142,142,148,151,150,153,156,157,155,153
167,167,170,173,174,175,177,176,171,169,173,176,180,186,188,187,188,191,192,195,197,198,198,197
204,204,204,203,202,203,204,204,202,201,204,204,205,207,209,207,203,204,208,210,210,209,208,207
211,209,206,203,202,201,199,198,198,197,197,195,194,195,195,191,185,185,190,190,188,185,180,176
183,179,175,172,171,168,164,162,161,161,159,158,158,159,159,153,148,149,151,150,150,149,142,131
134,131,128,126,125,123,122,121,120,121,120,120,121,122,123,119,117,118,119,120,126,134,131,116
110,109,109,110,111,110,110,109,108,106,104,106,109,110,108,105,105,108,109,110,125,144,147,132
103,103,104,105,105,104,102,100,98,94,93,97,102,103,98,94,96,99,100,102,120,142,149,138
105,104,104,104,101,98,95,91,88,85,85,90,95,96,92,88,89,91,91,95,115,135,141,133
107,105,104,102,99,94,88,83,80,81,83,86,90,93,90,87,88,89,88,94,115,132,134,126
103,101,99,97,94,88,80,74,74,81,87,88,91,95,90,86,88,90,92,97,117,130,129,119
94,91,92,94,91,82,74,69,73,87,93,94,101,107,96,88,87,89,90,98,115,122,115,105
89,86,89,95,96,85,75,74,84,96,94,103,114,114,99,91,86,84,85,93,103,105,100,94
90,86,86,93,101,95,90,97,110,114,103,109,115,110,97,91,85,85,89,91,92,91,89,86
94,87,83,87,100,106,112,125,138,134,121,110,104,100,96,89,87,94,103,97,90,88,85,80
