80,83,84,83,83,78,78,95,124,148,168,181,177,153,122,94,75,67,65,63,61,64,65,62
80,78,80,82,81,77,78,87,103,123,147,161,155,136,113,89,72,64,64,61,58,61,65,65
78,75,77,81,80,76,78,80,86,100,119,126,122,112,101,85,70,64,64,59,57,60,65,66
76,75,79,81,77,74,75,76,79,87,94,94,92,92,89,81,73,68,66,60,58,61,65,67
75,77,81,80,73,69,70,73,77,80,79,76,76,78,78,77,77,74,65,58,58,63,67,67
70,71,73,73,70,68,70,73,74,72,69,71,74,74,69,69,72,69,57,47,51,62,67,62
62,63,66,68,68,71,75,76,73,69,66,69,73,72,65,64,66,61,50,44,53,60,57,47
62,65,68,69,70,74,78,78,75,73,70,71,71,68,64,67,67,61,53,51,59,62,59,53
67,68,70,72,72,74,77,77,76,77,76,73,68,66,66,72,72,66,60,61,67,75,85,91
67,64,64,67,70,72,74,73,73,75,75,72,70,69,70,71,69,65,62,64,81,106,131,148
66,63,62,61,62,70,74,75,72,70,68,67,68,71,70,64,58,58,67,84,120,150,170,179
61,66,69,70,71,75,75,74,71,70,69,69,69,69,67,65,62,63,73,88,117,149,166,164
97,108,117,115,102,86,77,72,70,71,69,69,68,67,67,69,68,69,73,76,90,117,132,122
161,169,176,168,136,96,78,72,69,69,67,65,65,67,70,71,71,70,68,64,67,84,91,79
185,178,172,160,133,98,81,74,70,66,65,67,67,65,67,71,73,72,70,68,70,72,67,55
164,155,135,114,102,87,79,73,68,65,66,67,64,62,69,73,71,69,70,75,75,67,52,38
123,115,96,79,76,73,70,68,67,66,64,62,61,64,72,75,73,72,74,76,70,54,37,27
79,75,66,60,64,64,64,65,66,66,61,59,61,66,70,72,71,70,72,72,61,42,28,28
47,48,49,52,60,63,65,64,62,62,62,64,66,66,65,66,64,62,63,69,58,40,35,47
39,37,38,45,58,66,68,61,56,60,68,71,70,68,67,66,63,59,60,69,59,50,61,85
33,30,32,40,51,53,57,61,66,72,78,75,71,68,66,65,63,63,65,68,59,57,74,98
29,28,36,51,59,58,61,67,73,75,75,67,62,62,65,66,65,66,65,60,54,63,84,102
43,47,62,78,84,80,78,75,72,69,66,59,56,60,67,70,70,67,63,57,59,72,91,102
71,79,94,106,106,102,94,79,67,64,64,60,59,64,71,76,73,68,64,64,73,84,93,100
