162,172,188,199,197,187,177,171,166,161,172,179,190,203,203,181,171,180,199,212,205,192,182,176
152,167,188,202,201,199,194,184,174,169,169,170,179,195,201,189,175,176,193,201,188,189,193,189
144,159,178,189,190,197,196,185,175,177,174,168,169,180,192,194,178,169,177,177,167,177,191,190
145,156,166,169,169,182,183,173,171,185,187,178,168,168,182,191,177,161,159,161,157,166,180,186
152,160,161,155,154,167,170,168,174,195,203,193,175,167,176,180,169,154,151,164,168,172,180,190
150,150,149,149,152,164,171,174,179,192,199,196,189,180,171,165,161,154,151,167,190,197,191,186
155,153,158,167,172,172,172,172,175,186,193,197,196,188,178,175,180,178,169,170,189,192,183,177
156,155,164,179,187,180,174,172,177,188,193,197,198,194,190,195,201,200,192,187,195,190,180,178
156,157,165,179,190,187,182,183,191,201,200,199,200,201,203,211,213,211,209,210,212,204,195,192
170,170,172,180,192,192,195,200,208,216,211,204,205,212,215,217,216,215,215,217,222,223,218,211
184,182,177,180,196,203,199,196,200,209,202,200,207,215,213,211,213,214,215,219,223,228,230,230
192,185,182,190,204,209,197,184,180,187,187,195,205,208,205,206,211,215,217,220,224,229,233,235
195,192,196,204,207,204,191,175,166,172,181,192,194,191,196,203,207,209,213,220,225,228,232,234
192,199,207,211,207,199,190,177,168,172,184,185,177,173,187,196,200,202,208,219,224,225,228,233
183,187,196,206,207,208,204,192,181,181,179,169,161,166,183,185,194,206,215,222,223,221,223,228
185,185,193,200,197,200,200,192,185,185,176,164,158,165,182,189,194,200,207,214,222,223,222,223
183,186,191,192,188,192,194,191,188,189,180,170,166,172,187,200,198,193,194,205,221,224,220,218
175,185,194,196,193,195,195,194,191,184,174,173,176,182,192,205,203,193,189,201,214,213,206,204
164,184,201,209,209,209,204,198,189,172,159,164,175,184,192,205,206,199,194,202,203,193,183,182
164,183,200,210,214,216,205,190,175,162,161,153,156,174,189,208,208,198,191,202,198,184,174,175
151,166,177,184,193,191,176,162,157,162,170,161,167,189,198,204,194,175,163,182,193,191,183,178
136,146,153,160,173,166,155,149,152,160,176,180,184,190,183,183,171,153,147,172,193,198,188,177
128,135,144,156,168,160,157,160,164,169,186,191,186,175,160,157,151,145,150,168,187,195,186,170
130,136,151,167,175,169,174,181,184,186,200,188,170,159,152,144,144,152,160,162,173,187,184,163
