19,17,22,31,36,48,62,57,44,49,65,74,85,96,89,72,52,37,28,25,32,46,57,60
22,21,26,36,47,54,68,70,62,60,74,82,89,93,86,70,51,37,28,23,28,41,56,63
59,53,46,47,56,54,65,74,74,71,82,88,91,90,82,68,48,33,26,21,26,39,50,54
102,87,68,58,58,49,57,67,71,70,74,75,74,73,69,59,41,25,19,16,24,32,36,36
114,97,79,65,52,46,51,55,55,51,46,40,38,40,42,41,29,16,9,9,14,17,20,21
108,106,90,62,38,35,36,35,31,27,23,20,22,26,28,26,21,13,7,8,9,10,13,17
81,84,70,43,21,20,23,23,21,25,29,30,33,37,36,27,20,13,7,6,7,8,11,16
47,45,34,19,8,11,14,14,19,38,56,55,51,50,48,37,26,16,11,14,19,27,32,32
24,17,9,5,5,11,12,10,20,55,83,77,64,60,59,50,37,25,21,28,39,58,66,57
25,17,9,7,13,23,21,13,24,66,95,85,71,69,70,62,48,36,32,36,48,71,81,70
42,25,14,20,39,48,35,18,29,81,128,103,70,64,68,54,40,31,27,28,32,40,44,42
59,37,27,42,66,57,35,22,45,116,156,102,49,44,60,51,35,25,24,24,23,23,23,24
68,51,45,55,64,45,27,22,53,127,144,80,29,31,52,50,36,26,22,19,15,13,12,13
64,59,55,51,41,28,21,22,45,94,91,48,22,31,43,45,38,28,19,10,6,4,4,6
52,49,45,41,34,30,27,26,30,42,37,25,21,27,28,30,30,23,11,3,1,0,0,0
49,50,53,54,54,56,48,39,35,36,27,15,10,10,9,11,11,8,4,0,0,0,0,0
81,81,85,84,69,59,43,32,28,26,17,8,3,4,5,4,2,1,0,0,0,0,0,0
96,88,86,80,56,38,22,14,13,11,6,2,2,5,8,4,1,0,0,0,0,0,0,0
64,50,41,34,20,12,6,3,2,1,0,1,3,5,7,4,1,0,0,0,0,0,0,0
15,10,7,6,5,3,2,1,0,0,0,0,1,1,2,1,0,0,0,0,0,0,0,0
2,2,4,8,9,5,1,0,0,0,0,0,0,0,0,0,0,0,0,0,0,0,0,0
0,2,9,15,15,6,1,0,0,0,0,0,0,0,0,0,0,0,0,0,0,0,0,1
0,2,9,16,13,4,1,0,0,0,0,0,0,0,0,0,0,0,0,0,0,1,2,4
0,0,5,10,8,2,0,0,0,0,0,0,0,0,0,0,0,0,0,0,1,3,6,8
