1,5,15,20,14,7,9,12,14,16,23,27,52,90,100,85,58,41,42,56,67,78,85,88
2,5,14,21,20,18,29,33,24,15,15,19,44,77,81,63,46,38,42,56,67,75,75,69
5,10,18,27,35,40,52,48,29,13,8,16,39,62,58,41,33,32,34,47,58,61,55,45
7,14,23,34,47,55,59,46,25,13,9,20,41,55,46,33,28,25,22,31,40,40,33,26
5,11,24,38,46,50,45,33,21,18,19,34,50,57,52,40,28,20,16,19,25,26,23,19
2,12,32,43,34,30,24,19,19,23,39,59,65,58,56,44,26,14,16,23,33,32,30,35
1,9,27,40,38,31,22,19,26,37,58,79,77,57,47,34,20,13,22,47,64,54,43,51
1,5,17,34,46,45,35,29,31,42,59,76,73,53,42,35,28,26,35,64,76,61,49,58
0,1,10,27,46,54,48,38,31,37,49,62,63,54,48,47,46,43,47,66,69,60,56,65
0,0,5,18,37,49,50,41,30,33,48,62,70,67,58,57,55,52,53,64,74,76,77,80
0,0,5,19,40,53,65,58,44,47,63,73,78,80,75,73,65,61,67,76,82,83,83,83
0,1,11,35,63,62,62,56,48,48,58,60,68,79,82,82,75,72,75,79,81,81,81,81
0,3,20,52,80,61,48,43,44,50,57,55,59,70,72,75,75,74,74,77,79,79,79,79
2,5,25,55,73,48,36,35,43,60,71,66,61,60,58,61,65,68,71,76,80,80,78,76
9,10,20,36,45,35,38,43,52,72,81,71,58,54,61,57,58,65,74,78,80,77,71,66
18,19,20,20,22,25,43,52,55,66,58,45,37,39,49,41,45,62,78,78,71,57,43,36
22,21,16,10,8,14,30,43,54,64,42,25,21,26,35,32,39,57,72,64,50,33,20,15
20,17,11,6,5,8,17,31,45,51,29,15,14,20,28,31,37,46,55,51,41,28,15,8
13,10,6,6,7,10,17,25,29,26,17,12,14,22,31,35,33,31,34,45,51,42,24,8
4,3,3,3,5,11,18,19,17,18,19,20,22,27,34,37,30,22,24,38,52,49,29,8
11,11,11,10,9,11,14,16,19,24,25,27,31,37,44,43,32,17,11,17,25,26,18,6
17,18,21,21,18,19,22,27,33,38,39,37,40,48,56,46,28,11,3,3,5,8,7,3
13,16,21,22,20,27,33,36,41,49,55,50,48,51,51,35,17,5,0,0,0,0,1,1
3,7,12,13,14,27,35,35,37,51,65,61,52,42,29,16,6,1,0,0,0,0,0,0
