95,80,76,83,89,92,107,145,193,224,207,152,108,92,85,83,86,84,77,76,78,83,83,75
134,108,91,89,90,92,95,112,151,201,217,184,132,93,82,83,85,79,71,71,74,79,80,75
146,131,115,103,95,95,93,93,110,156,201,207,165,107,87,88,86,78,70,70,71,71,70,69
118,121,116,106,98,100,108,106,99,112,166,210,192,129,97,90,84,78,75,75,74,67,63,66
85,87,87,88,95,103,127,131,109,94,148,208,208,151,102,83,76,76,80,81,81,75,74,79
98,92,89,92,100,104,113,118,111,104,164,221,225,173,102,78,75,79,82,82,84,85,89,95
101,98,97,100,106,109,107,107,108,114,166,219,232,192,121,88,82,86,89,93,98,98,97,100
110,110,112,114,113,113,109,106,107,116,160,213,237,218,173,137,115,105,103,110,127,121,108,106
121,122,125,126,121,118,115,113,111,117,156,210,242,242,227,202,173,148,137,140,161,151,128,118
124,123,124,127,126,124,122,120,120,129,161,212,243,245,243,240,229,212,195,183,185,172,148,132
142,139,135,135,135,132,125,121,126,147,183,222,243,245,245,246,244,238,225,204,193,173,149,136
139,137,135,135,142,156,156,152,150,155,178,213,239,245,245,245,246,244,231,200,182,161,141,130
128,129,126,122,128,147,153,155,155,153,157,187,222,243,245,246,246,245,235,211,191,168,146,133
126,124,115,105,102,109,113,122,133,138,132,151,193,234,244,240,237,240,243,236,220,196,170,153
136,124,111,103,100,100,97,102,110,113,107,117,159,213,235,218,210,223,241,242,233,217,196,179
165,151,134,119,107,103,100,104,111,110,104,104,129,176,220,203,197,215,239,243,237,229,209,183
164,157,144,127,112,105,102,106,112,112,108,106,119,158,218,222,222,231,240,230,211,205,192,167
129,129,125,116,104,100,99,104,111,113,110,110,119,150,208,231,239,242,239,220,192,187,186,175
90,91,94,96,95,96,99,105,108,110,107,111,119,138,176,206,224,235,237,223,205,201,206,210
94,93,96,102,110,110,111,109,106,106,106,107,114,128,148,178,209,230,238,238,228,217,213,217
108,108,111,122,139,130,117,109,105,103,105,105,116,145,185,211,229,240,242,242,239,233,230,231
119,121,122,129,138,127,116,110,107,104,107,109,126,164,211,231,241,245,245,244,244,243,241,240
122,124,126,127,127,119,116,115,113,110,111,114,128,159,197,223,239,245,244,242,242,244,239,227
120,121,124,129,132,122,119,120,121,119,115,115,120,134,163,204,233,243,242,237,237,240,227,200
