137,125,134,162,183,180,181,183,184,181,172,170,168,158,136,110,92,85,83,68,51,51,63,73
138,132,143,164,171,157,151,148,143,136,131,137,137,125,110,103,91,87,93,87,75,72,77,82
133,125,133,142,131,112,104,100,94,90,90,97,100,95,94,102,96,91,93,87,88,84,79,78
124,109,104,104,91,76,71,70,68,69,71,73,76,81,87,94,91,85,81,71,80,79,70,65
116,96,80,76,76,71,69,68,68,69,69,68,69,72,74,70,64,61,62,58,65,70,69,68
103,95,80,70,70,67,64,63,62,59,63,60,59,64,67,61,49,44,48,47,55,80,102,105
92,89,80,71,70,66,62,59,55,52,72,86,96,101,99,90,61,36,32,39,55,74,85,85
117,110,98,89,88,95,92,76,62,66,100,126,134,129,115,92,55,27,20,31,46,57,71,87
142,131,117,107,110,136,137,110,85,98,129,147,144,125,100,61,34,22,25,38,50,65,89,114
112,106,102,101,108,141,155,134,112,128,132,129,123,109,74,38,31,44,60,72,93,116,122,106
83,79,78,82,94,121,133,129,126,139,117,106,112,112,72,42,56,92,118,120,116,108,86,56
101,104,104,100,98,112,127,130,126,125,101,95,106,115,105,95,99,118,137,139,129,116,96,76
119,122,121,111,99,103,120,129,126,117,101,108,125,140,153,161,155,151,157,161,159,155,149,143
115,115,113,104,87,85,100,116,124,123,122,143,166,181,188,197,191,179,175,178,181,187,194,197
110,115,117,105,77,68,79,96,109,122,148,175,191,194,184,173,163,154,147,146,139,151,172,182
113,116,103,81,72,96,114,113,110,125,142,145,142,136,126,124,119,115,112,108,110,128,149,155
124,119,106,96,100,122,133,122,103,100,103,97,89,90,107,122,108,91,89,96,108,118,124,124
125,130,132,128,122,114,117,113,95,70,63,58,54,62,92,110,89,64,63,77,90,93,90,90
115,142,154,138,109,81,87,101,93,57,44,41,41,46,61,65,48,31,30,40,47,50,54,62
117,133,128,103,79,69,93,108,93,58,46,47,49,48,46,41,32,22,16,21,26,29,42,61
125,112,91,71,60,61,73,76,67,55,48,47,47,43,35,25,20,15,11,14,14,21,45,77
120,98,71,61,72,84,73,54,43,44,41,38,35,31,24,22,28,30,21,13,12,28,63,97
105,88,71,72,95,110,82,46,28,29,31,30,28,28,38,61,81,77,48,21,24,52,88,109
91,81,76,87,107,113,81,43,21,17,26,32,32,38,74,127,150,130,79,32,42,79,108,112
