52,49,48,49,48,49,48,45,42,41,42,43,44,42,35,26,21,20,23,31,37,40,36,29
53,49,47,47,46,45,43,40,38,38,41,43,43,41,34,24,17,15,20,30,38,42,40,34
51,46,43,43,42,41,37,33,31,33,37,41,41,38,30,19,10,9,16,28,38,45,45,41
46,42,39,38,39,37,33,28,26,27,32,37,38,33,24,14,6,6,13,26,38,45,47,46
42,39,36,35,36,34,30,25,22,22,27,32,33,29,20,12,7,7,14,26,38,45,47,46
41,40,37,36,35,32,26,20,18,20,24,29,31,27,20,15,12,13,19,28,38,43,44,43
45,43,40,37,34,31,25,19,17,20,24,27,29,27,22,19,19,21,26,33,40,42,40,39
54,51,47,42,37,33,26,21,19,22,26,28,29,29,26,24,25,28,34,39,43,42,38,33
65,61,55,49,42,37,29,24,23,26,29,32,33,32,30,28,29,34,41,46,48,45,37,30
74,69,62,54,47,40,33,27,26,29,33,36,37,35,32,31,34,40,47,52,53,49,40,31
78,73,65,56,50,43,37,31,28,29,33,37,39,38,35,35,40,48,56,60,59,52,42,33
78,73,66,58,52,46,38,31,28,28,33,38,40,41,40,42,47,55,63,66,63,55,43,34
75,71,66,60,54,46,37,30,25,26,31,36,40,43,44,47,52,59,66,68,65,56,44,35
69,67,65,61,55,46,37,28,23,23,27,32,38,42,46,50,53,58,64,66,63,55,44,35
63,63,63,61,56,48,39,29,23,22,24,28,34,40,44,48,51,55,59,61,58,52,43,34
55,55,57,58,56,51,40,31,25,23,24,27,32,37,41,46,50,52,54,55,54,50,42,34
46,47,51,55,55,50,41,33,28,27,26,27,31,35,40,45,49,51,51,51,51,48,42,35
36,38,43,48,49,45,41,36,33,32,30,28,29,34,40,44,48,50,49,49,49,46,41,35
29,30,33,37,39,39,39,38,38,36,34,30,29,33,39,44,46,46,45,46,45,42,37,32
22,22,24,27,31,34,37,40,43,42,39,34,32,33,39,43,43,40,38,38,37,35,32,28
15,15,17,21,26,29,34,41,47,49,46,40,37,38,42,44,41,36,30,28,27,27,25,21
9,9,11,16,21,24,32,42,50,53,51,47,45,46,48,47,42,35,26,21,21,21,19,15
4,4,6,10,14,19,29,41,51,56,57,56,57,58,59,56,49,39,29,21,20,19,17,13
1,1,2,4,9,15,26,39,51,58,62,65,67,68,70,66,57,44,33,25,22,21,18,14
