25,26,28,29,30,30,31,32,35,42,52,61,62,53,39,33,32,32,31,32,31,30,30,30
27,29,30,32,33,32,31,32,35,41,50,60,63,55,42,36,34,34,34,34,34,33,31,31
30,32,34,35,36,34,32,32,35,41,49,59,63,57,46,40,38,37,36,36,36,36,34,32
34,36,38,39,39,36,32,32,35,40,48,58,64,60,50,46,43,41,39,38,38,37,35,34
38,40,42,44,43,37,33,32,34,39,48,59,66,65,56,50,47,45,42,41,40,38,37,36
41,43,47,50,47,41,34,32,34,39,47,59,68,68,59,53,50,48,46,44,42,40,38,37
45,48,52,54,52,44,36,33,35,38,46,57,67,70,62,55,52,51,49,46,44,43,41,40
50,53,56,57,55,47,37,33,34,38,45,56,67,72,65,58,55,54,52,49,47,46,44,42
54,57,59,60,58,50,39,33,34,38,44,55,66,72,66,60,57,56,54,52,50,48,46,44
56,59,62,63,60,53,41,34,34,38,44,54,64,70,67,62,59,57,55,53,52,50,47,45
58,60,64,66,64,55,42,34,34,38,44,52,62,69,69,64,62,60,57,55,54,52,49,47
58,60,63,66,65,57,44,35,34,37,43,51,62,71,71,67,63,61,58,56,56,54,52,49
58,59,61,64,64,57,44,35,33,36,42,51,63,73,74,68,63,61,59,58,56,55,53,51
57,57,59,61,62,57,45,36,33,35,41,50,64,75,76,68,63,62,60,58,56,55,53,51
56,56,56,58,59,56,46,37,33,36,41,51,64,75,77,71,65,62,60,57,56,55,53,52
54,54,54,55,56,54,47,39,35,37,43,52,63,73,76,70,65,61,60,57,57,56,55,54
52,53,53,53,54,52,46,40,37,39,45,53,64,73,74,68,64,62,60,57,56,56,56,56
50,51,50,50,51,50,46,40,38,40,46,54,65,73,72,66,63,62,61,58,56,56,57,59
49,49,48,48,48,47,44,40,38,41,46,55,66,72,69,63,61,60,60,59,57,56,58,61
47,46,45,44,44,44,42,40,40,43,50,59,68,72,68,60,57,58,58,58,57,57,59,61
45,43,42,41,40,41,41,43,45,50,57,64,70,72,66,55,52,53,55,56,56,57,59,60
42,41,39,38,37,38,41,46,52,58,63,67,73,75,65,52,48,48,50,52,54,56,57,59
40,39,37,35,34,35,40,48,56,63,68,71,76,78,64,49,44,45,46,47,50,53,55,57
38,37,35,33,32,33,39,49,58,66,70,74,79,79,63,46,41,41,42,44,47,50,53,55
