60,58,58,62,67,70,72,73,73,73,76,82,92,104,113,116,114,113,120,140,157,169,176,178
60,58,58,60,64,68,70,70,70,71,76,83,91,102,114,121,118,114,120,137,153,167,177,181
60,59,57,58,60,64,67,68,68,69,75,83,90,97,107,113,111,109,116,132,148,161,169,172
61,59,57,56,57,60,64,66,67,68,75,82,87,91,95,100,101,101,106,121,137,147,151,151
63,61,57,55,54,57,61,64,65,68,76,81,85,87,91,97,99,97,97,104,116,125,129,129
65,62,59,56,53,54,58,61,64,69,78,85,88,90,96,107,108,102,98,98,99,103,109,114
65,63,60,57,54,53,55,58,62,69,81,90,95,98,105,119,119,111,104,103,101,100,101,103
66,65,62,59,55,53,53,56,62,71,84,94,101,104,109,119,118,112,108,110,113,115,115,114
69,67,63,60,57,54,53,56,63,73,85,96,104,105,105,109,109,108,109,115,127,138,144,143
71,68,65,61,58,55,53,56,65,76,86,96,101,101,100,102,106,109,112,120,137,156,168,171
72,69,65,61,58,55,53,56,64,76,88,94,96,96,98,103,111,118,123,132,148,165,177,181
72,69,65,61,58,56,54,57,64,78,91,97,98,98,100,104,117,128,135,145,156,170,182,186
74,71,66,62,59,57,56,59,67,79,92,99,102,103,104,105,116,131,144,155,162,173,184,188
75,72,68,64,61,58,59,63,71,81,90,98,104,108,107,104,111,128,147,159,168,178,186,187
75,74,70,65,61,58,60,65,74,83,89,96,104,109,109,105,110,126,144,160,175,185,189,188
75,74,71,66,62,58,60,67,76,85,91,97,102,107,107,104,110,127,147,165,179,186,188,186
76,74,70,66,62,59,62,69,78,86,94,99,101,103,103,102,111,130,154,172,181,184,184,183
76,73,70,66,62,61,65,72,79,86,95,100,102,102,101,101,110,130,154,174,182,183,181,179
76,73,69,65,62,62,68,74,80,87,96,103,106,106,103,101,108,126,149,171,179,179,177,174
76,73,69,65,63,64,70,77,82,88,99,106,108,107,106,102,109,127,150,166,168,166,165,164
76,73,69,66,64,65,72,78,83,89,102,108,108,105,105,102,114,137,157,158,150,148,151,150
76,75,71,67,65,66,71,78,83,91,102,108,107,104,103,107,125,148,159,150,140,139,144,146
77,77,73,68,65,66,71,78,86,93,100,105,106,105,106,118,138,152,151,141,134,133,137,142
77,77,73,68,65,66,71,80,89,95,98,100,104,108,114,132,147,148,138,133,127,124,127,134
