206,192,167,145,134,123,129,163,199,198,171,174,182,181,185,188,166,139,138,188,163,114,114,166
186,190,176,149,124,101,110,149,187,192,181,181,181,177,174,184,161,127,126,189,177,131,127,178
169,179,175,152,118,82,95,140,180,186,191,194,187,172,161,173,149,115,114,178,191,165,161,197
169,169,166,150,115,80,96,137,171,182,191,203,196,173,158,160,136,109,111,161,192,192,191,208
181,174,164,142,107,93,110,131,151,177,179,197,202,184,165,147,122,110,122,150,184,193,193,201
181,182,168,136,103,114,127,130,141,174,164,180,196,190,164,115,95,115,151,157,182,195,194,191
176,174,165,144,120,135,130,130,149,177,154,156,178,191,164,108,100,132,163,152,178,201,207,200
182,173,163,152,137,147,135,136,157,175,147,138,161,184,157,115,118,148,167,155,173,197,210,208
189,179,166,155,150,155,153,153,161,169,147,136,152,170,146,126,134,156,171,171,173,184,197,202
181,183,172,159,162,168,182,179,167,167,158,154,158,157,139,138,143,157,177,191,180,171,173,180
169,180,171,152,152,163,187,188,173,170,176,181,170,146,127,139,150,166,191,204,186,162,149,152
165,175,170,154,143,139,153,162,165,174,183,191,189,171,141,132,137,162,197,214,202,166,133,124
174,177,174,168,159,131,109,115,144,177,186,187,194,198,176,137,116,134,180,209,213,178,135,117
190,186,180,183,189,149,84,72,118,174,187,178,184,206,209,154,102,100,146,186,204,184,154,141
192,191,181,180,196,172,95,59,93,156,179,168,173,203,212,167,111,93,121,153,169,168,172,185
165,169,170,182,209,197,127,71,73,127,164,164,172,200,210,183,150,135,140,149,148,141,156,191
133,127,128,154,199,205,171,120,92,116,149,153,164,193,209,189,169,165,170,165,157,144,151,180
134,110,92,109,159,182,185,163,138,140,149,139,144,175,202,180,157,161,183,180,174,165,163,171
165,136,97,85,117,145,160,165,168,177,167,139,130,154,189,168,134,135,170,176,179,184,181,170
168,170,145,119,128,143,138,127,135,172,185,168,153,160,183,179,142,128,152,157,167,189,192,170
140,161,157,141,148,167,155,125,117,160,190,193,185,181,188,190,162,142,143,134,151,183,193,173
127,151,160,151,146,159,160,142,131,160,185,191,189,188,192,195,175,154,143,126,138,167,183,173
137,149,154,141,123,141,163,166,160,169,184,186,185,187,188,191,176,156,143,137,136,154,172,173
156,152,141,120,101,142,175,184,178,176,189,195,194,189,181,184,170,150,142,155,145,153,170,178
