173,139,90,73,115,174,173,151,146,170,178,183,190,198,203,185,167,172,185,165,140,113,124,172
163,150,111,75,81,145,167,158,153,174,172,180,193,198,189,163,165,184,194,173,158,125,125,170
159,162,140,98,75,124,156,161,159,170,160,172,188,188,169,133,138,173,199,186,176,146,137,166
159,161,147,117,93,124,149,161,166,167,151,162,178,178,158,117,106,138,185,194,184,162,154,165
158,150,129,106,102,139,150,162,178,179,155,157,172,179,166,128,95,101,147,186,176,163,161,165
176,171,140,105,104,152,159,166,186,201,188,185,185,182,177,147,101,84,113,161,145,142,154,161
163,171,156,129,121,157,157,154,168,191,200,204,200,186,169,139,93,69,88,127,114,116,141,166
160,158,149,139,140,162,160,150,149,168,194,212,213,198,175,149,114,88,83,94,85,94,131,172
182,154,126,118,136,157,163,152,139,147,177,207,219,212,197,181,162,134,103,79,67,83,128,172
208,172,115,83,103,135,151,143,128,132,159,191,212,216,214,206,197,175,138,96,67,85,133,169
191,175,140,117,130,146,146,129,116,131,161,182,195,205,210,205,197,186,165,127,93,112,151,166
172,167,157,157,170,163,149,135,125,129,155,168,178,193,204,199,190,181,170,151,124,143,173,176
150,154,166,186,199,169,143,143,150,134,141,156,175,193,205,201,191,175,164,169,154,164,185,190
126,133,158,193,210,170,128,139,169,147,128,143,171,193,207,208,201,181,162,182,177,176,185,198
112,98,120,170,203,182,128,123,157,163,129,119,137,169,193,204,210,198,178,186,189,185,186,196
138,111,108,138,173,185,151,130,143,170,152,102,94,138,179,186,195,200,195,191,194,190,189,195
159,141,125,123,138,175,179,162,153,169,162,98,74,118,166,165,165,178,196,198,198,190,184,185
170,164,148,132,127,162,186,185,172,171,164,106,78,112,161,153,135,145,180,199,200,190,179,174
177,169,161,154,150,161,172,177,177,177,173,129,100,120,167,158,127,123,157,189,198,188,175,168
181,165,165,178,184,181,167,153,151,168,190,167,136,138,183,182,154,135,145,179,189,176,161,158
175,160,165,185,196,182,159,127,112,143,193,192,174,174,200,199,184,170,169,176,171,163,164,175
168,154,159,180,193,184,158,110,81,116,173,187,187,198,212,202,188,184,188,179,160,151,159,175
175,157,157,175,189,189,167,118,79,95,128,149,172,200,212,196,174,174,191,187,159,139,140,154
192,173,166,177,190,192,181,143,100,86,81,105,149,191,204,191,164,159,184,193,162,129,120,129
