162,163,162,162,162,161,161,161,162,162,162,161,161,161,160,160,161,162,162,162,161,161,161,160
154,154,153,152,151,151,151,151,152,153,154,154,155,155,155,154,153,154,157,158,159,159,159,157
149,148,145,144,143,144,143,142,142,143,144,143,143,143,141,137,133,132,135,137,137,136,134,131
140,137,133,130,131,131,130,127,126,126,125,123,121,119,117,112,106,103,105,105,105,103,100,98
116,113,107,103,103,104,102,99,97,97,96,93,91,89,87,85,83,82,81,81,82,81,81,80
87,85,82,80,80,82,81,80,79,79,79,78,78,77,77,76,76,77,77,77,79,80,80,81
76,75,74,73,74,76,76,76,76,76,76,77,77,77,77,76,77,77,77,77,79,79,79,79
75,74,74,74,74,75,75,75,76,76,76,76,76,76,77,76,76,76,76,77,79,81,83,84
76,76,76,75,76,76,76,77,77,78,79,80,81,82,84,85,87,89,91,94,99,103,107,111
80,81,81,82,84,86,88,90,92,95,99,102,105,109,113,118,124,129,134,139,145,150,155,159
103,107,111,114,119,124,129,134,138,144,148,152,155,158,161,162,163,163,162,160,158,155,151,148
148,150,153,155,157,159,159,159,159,159,158,156,154,151,148,144,140,135,131,126,121,116,111,107
159,158,156,153,151,148,144,139,136,132,127,122,118,114,110,106,102,98,94,90,87,84,81,79
125,121,117,113,108,104,100,96,92,89,86,84,83,83,82,81,81,80,80,79,77,76,75,75
87,87,86,85,83,82,81,79,78,77,76,76,77,77,76,76,76,76,76,75,75,75,75,75
75,75,75,75,74,75,75,74,74,75,75,76,77,78,79,79,80,81,81,81,80,80,80,81
72,72,73,74,75,76,77,78,79,80,81,81,82,83,83,83,83,83,82,81,79,78,78,77
75,75,76,78,79,79,80,81,82,82,82,82,81,81,81,80,80,79,77,75,73,72,71,70
78,79,79,79,78,77,77,77,76,76,76,74,73,72,72,72,71,71,69,67,67,66,65,64
74,74,73,71,70,68,68,68,68,68,68,67,65,65,65,65,65,65,64,63,63,64,64,64
67,65,64,63,64,63,63,64,64,64,64,63,63,63,64,64,65,65,65,64,64,65,66,67
62,61,60,61,62,61,62,63,64,64,64,65,65,65,66,68,68,69,69,68,68,69,70,70
62,61,61,62,62,63,64,65,67,68,68,69,69,69,69,72,72,72,71,71,71,72,72,71
63,63,63,63,63,64,67,68,69,71,73,73,73,72,72,74,74,72,71,72,71,71,71,70
