57,43,33,34,40,46,55,61,59,50,45,44,46,47,42,41,41,41,39,38,43,51,53,46
48,36,29,30,31,34,42,47,46,39,39,42,43,42,40,38,37,37,38,38,43,51,56,56
41,32,27,26,25,25,31,36,37,34,38,45,49,45,37,32,30,31,32,35,39,45,51,54
36,30,25,22,21,21,24,29,32,33,38,47,52,47,32,23,21,22,24,29,31,34,38,41
28,27,24,20,17,16,17,20,24,27,32,37,39,35,22,15,13,13,15,20,23,26,27,27
25,24,24,22,21,22,21,20,20,21,26,28,28,25,17,12,11,11,12,13,16,20,22,23
21,20,21,22,22,25,23,19,16,16,23,27,25,19,13,10,10,11,11,13,17,22,24,22
17,16,18,22,24,25,20,16,13,13,22,27,26,20,15,15,15,16,19,25,31,37,38,35
18,16,18,26,32,29,24,21,20,23,32,38,39,36,34,35,36,37,40,48,57,62,63,61
33,29,32,41,50,49,46,44,46,54,62,68,71,72,70,72,73,72,73,77,83,86,87,88
72,69,72,77,76,75,74,74,77,84,87,87,86,85,85,87,89,91,94,93,92,93,95,98
85,85,88,89,84,82,81,82,85,89,92,92,91,90,89,89,89,92,95,96,94,94,95,97
80,82,85,85,82,80,78,77,78,81,84,85,85,84,82,80,80,82,85,88,86,86,87,88
74,75,77,78,78,77,75,72,72,75,77,78,78,78,76,73,72,73,76,78,77,77,79,81
75,75,76,77,78,78,79,77,77,79,81,84,86,87,85,82,79,79,81,81,80,82,87,92
87,88,88,88,89,89,90,89,87,85,87,93,99,101,95,88,82,79,80,80,81,85,94,101
96,98,98,98,98,98,98,98,95,92,92,94,101,106,102,92,84,80,80,82,85,90,99,108
102,105,105,103,102,101,100,100,100,97,96,95,100,107,105,96,87,83,83,87,90,95,102,109
106,109,108,104,102,101,100,100,100,100,101,101,104,108,105,97,90,86,86,89,92,96,101,106
109,111,109,104,103,105,106,105,101,98,101,104,107,107,103,97,91,87,85,87,91,95,100,103
105,107,106,103,105,112,114,109,100,93,96,102,106,106,103,98,92,89,89,90,93,98,102,105
106,107,107,104,103,106,108,106,101,98,100,104,107,107,105,101,95,92,93,94,97,100,103,105
109,109,109,106,103,103,103,103,104,105,106,108,108,108,107,104,99,96,96,97,99,102,104,106
110,111,110,108,110,114,111,105,104,107,109,108,108,108,108,105,101,97,96,97,99,103,106,107
