56,67,72,68,57,33,17,23,44,58,60,62,66,69,65,51,36,25,19,17,22,30,37,41
58,67,73,67,48,25,22,35,53,65,60,59,63,64,57,53,47,40,32,26,26,31,40,49
55,64,65,53,32,30,43,53,58,65,62,58,53,47,38,43,49,51,47,41,38,38,43,49
54,56,47,30,21,41,61,63,55,56,61,57,43,28,22,28,39,48,52,54,52,48,47,48
58,44,25,14,19,42,56,56,49,46,53,51,37,21,17,20,27,36,44,52,54,54,53,53
49,29,13,10,16,25,34,41,44,44,46,41,31,22,18,17,20,23,25,31,34,39,45,51
27,15,8,9,13,17,22,29,36,37,38,34,30,26,22,17,14,14,14,15,19,26,37,46
12,11,12,13,12,13,14,17,21,23,25,26,30,32,31,27,22,16,12,12,17,22,29,36
12,18,22,22,18,14,11,10,13,17,18,22,30,38,41,44,40,31,22,20,25,27,28,30
23,30,37,38,33,25,18,17,22,32,31,29,32,39,45,54,58,52,39,32,33,38,42,41
43,49,53,54,52,48,40,32,30,37,42,42,44,48,53,61,64,61,53,45,39,41,48,53
50,51,51,52,53,54,52,45,36,33,37,41,47,55,63,69,71,70,68,63,56,50,48,50
48,44,41,42,47,54,55,48,37,29,30,38,48,58,66,71,75,78,80,80,77,68,57,50
40,36,34,36,44,51,48,40,33,30,32,40,49,54,58,65,73,78,83,86,88,83,72,61
27,28,31,36,40,39,33,27,26,32,37,41,42,42,43,52,59,65,71,77,80,79,76,71
16,19,25,29,26,19,15,13,15,20,25,25,22,19,21,28,33,39,46,54,54,56,60,63
9,12,18,20,14,9,7,8,9,10,13,13,10,8,9,12,15,18,22,26,25,29,35,40
7,9,11,12,8,6,6,7,7,7,7,7,7,7,6,6,7,8,8,9,9,12,16,18
7,8,7,7,6,6,7,7,8,8,8,7,7,7,6,6,6,6,6,6,7,8,9,9
7,6,6,6,6,6,6,7,8,8,7,8,8,8,6,6,6,6,6,6,7,8,8,9
7,6,6,6,6,6,6,7,7,7,7,8,10,10,8,6,6,6,6,6,6,6,7,8
7,7,6,6,6,6,7,7,7,7,7,8,9,10,8,7,6,6,6,6,6,6,6,6
7,7,8,8,7,7,7,7,7,7,8,7,8,9,10,9,8,7,7,7,6,6,6,6
8,7,8,10,9,8,7,7,7,8,8,7,8,11,13,14,12,10,8,8,7,6,6,6
