217,217,217,211,195,183,186,195,206,214,216,216,215,212,208,205,205,209,215,218,217,216,217,218
200,203,203,184,145,114,112,135,171,204,207,208,207,196,170,148,143,156,182,212,217,219,220,217
186,191,184,154,103,65,62,87,130,171,182,186,183,163,121,87,78,94,132,186,201,207,206,196
177,184,174,140,94,63,61,77,104,132,156,169,164,138,94,62,53,64,94,148,176,191,187,168
166,181,177,148,110,81,78,85,96,112,147,171,170,143,103,76,69,73,85,116,157,186,184,159
171,188,192,169,126,99,92,92,95,107,143,174,181,158,118,96,86,81,82,100,146,182,190,177
180,199,207,184,135,107,97,95,96,110,155,188,199,179,133,106,93,84,80,94,146,187,200,195
194,213,222,197,143,111,100,97,98,115,172,207,217,198,147,112,95,85,79,94,153,199,214,208
207,224,232,207,153,116,104,99,98,119,185,220,228,210,159,118,97,86,80,97,163,213,226,216
209,225,233,210,159,122,108,100,99,123,192,225,232,216,166,122,99,87,82,101,171,221,232,223
212,226,233,213,164,126,110,100,99,125,192,224,232,218,171,127,103,89,84,102,171,221,234,225
212,225,233,214,166,128,112,103,101,126,192,223,231,219,174,131,106,91,85,103,172,222,234,226
210,224,232,215,169,130,115,106,103,127,191,223,232,220,176,134,109,94,87,105,174,222,234,227
208,223,232,217,174,134,118,107,103,126,190,223,233,221,179,136,111,96,89,106,174,222,234,227
207,221,233,221,181,139,120,107,103,126,191,225,234,223,182,137,112,97,89,107,175,222,233,226
208,222,233,223,184,140,119,107,103,127,192,225,235,224,183,137,112,98,91,107,175,221,233,228
208,223,234,224,186,143,122,108,104,128,192,225,235,225,183,137,113,100,92,108,175,221,234,231
208,223,235,226,194,150,126,110,105,128,191,225,236,226,188,142,117,102,92,108,175,221,234,232
208,223,234,229,203,157,128,110,106,128,190,225,236,228,199,154,123,102,91,107,175,221,235,233
206,221,231,227,204,157,129,111,107,128,190,225,236,230,208,162,127,104,94,110,176,221,235,234
205,220,231,229,211,166,134,113,106,128,189,224,235,230,210,166,130,105,94,110,176,221,235,233
206,221,232,231,220,191,154,120,106,128,188,224,234,231,217,183,144,110,93,108,175,221,235,232
208,223,233,233,226,213,176,130,105,127,187,223,234,232,223,205,163,116,92,107,174,221,235,232
209,224,234,233,227,220,185,136,105,125,185,221,233,232,225,217,175,122,92,108,174,221,235,232
