68,73,80,83,84,83,73,86,125,166,178,186,191,185,157,109,71,56,62,80,107,126,135,139
67,71,77,82,83,84,75,84,123,176,188,190,186,171,140,111,76,57,59,71,102,128,139,138
67,70,76,80,82,83,78,80,99,134,143,143,137,125,112,112,82,57,57,65,93,124,140,136
70,71,74,77,79,80,80,77,75,80,82,86,86,86,94,111,83,54,54,63,83,116,137,135
71,70,71,74,78,79,79,78,76,73,72,77,83,88,96,108,82,52,48,61,75,107,134,137
73,71,71,73,79,81,80,80,81,83,81,81,83,87,92,106,92,66,53,64,70,98,129,138
69,71,73,75,78,79,80,81,83,84,83,84,86,88,91,107,105,82,59,71,72,97,130,146
67,69,73,76,77,77,79,81,83,83,84,86,88,89,90,105,113,98,72,81,83,105,133,148
66,67,70,73,74,73,75,78,80,82,84,86,86,87,89,100,111,107,94,101,107,121,136,140
70,70,70,71,72,72,72,74,77,80,83,84,85,86,88,93,96,101,113,134,139,142,137,127
101,100,99,99,98,96,94,93,93,94,94,94,94,94,93,93,90,92,105,128,138,141,132,115
87,88,89,90,91,94,95,97,100,101,97,94,94,96,96,93,87,86,95,107,128,141,131,107
73,73,73,73,74,76,77,80,83,84,81,79,81,84,87,84,79,84,97,104,119,125,112,92
84,81,76,72,69,66,62,60,59,61,65,69,72,75,79,78,78,88,109,119,117,102,84,74
99,94,88,83,80,75,73,67,61,63,77,88,93,93,93,92,95,102,113,125,127,106,80,72
75,74,71,69,67,67,69,68,65,65,71,76,78,79,78,78,81,87,94,101,104,89,68,59
63,64,65,63,60,60,63,64,64,64,64,64,64,64,63,63,65,68,71,74,76,67,56,52
59,62,65,63,58,57,58,59,59,60,58,57,56,55,55,55,56,56,56,57,57,54,52,53
55,59,62,60,56,54,54,55,56,55,53,52,52,52,52,52,53,53,53,53,52,51,54,57
52,54,55,54,53,53,53,53,53,52,52,51,51,51,50,50,50,50,50,51,51,51,53,56
48,49,49,48,49,49,49,50,50,50,50,50,50,50,49,50,51,51,50,50,51,52,55,59
47,48,48,47,47,47,47,47,48,48,49,49,48,48,47,47,48,48,48,48,48,49,52,56
50,50,50,49,49,49,49,49,50,50,51,51,50,50,49,49,49,49,49,48,48,49,51,53
53,53,53,53,54,53,53,54,55,55,55,56,56,56,56,56,56,55,53,53,52,53,54,55
