199,200,203,207,210,212,217,222,225,226,224,220,219,221,217,206,194,187,185,183,174,164,154,145
201,201,201,202,204,207,212,219,224,224,221,218,218,220,215,200,185,177,175,174,168,160,151,144
199,197,192,188,191,199,207,215,220,220,215,213,216,218,210,192,175,165,164,165,161,154,148,144
195,187,176,171,177,191,201,208,213,212,206,205,210,213,202,185,167,158,157,159,155,149,145,142
189,177,164,160,168,185,193,197,199,197,193,193,201,205,192,178,164,156,155,156,150,145,141,139
185,174,162,159,166,175,180,183,183,180,184,191,199,200,189,179,169,164,162,158,151,145,141,138
183,169,159,160,167,172,178,182,182,181,193,201,203,201,194,186,180,176,171,161,159,163,165,162
180,165,159,168,184,192,197,198,197,200,215,220,214,206,203,194,190,189,184,174,179,193,203,203
175,163,165,186,211,222,224,222,220,225,235,235,226,218,217,207,204,205,204,199,206,221,233,237
165,167,183,210,233,238,238,237,238,239,239,238,236,235,234,227,224,227,230,228,229,234,239,240
163,183,210,231,240,240,239,240,241,240,237,235,237,240,239,234,231,233,236,236,236,237,238,237
183,208,229,237,239,237,236,235,236,235,232,231,233,237,237,232,228,227,230,231,233,234,234,234
210,225,234,235,235,234,231,228,228,228,228,226,227,230,230,226,221,218,219,221,223,225,227,228
228,231,232,231,234,233,228,224,222,222,224,223,222,222,222,218,214,210,209,210,211,214,217,219
233,232,231,232,236,234,230,224,219,217,219,219,217,215,214,211,207,204,202,202,203,205,209,211
233,233,234,235,237,235,229,222,216,213,213,214,213,211,209,206,203,201,199,198,198,199,201,204
234,235,236,237,238,234,227,218,211,208,208,209,209,207,205,202,200,199,197,194,193,193,195,197
234,236,238,238,237,232,226,218,210,206,206,206,205,202,201,198,197,196,194,191,189,189,190,191
232,235,238,237,235,232,227,221,215,209,207,204,201,198,197,196,194,193,191,189,186,185,186,186
224,229,234,236,235,232,228,223,218,214,209,203,198,195,193,192,190,189,187,185,184,182,182,183
216,222,229,234,236,234,230,224,219,216,211,204,198,193,190,188,186,185,183,181,180,179,179,180
209,215,223,229,233,233,230,223,217,214,211,206,200,194,189,186,184,182,180,177,176,176,176,176
204,210,217,223,228,230,227,221,214,211,211,207,201,194,189,184,182,181,178,175,174,173,173,173
201,206,212,218,223,227,224,219,213,210,209,206,201,193,187,183,181,180,179,176,174,172,172,171
