124,122,119,117,115,113,114,120,125,129,128,125,123,121,117,115,116,117,118,119,119,118,117,118
132,131,128,125,122,121,123,127,131,133,131,129,127,126,123,121,121,122,123,124,125,124,124,123
138,136,133,130,127,128,124,125,131,135,134,133,131,129,126,123,123,124,124,126,128,128,127,126
139,135,132,130,128,130,118,114,123,136,136,134,133,130,127,124,125,125,125,125,128,128,128,127
139,136,133,130,129,130,113,103,114,137,138,137,136,134,131,130,130,130,131,130,131,132,131,132
146,145,142,137,134,136,115,97,107,146,147,144,140,136,135,133,132,132,133,133,135,136,136,137
142,144,142,136,133,135,111,82,86,137,144,141,136,133,130,126,126,127,126,127,132,134,134,133
133,136,135,132,129,131,108,69,60,115,135,134,131,129,124,118,117,118,119,122,127,129,127,123
127,130,132,131,127,130,112,67,41,87,124,132,130,129,125,118,114,115,118,122,126,127,124,118
129,133,137,136,132,134,122,75,34,61,116,137,138,134,131,128,124,123,126,128,129,131,129,124
126,129,130,128,127,135,132,93,46,47,99,133,139,130,125,125,123,121,120,120,123,127,127,123
127,127,126,124,126,139,134,106,69,47,66,108,132,128,122,122,123,123,122,121,124,127,127,125
132,129,127,127,130,146,131,100,67,43,34,75,118,134,127,125,127,128,127,127,129,130,129,129
138,135,133,132,134,149,123,80,46,35,17,44,95,134,135,132,131,130,130,128,130,131,132,132
143,142,139,134,129,138,108,70,47,43,19,22,59,107,132,132,129,127,126,125,128,130,131,130
140,140,137,130,125,128,99,76,71,67,36,25,38,67,103,123,126,123,122,123,127,127,126,126
128,127,122,116,114,116,99,91,93,86,51,36,37,50,74,100,113,114,110,111,114,115,115,115
120,119,114,110,112,111,103,102,105,95,57,42,44,51,56,72,92,103,102,103,105,107,108,107
124,124,123,122,123,114,105,103,103,91,57,43,49,58,53,56,75,93,100,105,110,113,114,112
133,137,139,137,129,111,100,95,88,75,58,53,60,64,53,62,77,86,90,100,119,129,129,126
138,139,140,136,122,95,82,78,79,78,81,84,80,67,56,68,77,78,76,76,90,110,123,125
132,130,130,123,103,73,67,80,95,98,102,99,81,56,48,56,61,62,62,62,65,69,79,90
122,122,123,113,84,60,68,93,113,113,110,96,70,44,38,41,45,49,54,60,59,44,36,44
117,120,126,114,77,61,78,101,112,112,107,90,65,42,35,37,42,47,53,60,68,49,25,18
