137,153,163,158,141,109,101,110,132,166,173,162,130,98,105,143,169,164,146,164,188,180,154,139
155,172,179,165,138,116,112,125,152,184,188,169,135,107,112,145,161,154,145,164,183,169,139,121
150,165,170,155,128,118,114,125,150,175,176,156,127,106,105,126,132,127,126,145,157,144,120,106
124,134,137,129,115,111,108,113,127,143,143,130,112,99,93,100,104,103,105,121,126,120,110,106
113,114,114,113,110,107,108,111,116,122,122,118,111,102,93,96,103,107,109,117,119,119,120,122
147,145,142,141,140,131,132,139,146,149,149,150,142,124,105,115,134,145,148,154,153,151,149,146
165,167,167,162,149,121,116,134,157,167,166,166,151,120,92,116,154,177,179,180,178,174,162,146
147,169,180,169,143,106,93,108,140,167,172,167,145,109,83,114,161,189,192,191,190,183,157,122
119,161,183,169,140,113,97,98,121,160,173,164,141,113,98,122,163,189,191,191,192,184,150,104
123,161,181,173,156,145,135,129,135,160,174,167,152,138,130,141,167,186,187,187,190,183,154,118
148,170,180,173,162,154,146,141,145,162,175,170,157,144,133,143,167,184,186,186,189,184,161,133
161,173,178,173,164,162,161,155,151,160,174,170,158,146,135,143,166,183,186,184,188,183,163,139
166,174,178,174,165,166,168,162,154,157,170,168,157,145,135,140,162,181,186,186,188,183,164,142
167,174,179,176,165,163,164,162,159,157,167,166,155,143,134,139,160,179,187,188,188,182,166,146
164,168,174,173,161,156,162,170,171,164,170,168,154,140,139,151,168,181,185,183,181,178,167,151
162,162,168,171,162,155,166,180,184,178,185,180,157,133,136,161,179,186,185,179,174,177,174,161
165,154,153,161,162,157,168,181,184,177,177,165,143,123,128,157,173,175,167,154,152,164,172,167
158,143,136,142,149,147,154,161,163,157,151,141,128,119,124,143,156,157,148,132,133,143,153,155
140,132,126,125,128,129,131,132,132,131,128,127,125,123,126,131,137,142,141,130,130,128,127,132
129,129,130,128,124,122,121,121,122,124,125,125,123,123,125,126,130,133,134,133,134,129,125,126
108,110,112,111,108,108,109,110,111,113,113,113,112,112,112,113,113,113,113,114,113,111,109,109
124,122,123,125,124,127,133,137,138,138,138,137,137,137,137,137,136,135,135,136,135,133,133,132
145,141,144,153,159,168,179,186,188,187,187,187,187,188,188,187,186,185,186,187,186,186,185,183
142,142,151,167,183,198,212,220,222,223,223,225,227,228,228,227,226,225,225,225,226,226,224,223
