165,186,181,156,138,127,104,100,125,166,179,161,155,172,183,158,139,131,126,104,98,103,124,151
166,182,171,141,121,113,98,103,133,172,176,162,160,175,177,151,133,126,119,106,100,112,142,170
147,156,145,121,106,98,92,104,131,158,155,143,142,150,145,123,107,97,91,88,85,96,118,139
122,126,121,111,105,99,100,111,128,137,130,119,116,118,112,94,78,69,67,70,71,75,85,96
118,118,119,120,122,119,123,133,140,135,125,118,116,117,113,95,77,71,75,79,82,87,96,105
154,153,151,149,145,134,136,151,164,161,155,152,150,149,143,129,111,103,103,97,98,113,132,142
180,178,174,164,142,111,106,131,165,180,181,182,178,170,162,152,136,122,106,82,75,96,130,154
191,190,184,161,118,76,60,83,133,181,196,198,192,182,175,163,146,127,103,71,56,68,105,143
191,192,185,155,101,65,43,50,94,167,197,201,194,187,183,166,146,128,110,88,74,71,94,131
187,190,184,158,117,100,82,72,93,151,188,197,192,186,183,164,143,132,131,129,130,125,128,141
185,189,184,163,133,128,130,131,138,161,188,194,189,185,181,166,144,135,144,159,182,187,175,163
184,188,184,165,139,138,153,169,176,177,189,191,187,183,180,167,146,137,149,169,202,213,197,173
186,188,184,166,142,141,159,183,194,187,191,190,186,184,180,166,145,136,146,167,205,219,202,175
188,188,183,168,146,143,159,183,198,193,193,190,186,182,177,162,143,132,139,160,203,220,202,172
183,181,179,169,150,143,155,182,203,198,194,187,179,171,165,159,145,132,132,151,200,222,202,166
178,174,177,176,159,140,146,178,208,201,185,176,166,155,151,158,149,135,131,145,197,225,208,172
152,152,163,173,165,145,145,176,206,192,160,146,140,139,148,167,157,135,124,138,186,213,203,176
130,133,142,152,155,151,151,170,189,173,140,126,126,132,146,163,149,126,117,132,160,177,173,159
129,130,128,127,134,148,151,156,160,151,134,128,130,135,140,140,126,114,116,125,130,131,129,126
133,134,130,125,127,133,133,132,133,133,132,131,131,132,133,129,121,117,117,119,118,115,114,115
114,113,111,109,109,111,111,111,111,112,113,112,110,108,107,106,104,101,99,97,97,97,97,98
136,135,134,133,132,132,132,133,134,134,133,132,130,129,129,130,130,128,125,124,125,121,110,98
187,187,186,185,183,182,182,183,184,184,183,180,180,181,182,184,184,183,180,174,167,149,117,87
225,226,226,225,223,222,221,222,222,223,221,217,216,219,220,222,223,223,218,203,182,145,97,57
