87,82,76,71,64,46,33,29,36,54,85,112,127,117,73,33,18,16,12,9,8,8,8,9
90,83,73,62,52,40,31,28,33,46,69,96,117,114,73,32,17,15,12,9,9,9,9,9
89,77,61,47,36,30,26,25,28,37,57,85,111,114,72,31,15,14,12,10,10,10,9,9
81,62,45,34,26,23,22,22,24,33,53,82,111,114,71,29,14,12,12,11,10,9,9,9
70,49,34,29,26,23,21,21,24,33,54,82,109,111,67,27,13,12,11,11,10,10,9,9
66,48,35,30,27,24,22,21,23,33,54,87,114,109,59,28,17,14,13,13,12,11,10,10
62,45,33,29,27,25,23,21,23,34,61,106,128,109,60,35,22,17,15,14,12,14,19,23
60,46,36,32,28,26,26,26,28,41,75,113,121,93,60,43,34,29,26,22,20,33,53,63
69,59,51,46,38,34,35,36,37,47,82,104,99,76,60,54,50,47,44,39,38,60,85,94
90,83,78,72,59,50,50,49,43,42,69,91,95,83,68,63,58,55,55,55,59,68,74,71
91,88,86,79,65,51,55,57,48,37,65,93,102,89,66,63,52,42,41,43,45,44,40,38
89,91,94,88,68,50,51,52,44,36,67,97,105,86,51,42,34,26,24,25,26,23,21,20
91,97,105,98,69,45,39,38,34,38,74,106,110,82,38,25,21,19,17,16,16,16,16,15
97,105,114,104,67,37,27,25,27,44,82,113,111,76,35,23,20,19,18,16,16,17,17,17
99,104,111,101,65,35,26,25,31,51,82,100,94,66,36,25,22,21,20,18,18,19,21,22
90,91,94,86,59,37,27,25,30,46,65,78,78,65,45,38,36,38,39,39,38,40,43,45
74,70,66,57,41,29,23,22,27,40,55,68,73,66,55,49,44,42,44,44,42,41,43,44
64,57,47,36,26,22,19,21,26,37,53,69,74,64,53,52,42,33,33,33,31,30,29,29
67,59,45,31,22,20,20,22,28,38,54,73,74,59,49,54,39,25,24,24,23,23,23,23
73,66,47,29,22,20,20,22,29,40,56,68,67,61,73,75,53,35,34,34,34,33,34,34
79,74,51,27,20,18,18,22,29,40,50,55,64,82,105,80,48,32,32,30,30,29,28,30
68,65,48,30,23,19,21,27,35,43,47,52,67,93,111,76,43,28,27,24,22,21,22,23
54,52,47,40,34,26,25,30,35,39,40,47,64,89,105,81,51,32,26,24,25,29,33,35
52,51,52,52,47,35,29,27,27,26,25,32,52,81,104,95,69,43,27,29,39,50,57,59
