199,198,198,200,201,200,200,196,188,181,180,181,182,181,182,178,172,167,162,160,163,167,172,178
197,196,196,197,197,196,196,194,189,185,184,185,185,185,185,178,170,164,161,161,164,168,175,182
194,193,192,190,189,187,187,186,187,189,191,191,190,189,187,179,169,163,162,164,166,170,178,188
190,189,186,183,181,177,175,177,184,192,197,196,194,191,188,179,170,166,166,169,169,172,182,193
183,182,181,180,179,172,168,172,183,194,198,197,194,192,189,181,174,171,173,175,173,178,189,200
181,179,180,182,182,173,167,171,183,194,196,195,193,192,190,184,181,181,183,184,184,191,201,209
181,180,184,189,189,179,170,173,183,192,194,193,192,190,189,188,190,191,190,191,196,204,213,220
182,182,189,197,198,189,179,179,186,192,194,195,193,189,187,191,198,201,199,199,206,215,223,228
187,188,196,205,207,201,192,189,192,196,197,199,198,192,188,195,205,210,209,210,216,223,228,231
197,199,205,213,215,211,203,200,200,202,201,203,202,198,195,203,212,217,219,222,226,229,231,232
207,209,215,220,221,218,211,207,207,207,204,203,203,203,203,211,219,224,227,231,232,233,233,233
212,215,220,226,226,223,216,211,210,210,208,203,203,206,210,217,224,229,232,235,236,235,234,234
216,219,224,229,230,226,219,212,211,214,212,206,203,207,213,220,227,233,235,238,237,235,234,234
219,224,229,230,231,229,221,214,213,217,215,208,205,208,214,221,229,235,237,239,237,235,234,234
224,228,232,233,232,230,224,217,214,216,213,208,207,211,217,225,232,237,239,240,238,235,234,235
225,230,233,234,234,232,227,220,216,213,208,204,206,211,219,228,234,238,240,241,241,239,238,238
226,231,235,236,236,234,230,226,221,216,208,203,204,210,221,230,235,239,241,242,243,242,241,240
227,233,236,238,238,236,233,230,225,220,211,205,204,210,222,231,237,240,241,242,244,243,242,242
228,233,237,239,239,237,234,230,225,218,211,207,207,213,223,233,238,240,241,242,244,244,244,243
229,233,237,239,240,237,234,229,222,215,210,206,207,212,223,232,238,240,240,242,244,245,244,243
231,233,236,239,239,237,233,228,221,216,210,207,207,213,224,232,238,241,241,242,244,245,244,242
231,233,235,238,238,235,232,226,221,216,211,207,207,213,224,232,238,241,243,244,245,245,244,243
227,230,233,235,236,232,227,223,219,215,209,205,205,211,222,231,238,242,245,245,246,246,245,245
222,225,229,233,232,227,221,218,216,213,207,202,202,209,220,230,238,243,245,246,247,248,247,246
