75,69,70,77,82,72,67,61,62,78,88,92,88,79,74,65,64,73,79,65,53,43,38,38
74,73,74,78,84,86,85,77,73,81,86,88,86,79,71,63,62,63,63,59,52,44,37,34
57,62,71,78,81,89,89,82,79,89,95,87,80,76,67,54,51,50,46,49,47,41,35,32
43,49,60,68,70,80,77,70,73,91,106,92,77,72,61,43,37,36,34,40,41,36,33,34
54,52,48,47,54,69,65,58,61,83,108,101,84,71,57,41,30,25,24,32,38,36,33,37
73,71,59,45,43,54,58,57,64,84,102,97,82,70,65,54,36,22,19,20,27,35,41,44
85,83,72,61,63,78,83,79,79,90,101,97,82,66,60,47,34,26,23,18,26,39,47,44
89,88,84,79,80,92,92,86,82,82,88,91,78,57,47,36,37,38,32,21,28,39,43,38
93,93,90,85,82,86,77,72,71,65,73,79,67,47,41,36,44,49,39,27,32,39,41,39
104,102,90,77,74,74,62,57,62,65,75,69,53,42,48,45,50,51,44,38,41,48,55,60
103,103,92,78,74,73,61,62,78,93,86,64,44,37,41,46,58,60,53,62,64,60,63,76
100,105,101,90,81,74,70,76,89,98,83,63,46,37,36,46,69,81,77,78,68,63,70,84
89,97,99,91,78,69,71,76,83,86,72,58,47,38,34,41,62,78,79,74,63,63,74,85
76,83,86,79,64,56,58,61,62,65,56,49,44,41,39,39,43,52,61,62,60,65,76,85
75,79,79,72,57,45,45,45,41,37,35,38,44,52,59,53,44,46,58,66,67,74,84,90
90,89,84,76,62,44,40,38,34,30,31,37,48,64,78,69,55,53,65,73,73,80,88,91
97,93,83,74,69,63,62,61,59,54,49,49,59,74,84,72,54,48,57,65,64,63,62,58
97,93,83,77,83,89,89,89,86,77,67,64,66,71,74,62,45,40,47,48,43,38,34,31
91,86,80,81,91,99,99,97,92,80,73,71,64,55,56,47,36,35,40,35,26,25,29,32
69,63,57,57,65,76,85,89,85,75,68,68,58,42,40,39,33,29,27,27,26,30,34,36
78,67,53,45,46,50,55,58,58,53,48,47,39,27,24,24,23,21,20,23,26,30,33,34
84,71,54,43,41,41,44,48,49,46,43,40,31,20,17,18,18,17,17,21,23,25,27,29
82,73,60,48,42,44,49,51,49,46,44,40,29,18,17,18,18,17,16,18,19,19,22,25
79,75,67,55,41,48,53,49,40,39,39,35,27,18,17,19,19,17,16,16,17,18,22,25
