51,41,41,64,101,91,60,40,47,75,102,125,150,172,175,123,88,97,133,148,156,156,148,140
29,24,29,53,85,77,48,34,44,72,111,141,155,159,160,118,85,99,145,155,154,156,158,154
17,16,22,39,56,52,33,26,38,66,113,138,145,144,138,101,69,87,142,157,150,153,160,160
32,25,26,32,33,31,23,24,38,61,98,115,127,137,129,89,56,71,126,151,147,149,155,158
66,50,43,41,28,24,22,30,46,59,73,93,117,138,136,92,58,67,112,145,147,146,149,152
102,100,87,60,24,21,22,31,43,53,63,89,121,134,107,60,36,53,102,145,149,140,134,134
99,115,108,71,28,21,25,36,48,59,85,121,146,134,80,34,22,49,102,146,153,135,114,106
82,111,111,81,52,40,30,35,49,59,94,133,145,117,60,25,20,53,107,143,150,121,91,86
84,118,125,105,89,74,41,31,43,53,85,115,119,94,58,34,29,58,106,128,134,107,85,93
124,154,167,148,116,101,57,31,37,54,76,96,102,92,80,59,41,55,92,97,108,109,115,131
146,154,173,169,122,93,56,33,36,59,72,79,86,97,108,79,46,44,74,96,118,131,139,146
144,140,143,134,95,64,38,28,36,57,64,64,72,96,121,81,46,40,65,99,128,143,147,148
131,127,110,85,59,34,19,18,29,46,58,61,64,79,104,73,49,48,67,93,121,139,147,150
122,120,92,57,37,19,11,13,21,36,57,69,66,62,73,58,51,58,75,89,109,130,146,153
129,117,88,55,33,21,16,19,29,40,54,70,76,69,59,37,36,53,80,105,121,136,146,148
130,117,89,56,33,32,32,30,29,31,35,44,57,65,59,42,34,42,64,97,120,147,165,164
131,116,81,45,27,33,34,28,22,23,23,27,37,49,56,58,46,45,69,109,128,147,168,183
136,116,75,36,21,24,24,19,16,20,22,24,32,47,60,67,53,53,85,123,135,138,153,178
136,116,78,39,18,15,13,13,17,23,27,28,39,58,67,62,49,57,89,113,125,128,137,154
113,101,77,45,18,16,13,16,24,33,33,32,36,45,51,50,48,52,63,75,92,114,140,160
82,69,54,36,15,15,17,27,42,55,58,61,56,43,34,40,43,44,48,64,86,117,149,171
81,64,51,38,21,22,27,40,58,72,76,78,70,53,38,39,41,39,39,54,77,111,145,165
122,93,64,44,30,34,41,52,66,78,82,81,76,66,51,42,37,33,33,50,71,100,130,149
175,126,73,42,34,43,52,59,67,76,81,79,78,74,58,43,32,26,30,55,74,95,118,137
