70,84,88,86,93,94,99,100,99,98,101,112,118,121,127,109,93,87,93,106,112,113,111,109
61,68,71,73,79,84,97,104,102,101,102,108,110,110,115,103,97,98,99,102,110,112,110,110
56,58,58,59,64,69,81,89,90,93,101,106,105,103,105,98,100,104,102,97,106,108,107,108
57,57,56,54,56,59,64,69,77,85,98,104,105,103,103,98,99,101,99,96,103,106,108,110
56,58,58,58,58,59,62,71,81,88,94,97,99,102,106,102,95,93,97,101,102,105,111,117
54,57,62,63,62,65,78,89,93,92,92,91,89,88,92,96,93,94,98,95,93,94,100,107
55,59,67,70,64,67,77,85,87,88,90,86,84,88,91,91,91,93,94,89,90,95,101,103
57,58,64,68,64,64,72,81,84,82,82,82,88,96,96,87,86,89,92,93,96,104,108,104
55,56,61,66,67,63,71,85,91,78,72,80,93,100,96,87,84,87,94,103,107,113,114,106
50,54,67,79,79,72,75,90,97,78,68,81,92,89,86,91,92,91,95,109,111,115,114,104
49,53,67,79,78,80,73,74,79,79,81,89,92,87,86,91,94,94,98,109,100,97,93,85
51,51,55,61,64,73,69,65,70,79,86,94,97,94,90,92,95,98,100,108,96,85,75,66
50,52,52,52,54,65,63,59,59,68,76,83,89,92,91,95,102,105,105,110,103,93,82,75
49,59,67,67,62,65,61,54,49,49,56,62,67,73,80,92,104,111,111,112,116,113,107,103
55,73,90,95,87,77,69,61,52,44,45,46,47,49,55,68,85,102,110,109,119,123,117,109
65,76,88,91,86,75,69,65,58,47,44,42,41,42,46,52,63,78,91,90,96,106,112,110
78,88,88,78,69,63,63,65,62,49,45,43,42,42,42,43,47,56,67,65,66,76,88,96
76,86,79,62,53,52,57,60,58,51,47,44,43,42,40,40,40,44,50,48,49,55,65,75
58,64,61,52,48,48,52,54,52,52,50,47,44,42,40,40,41,42,44,44,48,50,54,58
53,55,54,51,46,45,51,54,53,51,52,52,49,45,42,41,44,47,46,43,47,49,48,46
49,51,53,53,49,44,47,51,52,51,53,53,52,50,48,44,43,45,47,47,48,46,44,42
46,48,52,54,52,47,47,49,50,51,52,51,51,52,53,51,46,43,45,47,45,44,44,44
44,46,50,52,51,50,48,48,50,50,50,50,50,51,52,52,47,43,43,44,42,43,45,48
45,46,48,49,47,50,48,48,50,51,49,51,51,49,45,46,44,43,43,44,42,42,46,49
