104,95,90,91,93,95,96,96,97,97,94,95,97,101,107,101,92,86,83,81,78,78,79,78
103,96,90,88,88,90,91,91,91,90,90,92,97,103,103,90,78,72,70,69,68,69,70,70
92,90,87,87,87,87,87,87,87,88,88,87,89,89,83,72,65,62,63,64,64,65,65,65
81,83,86,87,87,85,84,83,84,86,85,81,75,68,63,61,61,63,63,66,67,66,65,64
79,82,84,84,82,79,76,76,78,79,79,72,64,59,61,65,67,67,67,69,68,66,65,65
74,74,73,72,70,69,70,73,77,78,73,66,62,64,68,70,69,69,70,71,68,70,75,77
68,67,66,65,64,64,67,71,73,70,64,62,64,69,70,68,69,73,76,74,72,78,85,87
64,63,63,62,62,62,66,69,69,68,63,64,69,74,73,72,75,80,82,79,81,88,94,94
62,62,61,61,62,65,70,72,72,74,71,72,78,81,80,82,84,85,85,86,91,96,99,98
61,60,60,62,66,76,82,84,84,81,80,84,88,90,91,90,87,85,87,92,98,100,99,97
65,66,67,71,79,88,88,89,88,81,81,88,92,90,87,83,84,88,91,95,98,99,97,95
70,70,73,78,87,88,85,85,82,74,78,85,86,81,79,81,86,89,92,97,99,97,93,90
71,71,76,83,88,82,78,76,74,70,76,79,79,76,77,83,88,90,93,98,97,92,88,86
71,70,77,84,83,75,71,70,71,74,77,77,77,80,82,86,88,91,94,96,91,86,84,85
72,73,76,77,73,67,68,72,76,79,77,80,84,87,90,87,88,89,90,88,85,84,84,83
57,63,67,65,59,59,62,68,71,69,67,74,79,80,86,86,88,88,85,84,82,82,81,80
34,44,54,57,53,56,61,64,63,59,60,63,65,66,73,79,81,79,77,78,77,76,77,77
18,29,45,54,52,55,59,60,57,55,57,56,55,57,65,72,72,69,69,72,70,70,72,74
13,24,44,56,53,53,54,54,54,57,56,53,54,60,66,69,66,64,67,67,66,66,68,72
15,27,45,57,55,53,51,51,52,54,52,53,58,64,65,64,65,68,71,68,67,68,70,71
19,36,52,58,57,58,55,53,52,50,48,53,58,59,57,58,63,68,69,66,68,71,72,71
31,48,58,60,60,63,60,56,52,49,50,55,57,54,53,57,62,65,64,65,69,70,67,63
42,52,57,58,61,62,60,57,54,54,58,60,57,54,54,59,62,62,61,64,67,65,61,58
43,46,50,53,57,59,57,55,56,62,67,64,61,59,58,60,60,59,60,63,62,62,61,61
