64,72,78,77,69,65,65,70,84,111,130,135,135,139,148,152,141,109,76,71,87,86,73,66
63,70,76,76,70,67,66,67,76,102,129,139,142,145,150,149,127,94,65,61,72,76,71,65
65,68,72,73,70,68,66,63,65,83,115,138,148,149,145,127,98,71,55,51,55,58,58,56
69,70,71,71,70,68,65,60,59,68,106,136,150,148,128,95,69,54,50,47,45,44,44,43
73,73,72,71,70,67,64,60,60,73,118,143,152,143,108,70,54,51,50,48,45,41,38,36
73,73,72,71,69,67,63,59,62,83,136,157,161,150,107,66,52,51,51,49,46,42,37,34
72,72,71,70,68,66,63,58,66,100,153,169,169,155,108,65,51,52,51,50,47,43,38,35
72,71,70,69,68,66,62,58,72,120,166,176,173,157,106,64,51,52,52,52,50,46,40,36
72,72,70,69,67,65,60,58,79,139,176,179,172,154,101,61,50,52,53,54,53,49,43,38
73,72,70,68,66,63,59,57,82,148,181,181,171,149,93,56,47,50,52,54,53,50,44,39
72,71,69,67,65,62,57,54,78,145,184,186,175,149,91,54,45,48,51,53,53,50,44,39
70,69,67,65,63,60,55,52,74,138,184,190,180,159,112,65,46,46,50,51,51,48,43,38
66,66,65,64,62,59,53,55,82,143,182,189,181,167,140,90,56,45,48,49,49,46,41,36
63,63,63,63,61,57,52,65,102,152,174,180,176,167,152,112,69,46,46,47,47,44,39,34
61,61,62,62,60,55,52,75,114,140,154,166,168,155,132,107,73,49,43,45,45,43,37,32
60,60,60,60,58,53,51,73,105,116,127,146,152,136,104,88,65,46,40,42,42,40,35,31
60,60,59,58,56,51,48,64,88,99,105,127,134,115,84,71,53,40,38,39,39,37,33,29
59,59,58,56,53,49,45,51,68,88,101,123,125,102,73,55,41,34,35,35,35,33,31,28
58,58,57,55,51,47,43,40,49,75,107,129,123,93,60,39,30,30,32,32,32,31,29,28
57,57,55,53,50,46,41,36,35,49,87,116,109,71,38,27,26,28,29,29,30,30,29,29
56,56,54,52,50,46,41,35,30,32,50,70,67,43,27,25,26,28,29,29,30,30,31,31
57,56,55,53,50,46,41,36,30,27,29,35,34,27,24,25,27,28,29,29,30,31,33,34
61,59,57,54,51,47,42,36,31,28,25,23,22,23,25,27,28,28,29,29,31,32,34,36
64,63,60,57,52,47,41,37,33,29,27,24,23,24,26,28,28,28,28,29,31,33,35,37
