157,150,141,137,137,141,147,155,167,178,180,179,180,183,187,186,187,185,170,128,91,76,76,77
148,140,132,129,132,137,143,152,164,176,179,180,181,184,187,184,180,177,165,126,91,76,76,77
128,121,115,116,122,128,134,144,158,173,177,180,181,183,184,176,165,159,150,120,89,76,76,77
104,100,99,103,111,117,123,134,150,168,175,178,179,180,177,163,146,137,133,110,86,76,76,77
84,85,89,96,102,106,112,123,141,162,172,175,175,175,168,146,127,120,119,100,82,76,76,76
73,76,83,89,93,96,101,112,131,156,169,172,171,168,156,127,109,106,106,91,79,75,75,76
66,69,74,78,82,84,89,101,122,149,164,169,168,160,140,109,96,98,98,85,77,75,75,76
57,59,63,66,69,72,79,93,116,143,159,164,161,150,125,98,92,95,92,80,75,75,75,76
48,49,51,55,59,64,72,89,113,139,155,158,153,139,114,96,95,95,87,77,74,74,75,76
43,42,43,46,53,59,71,89,113,137,150,153,146,132,111,101,99,93,82,75,74,74,75,75
48,45,42,44,50,59,72,91,114,136,147,148,141,129,115,107,98,86,76,74,74,74,74,74
65,59,51,49,53,61,75,94,115,135,145,145,139,130,119,106,91,78,73,74,74,74,74,73
87,80,69,62,61,67,79,96,116,135,144,143,138,129,116,98,82,73,73,74,74,75,75,73
103,99,90,80,76,78,87,102,120,136,143,142,135,124,106,86,75,72,73,75,75,76,75,74
100,102,101,97,93,93,99,110,125,138,142,139,128,111,90,77,72,72,74,75,75,76,75,74
83,88,97,104,108,109,113,121,132,141,140,132,114,93,77,71,71,72,73,75,76,76,76,75
71,74,84,97,109,118,124,131,138,141,135,122,101,80,71,70,70,72,73,75,76,77,78,78
65,66,72,83,97,112,124,132,138,138,129,111,89,72,69,70,71,72,73,75,76,77,79,80
64,65,66,70,79,93,109,122,129,129,119,99,80,69,69,70,71,72,73,75,76,78,80,81
64,65,65,66,68,75,87,101,110,111,100,85,73,68,69,70,71,73,74,75,76,78,80,81
64,65,65,65,65,67,73,81,87,88,81,74,70,69,69,70,72,73,74,76,77,78,80,81
65,66,66,65,65,65,67,69,72,73,71,69,69,70,69,71,72,74,75,76,77,78,80,81
66,67,67,66,66,67,66,66,67,68,68,68,69,70,71,72,74,75,76,76,78,79,80,81
66,67,67,66,67,69,68,67,68,69,69,69,70,71,73,74,75,76,77,77,78,78,80,81
