172,173,164,135,88,66,58,59,74,111,157,184,188,180,178,178,168,132,76,32,23,23,23,23
179,178,167,137,92,68,62,62,75,111,156,181,185,179,178,177,167,133,77,32,23,23,23,23
187,183,173,153,126,107,98,89,90,115,155,178,181,176,176,174,165,134,82,33,22,23,25,27
191,186,176,169,170,164,156,142,129,132,160,177,179,174,172,169,162,138,91,39,28,30,36,41
189,184,169,163,180,191,195,190,176,158,168,180,182,175,171,168,161,142,104,54,45,49,56,61
184,178,155,134,136,144,152,156,156,153,161,175,182,178,174,170,161,144,116,73,61,60,60,60
183,178,157,134,127,128,129,129,129,131,138,160,175,177,172,169,160,147,122,77,61,58,60,63
184,181,168,154,147,145,141,137,134,133,138,157,172,173,169,170,164,153,129,82,64,62,66,70
183,182,179,174,172,172,169,165,162,160,160,169,175,173,168,170,165,154,133,91,75,72,75,77
179,179,179,180,180,183,182,181,180,179,179,181,182,178,169,165,153,140,126,98,84,79,79,79
172,174,175,176,177,180,181,181,180,180,179,180,179,176,169,166,148,128,114,100,89,83,80,78
169,170,172,173,174,177,178,177,175,175,175,174,174,171,166,167,151,133,120,103,92,85,80,74
170,171,172,173,174,177,177,176,173,172,171,170,170,169,164,166,152,136,125,106,90,84,80,73
174,175,175,175,176,180,180,179,176,173,171,170,171,169,163,164,147,126,111,98,84,81,81,76
176,177,178,178,180,182,184,183,180,179,176,173,172,170,163,162,143,107,75,74,78,79,78,79
178,179,182,183,184,185,185,185,184,182,179,178,177,173,164,161,143,102,60,61,73,78,78,78
179,181,184,186,186,186,185,186,186,186,185,184,183,179,170,162,143,103,60,61,71,77,78,77
175,177,180,181,181,181,180,180,182,183,183,183,183,180,174,165,146,112,78,79,76,76,77,77
160,161,162,162,162,162,163,163,164,166,167,168,169,169,168,163,148,123,102,105,87,76,74,75
123,124,123,122,124,126,128,130,132,134,135,136,137,139,142,141,130,115,107,113,90,73,70,71
73,73,73,73,75,78,83,87,89,85,83,84,84,83,84,85,76,76,92,111,90,71,66,69
44,45,50,56,60,60,60,62,64,58,51,51,52,49,48,48,42,48,74,99,81,66,64,66
34,37,45,55,61,59,54,51,52,49,40,39,39,36,37,37,32,38,60,82,70,62,63,65
31,34,40,49,57,57,51,46,45,45,40,36,33,32,36,36,31,35,52,68,64,62,64,65
