219,218,218,219,220,220,220,220,220,221,223,224,224,223,223,223,223,223,224,226,226,227,229,232
218,218,218,219,221,221,221,220,220,221,223,224,224,224,224,224,225,225,226,227,228,229,231,233
219,219,219,220,221,221,221,221,221,222,224,225,225,225,225,227,228,228,228,230,231,232,233,234
221,220,220,221,222,222,222,223,223,224,225,227,227,227,228,229,230,231,231,232,233,234,235,235
222,221,221,222,223,223,224,225,225,225,227,229,230,231,230,230,231,232,233,234,234,235,235,235
222,222,223,224,225,225,225,227,228,228,229,229,230,231,232,232,232,233,235,235,235,235,235,235
221,222,223,225,226,226,227,228,230,230,229,229,230,230,231,232,233,234,235,235,235,235,235,236
220,220,222,224,226,227,227,228,229,229,228,228,229,229,230,232,233,234,234,234,235,235,235,236
217,218,221,223,225,226,225,226,227,226,226,226,227,228,230,231,231,231,231,232,233,233,234,235
214,215,218,221,223,222,222,222,222,220,221,224,225,226,228,230,230,229,229,231,231,232,233,234
210,211,214,217,219,218,217,211,204,204,213,220,224,225,227,228,228,228,229,230,230,231,232,232
208,209,212,215,217,214,203,184,171,179,192,202,210,217,222,225,227,228,229,229,229,230,230,231
207,208,209,211,209,199,186,170,162,172,179,187,196,203,207,212,218,223,226,227,228,228,229,230
207,206,203,200,193,180,178,175,172,175,168,174,186,192,191,191,200,210,217,221,223,226,228,229
207,202,189,172,164,178,187,178,161,152,134,141,166,189,192,174,177,189,197,205,212,218,223,226
201,190,155,125,135,173,177,165,150,128,87,78,104,147,183,177,186,198,197,192,191,194,203,215
174,167,127,90,103,153,172,170,154,119,60,41,59,103,157,164,183,202,205,199,184,171,176,198
156,154,117,78,86,139,166,162,135,99,45,27,39,79,142,154,173,191,195,189,177,165,170,189
164,159,125,90,91,132,141,116,81,58,33,25,37,77,146,157,166,170,164,161,166,172,181,190
176,166,143,119,104,96,75,51,34,29,26,31,47,83,139,154,162,159,150,163,169,164,168,185
157,160,149,120,83,53,34,25,21,19,20,26,39,61,91,109,124,135,146,170,171,163,166,181
154,143,115,79,48,28,21,20,20,19,19,24,31,39,53,72,83,90,102,128,140,151,164,172
130,104,64,34,24,22,28,35,36,28,25,26,28,36,53,65,59,49,50,66,84,108,138,161
78,57,34,21,21,25,40,58,62,41,32,28,30,46,80,80,57,35,28,32,37,52,97,153
