204,205,205,203,200,197,193,190,188,189,187,185,186,185,172,170,179,190,193,187,180,174,167,159
199,200,201,200,199,199,198,196,194,194,193,189,186,180,166,169,180,189,191,187,181,176,171,166
193,194,195,196,197,197,196,195,195,195,195,192,188,175,150,143,148,156,160,164,164,164,164,165
190,190,190,191,192,191,189,189,190,191,192,192,188,173,135,100,90,95,101,109,115,120,125,129
189,190,190,190,190,187,187,188,189,188,189,188,187,174,133,70,41,37,40,42,46,51,56,61
196,197,197,196,195,192,192,193,193,191,191,191,190,181,147,76,40,32,32,31,30,30,30,29
198,199,199,199,198,195,194,193,193,194,194,192,190,181,152,81,43,34,34,33,31,30,29,27
201,201,200,200,200,199,197,195,194,195,195,192,188,179,151,82,44,34,35,35,34,33,32,31
203,203,201,200,201,202,200,198,197,196,195,193,190,180,151,83,45,34,35,34,34,33,32,31
199,199,198,198,198,199,199,199,198,196,196,195,195,188,158,87,47,37,37,36,36,35,32,30
193,194,194,192,191,191,191,191,191,190,190,189,190,186,159,89,48,36,36,35,34,34,30,26
192,193,194,193,191,188,186,186,188,189,189,187,186,182,158,90,48,35,34,33,32,30,27,23
195,197,198,198,195,191,187,186,187,188,188,186,185,179,158,92,49,34,33,32,31,28,24,20
198,200,201,200,199,196,192,189,188,187,187,186,185,180,159,94,50,35,34,33,32,29,24,19
199,199,199,198,198,198,195,193,190,188,187,186,185,179,160,97,52,36,36,35,34,29,24,20
205,205,203,201,200,200,200,198,196,193,192,189,187,183,167,104,55,36,37,35,34,29,23,21
203,202,202,202,202,202,202,201,199,198,197,196,195,193,178,112,59,37,37,35,32,27,22,21
195,195,195,196,197,197,196,195,195,194,193,193,193,189,171,108,57,36,35,34,29,24,20,19
183,183,183,183,183,184,184,183,182,182,180,179,178,171,150,94,51,33,33,31,27,21,19,18
159,161,162,164,164,167,169,170,171,171,170,168,165,161,145,93,50,32,33,30,25,21,19,19
101,104,106,104,101,103,108,111,113,115,117,116,116,116,109,77,48,35,35,31,27,23,21,19
64,65,65,62,58,56,61,64,65,69,78,79,77,74,67,56,45,39,37,35,30,26,23,20
49,48,46,44,45,45,50,54,56,59,68,67,61,53,44,42,41,38,35,33,30,27,23,20
42,42,39,39,46,55,65,71,74,74,76,69,60,52,46,40,36,33,28,26,27,26,23,19
