36,35,35,33,31,28,33,80,150,189,189,176,168,172,184,185,187,186,181,183,186,189,190,191
36,35,34,32,30,29,34,79,147,187,190,179,170,172,177,168,165,165,162,165,170,173,175,176
36,35,34,32,31,31,35,80,148,188,193,182,173,170,160,130,118,116,112,114,119,120,119,118
36,35,34,33,31,32,36,82,151,189,193,182,174,167,142,95,77,73,66,63,67,65,58,51
37,36,34,33,32,31,35,82,151,189,191,180,173,167,136,85,69,66,57,50,52,50,38,22
37,36,34,32,31,31,35,82,151,191,195,184,176,167,137,90,70,65,62,63,61,55,43,28
36,36,34,32,32,32,36,81,149,190,195,185,177,166,131,89,66,56,59,82,93,86,68,51
36,35,34,33,32,32,37,82,149,190,195,185,176,160,121,81,58,46,48,80,102,100,83,67
36,35,34,33,32,31,38,84,151,192,197,188,175,154,112,74,56,44,39,62,87,92,80,67
36,35,34,32,31,29,35,82,151,192,199,190,175,151,109,81,69,58,46,54,75,84,75,61
36,35,33,31,31,27,30,77,148,189,196,187,174,152,114,100,96,84,63,53,67,89,97,87
36,35,33,32,31,26,27,74,145,185,190,183,172,153,114,95,92,81,60,50,61,87,103,98
39,38,36,34,32,27,28,75,146,184,189,183,172,152,109,79,74,69,58,60,68,80,91,95
46,45,42,39,37,32,33,80,150,188,193,186,175,150,104,69,64,67,66,80,85,78,78,89
58,56,53,49,44,40,41,83,149,189,194,189,179,154,106,73,74,80,78,89,95,83,78,90
39,38,36,34,32,35,40,78,138,182,188,185,178,158,110,81,81,85,81,83,92,83,65,58
33,33,33,32,32,36,43,78,136,183,192,190,183,162,115,93,97,105,101,96,106,97,69,44
54,55,56,57,57,59,66,99,149,186,193,192,186,164,115,89,92,101,97,91,95,88,63,38
90,92,94,95,96,95,104,132,164,179,181,180,177,158,107,67,60,64,63,59,60,55,41,28
104,105,110,115,118,116,125,141,156,159,159,156,152,136,90,50,39,42,45,50,63,59,40,24
80,81,89,99,103,100,106,114,117,112,106,99,93,81,56,34,29,31,34,39,53,50,35,24
44,44,53,66,74,72,70,69,65,60,55,48,43,38,31,24,24,27,32,37,44,43,35,30
24,23,29,41,51,51,43,35,30,28,28,27,25,25,27,28,28,31,37,41,43,42,39,38
27,25,26,33,45,46,36,26,22,24,29,32,35,36,36,39,38,38,42,46,47,45,42,41
