189,194,206,221,229,233,233,234,236,240,243,243,241,239,239,234,228,223,219,211,207,202,193,184
185,184,184,189,196,202,205,207,211,217,224,228,231,233,236,234,231,229,228,225,223,221,216,212
187,182,173,166,165,168,168,167,169,174,180,185,190,196,201,203,204,206,209,212,215,217,218,220
198,196,189,180,173,170,167,162,158,159,159,160,162,166,170,171,172,173,175,178,182,186,190,196
210,215,218,218,217,214,212,207,202,198,196,192,188,186,185,182,178,172,165,160,158,160,163,165
204,205,202,201,207,209,212,215,218,220,222,223,221,220,221,218,217,214,208,201,197,196,196,198
198,190,176,167,170,170,172,177,182,183,188,191,193,197,204,207,210,214,216,215,214,214,216,218
202,198,186,174,172,168,165,166,168,164,163,162,161,163,168,171,176,181,184,184,185,188,190,193
209,216,217,212,209,203,199,197,194,188,182,175,169,164,162,161,163,164,161,156,156,156,156,155
205,214,220,222,223,222,224,225,225,224,225,222,218,214,208,202,199,198,195,188,185,179,172,165
184,184,183,183,186,186,191,195,197,204,213,217,218,219,214,206,203,204,209,213,220,221,218,213
180,181,180,176,174,169,170,170,168,170,177,178,179,181,179,173,173,176,180,186,200,207,209,210
190,199,204,202,198,191,190,187,183,180,181,177,173,172,170,166,165,164,162,163,173,180,182,183
196,209,220,225,226,223,223,224,222,221,220,215,209,206,204,200,196,191,184,179,181,182,180,178
185,190,197,203,209,209,212,214,217,220,225,225,226,229,233,231,229,226,222,219,221,221,220,217
175,171,168,170,173,171,171,172,174,179,183,183,187,196,204,203,203,204,204,203,208,212,214,216
194,194,191,189,189,183,182,181,179,181,181,174,173,178,184,180,177,176,176,173,175,178,179,181
215,220,223,222,221,215,215,214,210,210,211,202,197,197,198,192,187,184,182,179,177,176,174,172
211,214,219,222,223,222,223,220,218,225,239,237,230,228,227,224,221,219,219,218,217,214,210,206
187,180,176,178,180,182,180,171,172,201,236,236,223,215,214,218,220,222,224,224,226,226,225,225
183,173,164,160,156,154,142,125,130,181,231,229,200,176,173,177,180,183,185,184,187,189,191,195
206,198,189,184,178,167,141,115,116,164,215,221,198,174,171,170,170,170,169,166,167,167,166,166
223,217,213,213,209,190,155,124,120,152,191,209,208,202,201,197,195,194,191,187,186,185,181,176
214,211,211,215,217,194,156,129,126,147,171,193,213,227,227,224,225,226,225,223,222,222,220,216
