243,243,243,242,241,240,240,239,236,232,229,224,217,209,203,200,197,193,177,126,55,25,32,48
221,222,224,224,224,224,226,228,228,226,225,224,223,222,220,220,219,219,206,154,75,35,34,45
179,181,183,184,183,183,186,189,191,191,192,195,201,207,212,214,215,217,209,166,92,48,36,39
164,165,165,164,162,160,159,160,162,160,160,162,168,174,179,182,182,184,179,147,86,47,34,33
200,199,197,194,191,187,184,182,180,175,170,167,165,163,161,159,159,161,155,121,63,32,29,33
209,210,213,218,221,222,222,221,220,217,213,210,207,204,200,198,196,197,189,147,75,35,30,35
167,168,173,180,186,188,190,194,200,202,201,199,198,199,200,204,208,212,207,171,102,56,39,36
160,159,160,162,165,165,165,167,170,172,171,168,164,163,167,173,178,182,178,151,96,56,38,32
194,192,189,187,186,184,182,177,173,173,172,165,157,152,152,157,157,157,153,126,74,41,30,29
213,212,212,211,211,213,213,211,210,213,214,211,204,198,196,198,196,197,193,156,86,42,32,38
177,177,177,177,179,184,186,186,187,192,198,202,204,204,204,205,207,211,207,175,105,53,36,42
172,171,169,167,167,169,168,165,162,163,166,169,171,171,170,169,174,180,176,148,92,50,36,40
201,200,197,193,191,190,187,183,178,175,172,171,169,167,163,160,160,163,162,136,84,44,31,34
221,220,218,215,214,213,212,211,211,209,206,203,200,198,196,192,183,182,186,164,102,50,28,29
182,180,178,178,180,182,183,187,193,196,197,197,199,203,208,210,202,202,210,195,131,68,34,32
178,174,170,166,166,167,165,165,165,165,164,160,157,157,162,166,163,161,165,161,113,62,35,35
210,207,203,200,199,199,196,192,189,186,182,175,169,166,170,175,174,168,164,160,112,58,29,30
232,230,229,228,228,228,226,223,222,220,216,210,205,204,206,209,210,205,198,194,136,66,28,31
218,217,217,218,219,220,218,219,222,225,223,221,221,224,224,223,225,226,226,226,162,79,35,43
190,190,190,190,191,191,190,191,194,198,199,200,203,208,209,204,204,206,209,213,154,75,36,50
184,184,183,180,178,178,179,178,177,179,181,183,184,186,188,187,185,183,184,185,134,66,32,44
183,183,181,179,176,175,177,177,175,174,176,177,177,175,177,181,174,165,160,155,113,58,28,35
182,182,181,180,180,180,180,181,180,175,174,177,177,174,176,178,164,147,138,127,94,51,26,29
182,181,181,183,186,185,183,184,182,173,170,174,177,175,175,173,152,130,120,109,81,46,25,27
