87,86,79,67,57,47,49,61,74,80,87,85,78,71,69,56,41,29,21,16,19,23,20,11
75,77,75,73,70,60,53,56,66,76,88,90,83,73,70,62,51,37,23,16,20,24,21,12
68,69,68,69,73,73,63,55,54,62,76,85,85,80,80,75,68,56,38,24,21,24,23,16
69,71,69,65,67,76,73,60,49,50,58,69,77,84,90,87,83,76,62,41,28,25,26,25
70,79,81,74,67,72,74,66,56,52,50,55,66,78,88,93,93,90,81,62,41,31,31,34
49,60,78,91,93,84,77,69,62,57,63,70,75,77,79,91,101,96,77,65,51,41,38,41
42,46,63,86,100,92,85,77,63,47,52,69,83,85,74,85,99,92,66,50,45,40,38,40
46,46,54,70,84,82,81,78,66,44,42,59,79,81,60,60,72,71,51,36,35,35,35,35
49,50,52,56,62,61,64,69,67,53,42,49,61,60,39,29,38,45,39,30,30,33,34,32
40,43,47,49,51,51,52,56,60,59,48,42,41,39,28,22,26,33,36,30,32,39,42,39
33,36,41,43,43,49,51,52,53,56,51,44,40,39,39,35,34,36,38,35,38,45,50,49
31,34,35,35,38,43,45,46,49,53,53,49,44,39,37,37,38,39,38,36,40,46,49,49
33,31,29,29,34,39,43,46,48,53,70,74,67,53,41,40,42,41,36,34,39,43,45,46
38,31,26,28,34,37,46,49,49,53,87,104,100,82,61,55,51,44,37,34,37,40,43,46
53,44,34,33,38,39,43,47,49,52,78,104,115,106,85,72,62,51,42,38,36,38,44,47
62,56,45,42,51,41,33,44,62,67,73,93,106,102,88,77,67,55,44,37,29,30,38,44
73,67,53,47,55,39,32,49,71,69,72,86,98,99,92,82,70,58,48,40,28,26,34,42
75,68,54,45,47,36,39,57,71,62,66,77,90,98,96,84,70,60,53,43,30,26,29,35
62,58,49,41,37,36,45,59,66,61,59,64,77,90,92,78,66,62,60,48,38,30,26,26
39,38,39,41,40,43,46,52,63,75,68,60,58,64,69,61,59,63,65,60,57,49,40,38
28,29,34,41,46,45,42,39,43,57,63,58,51,50,54,53,55,59,63,68,72,68,65,69
29,31,33,39,48,50,47,40,38,49,61,58,52,52,56,57,53,50,54,66,75,81,85,87
38,38,36,38,49,56,55,47,42,50,59,55,53,59,67,69,57,46,45,56,68,84,92,89
45,44,40,40,51,59,58,50,44,50,54,51,51,61,75,79,65,49,43,46,60,80,90,84
