14,14,14,16,18,21,23,24,23,19,16,17,19,18,16,14,13,13,13,14,15,16,15,13
14,14,13,14,17,19,20,21,20,16,13,14,16,16,15,14,14,14,14,15,15,16,16,14
14,13,12,13,15,17,18,18,16,13,11,12,14,15,14,14,14,14,15,15,15,16,16,14
14,13,11,11,13,15,17,17,15,13,11,12,14,16,15,15,14,14,15,15,14,15,16,16
16,14,12,13,14,16,17,17,16,14,12,13,16,18,16,15,14,13,13,13,13,13,15,17
22,21,22,22,20,18,16,15,15,13,13,15,18,18,15,12,12,12,12,11,11,12,13,14
19,19,21,22,22,21,20,19,18,16,15,16,17,17,15,12,12,14,14,12,11,11,11,12
19,20,21,22,20,20,21,21,19,17,15,14,15,15,15,14,14,15,14,13,12,11,11,12
26,26,26,24,20,17,18,18,18,16,15,14,14,15,16,16,16,14,12,12,13,15,16,16
34,33,32,29,24,19,16,15,16,17,18,18,18,18,18,18,16,13,11,12,16,22,25,24
32,28,25,25,27,27,23,19,17,17,16,16,16,17,17,18,18,18,16,15,20,27,31,30
33,30,27,26,27,27,24,22,20,18,16,15,15,16,17,18,21,23,24,23,24,27,29,32
31,30,28,26,25,24,24,25,27,29,30,31,31,30,27,25,26,29,32,34,33,30,30,34
26,26,25,24,23,23,24,28,35,44,54,59,60,56,47,37,33,35,41,47,48,44,40,40
26,26,25,22,22,27,29,30,34,47,63,75,78,71,58,45,36,37,46,57,65,65,58,50
38,39,37,33,32,39,40,36,36,42,51,60,64,59,50,41,34,34,41,51,57,58,52,45
35,38,40,45,53,66,65,58,52,49,45,46,46,44,42,38,35,35,37,42,43,44,46,46
23,27,36,52,71,87,85,77,70,64,54,49,47,46,46,46,43,39,38,38,36,37,43,49
15,18,31,51,71,82,79,76,76,75,69,67,65,63,62,61,54,47,44,42,40,41,45,48
21,20,26,36,44,44,42,48,60,70,69,71,72,71,71,70,62,56,56,55,54,52,50,48
25,20,19,22,25,22,22,30,44,54,53,53,54,54,56,60,58,57,63,68,72,71,69,68
35,30,30,33,35,29,29,33,37,38,36,39,38,34,33,38,38,40,50,61,68,72,73,74
43,41,46,54,55,48,45,42,37,33,33,38,38,32,28,29,29,30,35,44,51,56,60,62
45,44,51,62,64,58,52,44,37,37,41,48,50,46,44,40,38,36,33,35,40,41,43,46
