135,135,131,127,124,122,121,121,121,121,121,122,122,123,125,125,125,123,119,113,115,121,124,123
136,135,131,127,125,122,121,121,121,121,121,122,122,123,124,125,125,120,110,100,104,113,119,119
136,134,131,127,125,123,122,121,121,121,122,122,123,123,124,125,124,114,96,78,80,89,100,108
142,139,134,129,126,124,123,122,122,122,123,123,123,123,124,125,124,114,93,67,57,61,75,91
161,156,147,138,133,129,126,124,123,123,124,124,124,124,124,124,122,119,108,80,53,43,52,67
191,184,171,158,149,143,136,130,127,126,126,126,126,124,117,111,107,107,104,86,57,39,37,44
204,196,181,167,159,153,148,142,138,136,135,131,127,119,101,85,75,70,69,67,54,37,30,36
209,201,184,167,159,157,158,158,157,152,146,139,130,116,91,68,49,38,36,41,43,36,35,46
212,204,185,164,154,156,164,171,173,165,154,145,134,117,91,65,40,26,23,26,36,40,49,65
212,203,183,162,154,158,167,175,175,165,154,146,135,116,94,66,44,34,31,32,44,55,65,76
203,192,175,162,159,161,166,169,168,161,156,146,125,97,75,55,44,40,44,56,69,74,74,73
186,177,168,163,163,160,160,160,159,155,152,139,115,90,79,71,67,67,70,76,79,74,69,70
173,168,164,164,164,157,153,153,152,149,145,133,116,102,103,103,101,96,88,84,76,63,62,75
175,171,168,167,165,156,151,150,150,146,142,134,128,126,129,129,121,103,83,79,72,61,61,77
191,184,177,173,169,162,157,155,154,150,146,142,140,140,137,126,105,80,63,72,82,76,65,62
198,191,182,176,173,169,164,160,157,154,150,147,145,142,130,102,84,76,77,90,104,96,76,61
199,194,186,179,176,172,168,164,161,159,155,152,149,142,121,84,81,94,104,107,122,114,95,87
195,192,186,181,178,173,170,167,166,164,161,156,152,144,120,88,98,120,122,114,130,127,117,120
187,186,183,179,176,172,171,171,169,164,159,155,150,142,124,107,123,136,126,115,129,130,131,141
178,178,177,175,172,170,170,169,165,156,145,140,136,129,124,121,131,136,127,117,120,121,128,143
176,176,175,171,168,167,166,165,162,152,133,127,125,120,112,107,109,117,122,112,103,103,119,141
176,177,175,170,165,162,160,156,151,144,131,125,125,122,105,92,90,101,112,106,96,95,111,133
174,175,173,169,163,158,152,141,129,122,122,127,132,128,106,85,86,94,97,93,90,89,101,121
171,171,170,167,161,156,148,128,105,95,106,126,139,133,109,84,88,93,81,75,82,81,90,111
