139,139,139,139,138,136,135,134,133,133,134,134,132,130,127,119,115,112,102,75,54,44,39,32
139,139,139,139,138,137,136,135,134,134,135,134,134,132,131,126,125,123,112,85,60,46,37,30
139,139,139,139,139,139,138,137,137,136,137,137,136,135,135,133,129,123,108,80,60,50,45,39
139,139,140,141,141,141,141,141,140,139,140,139,139,139,138,132,120,107,91,62,49,51,56,57
140,141,142,143,143,143,143,143,143,142,142,142,142,142,139,123,103,89,77,48,37,46,64,75
143,143,144,145,145,145,145,145,146,145,145,145,145,143,137,116,106,101,89,61,45,50,68,82
145,145,145,146,146,146,146,147,148,148,148,147,147,145,137,118,112,108,96,78,66,74,89,95
150,149,148,147,147,148,148,149,149,149,148,147,146,143,131,110,101,100,98,94,92,99,101,90
162,160,155,151,149,150,150,150,149,149,148,145,140,131,114,95,88,93,102,106,107,108,95,69
181,178,169,159,152,152,152,151,151,151,150,143,127,106,93,93,101,110,112,106,103,100,83,57
185,183,176,166,156,155,156,156,157,157,156,137,113,96,97,115,126,119,102,93,92,93,80,58
186,186,180,169,160,158,159,160,160,161,158,133,114,116,127,137,127,106,90,91,88,92,85,65
189,189,185,175,164,161,162,162,163,164,158,132,126,145,155,140,112,94,93,95,89,99,101,82
193,194,192,183,171,166,165,165,166,166,159,139,142,163,158,122,95,96,110,97,88,108,121,105
195,197,196,189,177,170,168,168,169,169,165,155,159,165,135,95,87,106,119,86,81,109,130,121
188,190,191,188,180,175,175,174,173,173,175,178,183,172,121,91,104,121,110,76,79,100,112,106
167,174,181,182,177,177,179,179,176,176,187,198,200,176,124,118,143,144,107,86,96,96,86,81
144,156,169,175,174,175,178,173,160,152,168,186,185,158,127,145,167,152,111,109,121,99,68,59
134,148,163,171,171,171,169,152,124,101,112,134,137,121,118,149,156,136,115,132,139,104,60,45
148,156,166,172,171,168,155,129,96,70,64,78,88,91,108,137,134,114,108,138,142,102,58,43
126,138,156,169,169,156,140,118,94,74,55,54,59,71,97,112,107,101,110,132,127,90,54,44
114,127,146,159,161,145,125,106,90,74,51,42,44,57,76,77,82,94,110,114,103,80,58,47
117,123,129,135,139,129,111,92,76,61,43,39,44,50,54,52,68,92,105,96,84,76,65,50
125,117,109,106,110,110,103,84,61,46,37,42,51,51,42,47,69,92,100,90,79,77,70,54
