169,172,175,176,177,177,177,177,177,177,175,174,173,171,166,159,155,141,113,89,86,82,86,103
170,171,174,176,176,176,177,177,177,178,177,177,177,173,161,141,134,129,115,93,83,74,80,100
170,171,173,175,176,177,177,178,178,179,181,186,188,181,160,128,112,109,107,93,77,62,68,92
171,172,174,177,178,179,180,180,180,181,185,195,199,191,169,138,112,100,95,87,67,52,61,86
175,176,179,181,183,183,183,184,184,184,187,196,199,193,179,161,132,108,92,75,56,49,63,88
181,183,186,189,189,187,186,187,186,181,176,178,179,175,163,148,128,110,93,71,49,41,59,88
186,187,191,192,191,187,186,184,178,169,162,160,159,154,140,122,106,99,94,78,55,46,61,85
187,189,191,192,190,187,184,180,172,161,156,152,145,129,106,88,78,78,82,77,64,64,77,90
185,186,188,189,189,186,183,178,171,163,159,152,135,105,75,62,63,67,69,72,72,82,91,90
182,183,184,185,185,184,181,178,173,169,166,155,128,93,68,62,71,79,78,79,82,87,83,71
180,179,178,178,179,178,177,176,174,173,172,159,135,105,85,75,79,82,78,79,81,81,73,62
179,175,171,169,170,170,170,170,171,171,171,157,131,105,99,94,86,76,67,68,68,67,62,55
173,169,164,162,163,164,165,165,166,166,165,146,121,109,120,110,90,74,69,72,65,57,51,48
165,162,159,158,160,162,164,165,165,165,160,135,120,130,145,118,90,82,90,94,76,55,43,42
162,161,160,160,163,167,169,171,171,170,164,143,142,161,157,117,94,96,107,102,79,55,40,37
169,169,169,170,172,176,180,181,181,179,174,162,163,170,149,113,96,95,93,77,65,48,37,37
180,180,182,183,185,188,190,191,190,188,184,179,171,156,133,116,99,89,81,63,54,39,32,36
187,188,190,193,194,195,196,196,194,192,189,185,165,137,124,124,104,85,78,63,51,37,30,34
187,189,191,194,195,195,195,194,193,190,187,179,157,132,130,129,107,89,83,71,59,46,37,37
186,188,190,192,194,194,193,192,189,185,178,168,157,148,140,119,105,99,94,86,71,59,53,53
196,198,200,202,204,203,203,201,193,178,155,131,124,128,117,96,87,89,93,89,74,70,73,73
210,211,213,214,214,213,210,194,165,132,105,84,79,82,76,69,69,80,92,89,72,69,79,89
220,220,215,205,193,184,176,149,109,75,60,53,49,47,47,52,63,77,89,83,64,57,75,101
222,222,207,178,145,127,114,90,63,48,48,49,47,44,43,51,67,81,85,76,54,47,71,109
