131,131,131,131,130,130,131,131,130,129,129,130,130,130,130,125,114,95,75,68,65,77,92,96
132,132,131,131,131,130,131,131,130,130,129,130,130,129,126,113,95,76,62,60,58,67,80,87
133,133,132,131,131,131,131,131,130,130,130,130,130,127,118,95,75,59,50,51,50,55,66,75
134,134,133,132,131,131,131,131,131,131,131,131,130,126,110,86,69,57,48,51,50,52,59,66
135,134,134,133,132,131,131,131,131,132,132,132,131,125,108,95,83,70,58,63,65,63,60,58
135,134,134,134,133,132,132,132,132,133,132,132,132,126,112,110,100,83,71,76,85,79,65,56
136,135,134,134,133,133,133,133,133,134,133,133,132,128,121,125,118,102,93,104,111,97,77,69
136,136,135,135,134,133,134,134,134,134,134,134,133,131,129,134,131,120,114,130,133,117,98,90
137,137,136,136,136,135,135,135,135,135,135,135,135,134,135,138,137,131,129,144,140,128,112,101
139,138,137,137,138,137,137,137,137,137,136,136,136,135,136,137,137,135,134,141,130,120,104,84
141,141,139,139,140,139,139,139,139,139,139,138,138,138,139,139,139,134,125,118,105,97,79,52
143,143,142,141,141,141,141,141,141,141,140,140,140,140,141,142,136,122,102,90,87,82,63,38
144,144,143,143,143,143,143,142,142,142,142,142,142,142,143,142,130,107,83,76,83,79,58,36
144,144,144,144,144,144,144,143,144,144,144,144,144,144,144,140,118,95,83,84,93,85,63,43
145,145,145,145,146,146,145,145,146,146,146,146,146,146,144,131,104,91,101,107,109,98,75,58
146,145,146,147,148,148,148,147,148,148,147,146,146,146,143,127,106,108,131,130,121,108,89,69
147,146,147,149,150,150,149,149,149,148,147,146,146,146,145,132,114,118,135,123,112,102,90,79
148,148,149,150,151,150,149,149,148,147,147,146,146,146,147,134,114,106,110,99,95,91,89,89
149,150,150,150,150,149,148,147,147,146,146,146,145,144,141,122,98,82,78,78,86,91,95,99
150,150,150,149,148,147,147,147,146,145,145,145,143,136,121,98,81,73,72,80,97,102,104,112
149,149,149,149,149,149,148,147,146,146,146,141,128,110,95,83,82,82,83,92,112,118,116,118
151,151,151,152,152,153,152,151,151,150,142,121,99,85,79,78,90,103,109,116,128,125,112,103
154,154,155,156,157,157,158,157,156,150,129,99,80,79,79,84,107,129,139,137,130,113,96,87
156,157,157,158,159,160,161,161,158,147,115,88,83,91,87,95,123,150,157,145,117,91,81,84
