89,109,118,105,80,74,92,116,138,158,171,174,172,172,176,178,179,180,178,159,120,97,77,50
106,116,115,98,77,72,85,103,126,154,171,175,173,174,176,177,179,181,176,153,118,100,84,63
120,115,105,91,78,71,78,97,127,160,174,177,177,179,181,183,185,175,151,122,100,89,81,72
113,101,90,83,78,69,73,96,132,162,169,175,180,183,183,181,172,146,109,81,69,62,61,66
86,79,74,71,67,67,72,91,119,142,148,161,171,173,165,149,125,96,71,55,43,36,41,54
67,63,64,66,63,69,75,86,100,115,122,129,130,123,108,90,76,69,63,55,51,57,69,79
51,51,58,63,61,68,74,81,88,93,96,97,94,88,84,76,68,64,65,72,87,102,104,93
39,43,54,62,64,73,82,90,95,97,96,93,88,83,83,80,76,77,88,105,126,129,111,86
33,40,53,68,79,95,108,116,120,122,120,116,109,102,95,91,92,103,119,131,141,127,97,74
38,46,64,88,113,135,145,147,147,145,142,139,134,128,118,114,118,128,135,128,121,108,91,78
48,64,92,121,141,151,153,151,148,146,142,140,138,139,141,140,136,135,134,115,102,96,94,92
72,90,115,134,140,143,147,148,145,141,138,137,138,143,150,145,133,125,122,108,103,103,106,109
88,102,118,126,125,126,134,140,139,131,129,135,144,149,148,136,120,109,105,104,113,121,122,120
85,93,100,104,107,110,118,125,125,116,116,134,149,149,137,124,111,98,91,101,119,134,129,111
71,73,74,78,87,92,97,101,101,98,110,128,136,128,120,119,111,98,92,107,122,129,111,76
59,64,69,70,67,68,73,79,87,101,116,117,116,118,119,121,117,112,115,136,141,127,89,46
57,63,70,68,55,51,55,67,89,117,119,110,111,123,128,131,135,139,145,158,148,115,69,33
59,63,67,65,54,54,59,72,94,119,115,113,126,145,151,154,163,172,173,169,140,105,71,50
62,61,59,58,59,70,76,81,88,96,100,119,143,164,173,172,179,186,183,165,127,103,89,79
65,64,59,54,57,69,72,65,58,59,75,99,123,141,150,144,143,147,151,141,119,100,83,69
65,64,58,51,49,45,38,33,32,38,51,68,83,90,88,78,74,75,82,99,100,84,60,46
50,50,46,41,39,38,28,20,20,26,35,47,57,61,58,62,68,69,68,90,100,85,59,44
48,47,39,35,47,76,61,34,22,29,42,48,49,49,57,79,104,110,103,119,125,104,77,66
69,63,46,40,71,136,110,57,31,41,65,62,47,41,57,90,129,144,138,152,157,125,93,91
