78,71,60,51,49,53,53,42,30,32,38,52,65,65,47,44,53,53,43,42,44,45,42,39
64,58,46,38,45,57,55,44,34,33,39,58,70,62,40,42,50,49,42,43,44,44,43,40
41,37,27,25,41,59,56,47,41,40,44,62,66,50,31,38,45,46,45,43,42,43,43,40
26,25,20,23,39,53,53,50,52,55,55,62,56,38,32,45,55,59,57,50,44,42,43,41
39,41,39,37,42,45,47,54,66,76,73,63,48,37,44,64,85,89,76,65,50,44,43,44
98,99,85,64,53,49,56,66,75,85,87,73,49,33,37,61,93,100,76,61,44,42,47,49
112,105,88,71,61,58,66,71,69,65,74,67,48,30,31,48,76,82,59,47,34,35,40,40
95,84,70,62,62,66,72,70,56,43,58,63,54,41,34,35,49,57,52,53,43,40,39,35
63,55,46,43,49,58,62,55,41,34,56,69,69,59,45,29,28,41,59,71,63,55,47,39
28,24,21,22,26,32,33,29,28,41,69,86,84,69,51,31,26,40,63,75,70,64,58,51
7,7,12,20,28,30,23,23,35,58,79,98,95,73,57,42,32,37,54,63,60,58,58,57
1,3,8,17,25,24,21,33,54,68,81,103,99,74,62,56,43,36,39,49,54,60,65,65
5,6,8,12,16,14,21,44,66,67,77,96,92,70,68,67,56,43,38,47,53,63,70,70
11,12,11,9,8,8,25,50,66,62,71,83,78,66,75,72,64,56,53,59,57,61,69,73
14,18,19,15,12,17,33,53,63,60,69,75,72,69,76,69,64,63,67,73,71,64,63,72
17,20,26,32,33,36,43,54,63,62,72,77,74,70,73,68,67,68,72,80,78,68,57,52
23,20,26,39,54,58,58,61,65,66,71,71,69,70,73,75,76,77,77,79,76,71,57,40
34,27,24,33,54,69,69,65,65,69,67,61,63,71,75,80,81,80,79,75,72,69,59,46
49,43,29,22,35,60,66,62,62,69,62,55,61,73,76,77,76,76,76,72,71,66,61,59
64,62,47,28,22,40,50,56,62,66,53,52,61,73,79,75,73,74,75,69,70,67,61,56
67,71,61,42,27,26,35,49,62,66,53,54,63,73,79,76,75,79,82,74,72,66,58,56
70,73,69,57,45,32,29,41,58,63,53,56,65,71,75,75,77,82,84,76,71,65,60,60
67,70,68,65,60,48,35,39,55,61,52,59,68,70,73,74,78,81,80,74,70,65,61,59
58,63,65,64,62,58,45,45,56,62,51,61,70,71,73,76,79,78,74,71,69,64,56,49
