97,106,120,119,99,108,103,70,37,45,84,104,104,93,80,64,72,74,65,85,106,105,90,80
103,114,121,111,87,95,92,67,39,42,63,78,86,89,88,75,70,67,65,84,88,84,79,78
125,124,113,91,69,77,84,72,50,41,43,53,65,77,85,74,59,51,54,66,60,61,65,67
135,122,101,80,65,65,80,81,64,48,42,48,58,67,72,61,49,42,42,47,41,46,51,48
112,99,96,94,78,65,81,86,74,66,61,66,70,68,62,54,51,48,42,43,40,40,38,32
99,88,90,92,78,74,105,108,85,79,81,79,74,69,64,60,54,47,43,41,36,42,44,37
100,93,91,89,82,94,108,96,76,85,88,80,76,77,68,61,45,37,41,37,32,40,43,32
97,95,93,90,89,112,115,96,83,102,102,87,77,75,65,56,45,44,50,38,35,39,35,21
83,84,88,91,96,114,121,110,102,120,122,104,82,65,60,55,55,62,66,47,46,45,35,23
67,65,74,89,101,98,110,110,104,114,126,116,88,64,64,60,59,66,72,60,56,58,58,53
55,61,77,92,100,101,112,109,96,98,107,95,72,57,59,57,57,60,64,57,46,58,78,85
48,60,74,87,95,99,104,103,99,96,85,69,62,62,55,51,51,51,49,44,41,73,113,128
56,61,70,81,94,102,106,104,98,90,71,61,73,88,70,55,50,50,49,46,47,83,123,134
81,72,70,78,90,106,115,109,96,88,75,75,95,112,88,61,51,54,59,59,54,78,103,103
106,94,79,70,75,100,110,108,106,110,97,94,100,100,74,50,43,49,55,57,54,74,92,90
102,105,86,62,67,105,115,112,109,111,86,82,82,75,61,50,42,43,52,56,59,88,112,108
102,107,87,63,75,120,134,128,118,105,78,77,72,61,69,64,46,40,54,58,64,91,113,111
96,97,89,84,100,128,138,136,125,104,87,87,76,61,78,77,50,37,51,56,62,78,94,101
79,80,95,118,131,121,118,122,121,107,106,106,87,65,74,81,51,30,41,56,66,67,77,95
75,76,98,129,141,108,95,94,97,103,113,111,87,59,67,81,51,26,43,82,98,83,81,108
74,70,82,108,129,115,96,83,80,87,91,86,62,35,34,43,33,23,37,76,113,109,96,104
108,92,80,87,110,110,93,87,95,98,82,64,43,27,24,31,31,38,56,72,104,108,94,85
142,124,94,79,91,91,87,98,115,113,96,70,45,34,47,62,54,61,86,74,75,85,83,67
146,140,110,80,76,75,86,106,118,109,118,97,59,42,80,108,82,76,104,75,48,65,80,61
