51,48,47,51,58,58,55,54,57,62,64,62,61,62,64,61,58,55,53,49,47,47,47,46
51,50,51,56,62,62,55,50,51,58,61,61,61,61,60,58,56,55,56,52,50,49,49,48
54,54,55,59,64,64,56,50,50,56,58,59,60,60,60,61,61,63,65,61,59,56,55,55
58,57,55,56,61,62,58,55,55,57,57,58,59,60,63,67,70,72,72,68,65,63,61,61
58,56,53,53,58,58,59,60,60,60,60,61,61,63,66,70,72,72,69,66,63,62,63,63
55,54,55,57,59,59,61,62,63,64,66,66,67,68,70,72,71,67,60,58,56,55,55,56
54,54,54,55,56,57,58,58,57,56,57,60,63,66,67,67,67,63,57,55,53,52,53,54
56,56,56,56,57,59,61,59,55,51,51,55,60,65,67,67,68,67,63,58,55,54,54,55
60,60,61,62,63,65,68,64,57,52,52,56,63,69,70,70,71,72,72,65,61,60,59,58
66,66,67,68,70,71,72,67,60,57,58,61,67,71,70,68,69,71,72,69,70,70,68,66
73,71,69,68,69,72,73,70,64,61,61,63,67,70,68,67,71,74,73,70,71,72,70,67
71,70,67,65,65,68,68,65,62,60,59,61,64,66,65,65,68,70,69,69,67,66,65,64
70,69,65,62,62,64,63,62,62,65,65,67,68,69,68,69,69,69,70,71,68,65,64,65
70,69,66,62,62,63,63,64,68,73,76,77,76,75,74,74,73,73,74,74,73,71,69,68
67,67,66,64,63,63,66,70,73,73,74,75,74,72,72,71,70,71,72,71,73,72,71,70
69,68,65,64,64,64,67,70,70,65,64,66,69,71,72,72,70,69,70,71,73,71,70,72
73,71,69,68,69,68,69,72,73,68,67,70,74,76,77,77,78,77,77,76,75,72,71,74
78,78,77,77,77,75,74,76,77,74,75,77,79,81,80,80,82,83,81,78,75,72,71,71
83,84,85,84,82,79,77,76,75,74,76,76,77,78,79,79,79,79,78,77,74,72,70,67
77,78,77,75,72,72,70,66,64,65,68,69,69,72,78,78,78,78,79,79,78,78,74,69
71,71,69,68,68,72,70,67,65,67,71,71,71,72,76,78,79,78,77,77,75,74,70,67
68,67,65,64,66,71,70,68,67,69,71,70,68,66,68,72,75,76,75,75,72,70,68,67
68,67,65,63,65,69,70,70,70,72,71,69,66,64,66,70,74,77,79,80,79,77,76,77
68,67,65,63,65,68,72,73,74,76,74,72,70,70,73,74,77,82,87,90,91,91,90,91
