111,95,73,56,53,74,100,110,113,127,139,141,126,115,140,148,112,78,73,67,40,28,34,48
93,81,63,53,59,75,92,99,105,127,137,141,127,111,118,114,88,69,70,70,47,30,32,45
73,62,52,50,61,73,81,83,88,110,118,122,115,102,96,79,61,59,73,78,54,31,28,41
54,46,40,43,54,71,79,78,80,95,94,95,96,93,89,69,51,59,87,94,63,33,26,36
33,32,30,32,45,77,93,98,100,107,90,85,87,91,93,82,58,65,104,112,78,43,29,35
20,25,29,38,58,85,113,135,143,132,116,106,102,99,92,84,64,65,94,111,91,62,43,43
22,29,39,56,84,107,132,155,159,139,126,111,100,97,97,92,72,66,86,104,105,84,60,50
32,39,52,73,101,120,129,136,136,124,114,101,90,88,93,91,77,70,79,92,105,91,67,54
43,48,61,78,92,104,99,96,99,99,94,90,85,80,78,76,73,72,73,79,92,84,67,59
51,54,62,65,56,55,58,69,81,83,83,88,88,78,64,57,63,69,69,71,79,76,68,65
50,49,47,40,27,29,39,50,59,70,77,78,75,70,65,59,60,62,62,69,72,73,73,70
48,44,36,26,17,16,24,31,38,53,59,55,53,59,68,71,70,66,61,65,70,81,89,90
49,46,40,33,28,21,20,21,25,34,36,31,33,45,58,69,76,75,69,64,66,79,96,105
54,55,57,56,53,40,35,29,23,22,22,21,25,34,38,52,67,76,76,68,64,70,88,106
61,66,74,79,77,67,64,51,33,25,24,30,36,37,30,41,49,56,64,71,73,76,84,96
73,75,80,85,87,83,83,70,51,45,39,53,63,58,46,57,53,45,50,71,86,94,93,87
56,63,76,89,97,94,91,82,72,70,62,77,89,83,73,83,76,63,61,74,84,91,90,83
30,40,62,86,100,98,91,89,92,96,91,102,110,106,102,111,108,102,99,92,78,70,69,72
16,21,42,68,85,86,85,92,106,117,115,118,119,118,122,126,127,131,135,115,81,56,53,65
23,16,18,31,47,59,70,88,109,120,113,108,109,113,113,105,99,106,119,113,91,80,88,105
35,23,12,12,26,49,69,83,88,87,83,88,95,96,86,72,65,76,99,105,83,79,101,127
48,38,24,22,39,61,70,67,60,60,70,83,88,81,68,59,55,67,92,112,90,73,77,90
60,57,50,50,64,70,61,50,49,64,78,81,78,72,65,61,60,69,91,121,106,73,47,39
69,74,74,73,75,62,47,44,60,89,90,72,62,66,69,65,62,68,87,120,114,76,37,21
