44,54,54,36,9,2,1,3,8,23,60,89,110,115,92,41,22,36,62,81,116,133,127,112
31,36,36,26,8,2,2,3,7,22,62,94,109,107,84,39,19,28,50,70,101,123,123,108
15,16,16,13,5,2,5,7,8,19,55,90,101,89,73,49,26,21,35,46,73,103,106,82
9,9,7,5,3,3,9,11,10,18,50,84,93,79,69,68,48,38,46,37,54,77,75,47
15,19,15,8,6,5,11,16,20,30,63,88,96,89,77,85,82,84,89,58,54,49,38,26
21,33,32,22,18,17,30,51,69,78,100,109,102,92,96,100,105,107,99,68,47,27,17,21
15,29,33,26,22,28,67,106,119,109,118,132,115,85,95,100,106,101,84,63,38,18,17,31
9,21,35,42,41,46,85,119,125,110,121,134,115,77,76,86,91,83,66,55,34,18,23,46
7,17,45,72,76,72,88,103,104,96,113,116,100,77,61,71,73,68,60,51,36,22,27,50
10,17,59,102,108,102,106,108,103,93,100,95,90,85,69,66,62,64,68,51,42,30,27,37
14,15,51,94,108,111,110,101,90,83,82,92,100,97,85,68,57,65,80,59,60,50,37,35
38,25,37,64,80,88,81,72,74,90,81,83,93,97,87,68,71,90,99,72,76,61,40,35
59,37,27,33,41,47,46,56,80,101,74,57,62,76,73,69,92,115,109,71,69,52,34,33
58,42,27,20,17,17,27,56,86,88,50,28,37,60,68,78,103,115,95,56,53,44,33,33
34,34,34,32,25,20,30,45,52,40,24,29,58,91,100,97,92,82,68,56,66,66,54,41
27,26,31,34,28,24,46,58,49,32,40,62,88,106,104,91,88,107,128,106,71,54,46,36
35,30,29,29,23,29,48,52,40,30,46,74,92,95,90,83,93,135,177,142,69,36,37,41
47,38,29,23,21,31,37,35,27,21,32,62,84,86,80,80,88,128,176,153,73,32,35,51
51,43,29,20,22,26,22,20,17,10,10,43,78,91,79,76,68,88,133,137,78,41,39,51
40,37,29,20,13,10,8,11,13,10,9,33,70,91,75,54,46,59,85,92,62,47,42,34
58,47,28,13,6,5,4,7,9,7,6,16,38,57,53,36,33,46,62,70,69,80,77,53
76,57,29,8,3,3,3,4,5,4,6,11,23,37,43,38,37,39,49,74,91,106,101,78
80,70,47,23,8,5,3,2,2,2,8,14,22,32,42,48,49,42,43,77,93,102,102,94
70,82,77,49,16,8,4,2,1,2,8,14,22,31,42,52,58,52,44,64,69,78,91,98
