45,65,75,74,77,93,93,94,102,108,87,82,68,43,28,25,23,30,46,58,48,40,49,68
50,66,66,56,62,93,100,95,94,99,83,77,73,64,50,32,21,22,33,41,32,28,48,82
57,63,52,36,46,87,99,82,60,57,54,63,84,97,76,38,18,15,19,22,17,19,43,79
55,54,41,27,35,73,87,64,29,17,26,50,82,100,77,38,18,13,12,10,11,19,36,55
41,44,39,29,29,56,77,67,36,15,26,46,56,54,47,37,24,15,11,8,11,20,27,27
44,50,42,26,22,47,89,97,64,28,35,40,33,25,33,48,42,25,12,10,10,13,15,12
50,52,41,26,26,41,79,103,91,51,41,35,23,19,43,68,54,34,33,41,26,16,11,7
50,46,32,23,32,46,66,92,100,72,45,27,16,19,47,66,54,53,76,82,58,44,34,21
46,40,29,26,40,58,65,79,90,74,40,19,10,14,36,50,53,71,103,103,93,88,72,43
41,42,48,53,57,71,76,80,78,58,31,17,9,7,20,48,63,71,82,91,112,121,94,47
33,43,75,98,89,77,77,90,99,84,56,32,14,5,13,41,62,71,73,82,100,94,61,24
30,41,75,101,92,72,70,90,114,116,77,38,15,12,23,32,50,73,87,88,96,86,56,24
36,41,62,87,94,81,71,82,106,115,69,31,17,28,54,41,42,67,96,95,104,105,81,45
56,50,65,96,119,116,92,79,82,83,46,27,29,50,82,61,46,60,88,91,112,125,104,62
83,73,97,141,167,160,128,89,65,62,54,50,56,68,72,56,60,70,73,76,104,112,84,44
78,76,109,156,175,169,134,94,78,98,102,92,82,72,50,41,56,60,44,49,69,66,43,20
48,54,90,134,153,149,122,98,103,134,130,104,79,62,41,36,44,43,30,37,43,39,33,33
38,42,66,101,130,135,124,120,133,155,134,97,71,62,56,44,34,25,20,25,28,41,59,71
62,57,58,79,119,142,152,159,165,161,125,89,76,86,93,66,36,16,10,10,19,52,83,93
75,68,56,62,100,146,175,190,187,158,109,77,86,125,146,107,59,30,21,14,20,39,55,55
55,53,49,50,61,95,131,151,145,111,75,58,85,141,175,131,73,48,56,48,39,34,29,21
37,37,39,36,31,46,73,87,79,57,45,48,85,143,175,125,68,54,76,67,50,36,22,9
39,38,37,33,27,34,55,60,45,31,41,55,88,131,148,95,52,49,69,62,51,41,25,10
55,52,48,43,42,53,82,83,58,41,58,72,92,116,115,68,42,41,50,47,50,43,26,11
