22,22,22,22,24,27,31,38,51,71,101,128,153,170,175,164,140,110,82,62,49,40,36,36
20,20,20,21,22,24,27,32,42,62,91,106,118,129,132,123,105,83,63,49,40,35,33,34
18,18,17,18,19,20,21,23,31,48,75,78,75,78,79,73,63,51,40,33,30,28,29,30
20,20,20,20,19,20,20,21,25,38,59,56,48,46,46,44,38,32,28,25,24,25,27,29
30,30,30,29,28,27,28,28,31,38,49,47,43,42,42,40,36,33,30,27,26,28,32,35
42,41,39,38,37,37,38,39,41,45,50,49,47,47,47,46,43,41,39,38,38,41,45,49
52,50,47,45,44,43,43,44,46,50,54,53,52,51,50,49,47,44,43,43,45,48,53,57
58,56,53,50,48,47,47,48,50,53,56,56,55,53,53,52,48,45,44,44,47,51,57,62
59,58,55,52,51,49,49,50,52,54,56,57,56,55,54,52,49,45,44,44,47,52,58,64
59,58,55,52,50,48,48,49,51,54,57,57,55,54,52,50,46,43,42,44,48,52,58,65
57,56,54,51,49,48,48,50,52,55,57,57,55,53,51,48,45,44,44,45,48,52,58,65
56,55,53,50,49,48,48,49,51,53,55,55,54,53,52,49,47,46,47,48,50,53,60,67
53,52,50,47,46,45,46,46,48,50,52,53,53,52,52,49,48,47,47,49,51,55,62,68
49,48,45,43,42,41,41,42,44,45,48,50,50,49,48,47,45,44,45,47,49,54,61,68
44,43,41,38,36,36,36,37,40,41,44,46,47,46,45,44,43,42,41,43,47,52,59,65
42,40,38,36,34,33,33,34,36,38,41,43,44,44,43,43,42,41,40,41,45,50,57,63
39,39,37,34,32,31,30,31,33,35,38,40,41,41,41,41,40,39,39,39,44,50,56,61
37,37,36,33,30,29,29,30,32,34,36,38,38,38,39,39,39,38,37,39,43,48,55,61
36,36,35,32,30,28,28,30,32,34,35,36,36,37,37,37,37,36,36,38,41,47,54,59
35,35,34,31,29,27,28,29,30,31,33,33,34,34,35,35,34,34,35,37,40,45,51,57
33,32,31,29,28,26,26,27,27,29,30,31,31,32,33,33,32,33,34,36,39,44,50,55
31,30,28,27,26,25,25,25,26,27,29,29,30,30,30,30,31,31,32,34,38,42,48,53
29,28,26,25,25,24,24,25,25,26,27,28,29,28,28,28,29,30,31,33,36,40,46,51
28,27,25,24,24,23,24,24,24,25,26,27,28,27,27,27,28,29,30,32,35,39,45,50
