217,191,130,70,41,31,38,60,87,109,163,192,207,212,196,188,194,197,191,187,173,149,134,136
215,187,128,70,43,34,37,50,72,101,156,189,207,211,191,182,182,181,176,179,175,160,146,142
210,179,124,75,53,42,38,40,54,85,136,177,203,204,177,155,139,129,125,138,149,156,158,156
203,170,124,93,83,69,58,50,53,74,112,158,189,186,148,117,91,75,74,90,105,130,152,158
197,161,127,118,127,118,102,87,80,83,99,141,170,159,112,87,69,61,64,73,74,95,122,134
190,154,119,115,137,139,130,121,117,118,121,149,167,147,98,81,73,74,80,75,66,78,98,108
180,146,113,107,128,141,144,141,139,140,135,156,169,155,123,112,103,96,89,74,63,68,83,96
172,141,107,90,98,113,123,131,140,151,154,172,181,170,148,131,116,104,95,83,75,74,84,99
170,143,107,82,79,89,96,104,119,140,159,182,193,183,161,138,121,113,110,103,96,90,93,104
172,149,116,98,105,114,103,91,90,103,128,168,193,189,166,155,149,144,137,124,112,104,100,99
160,140,116,105,115,125,120,112,109,112,132,170,192,181,147,135,133,136,139,140,137,134,131,128
147,132,114,104,105,110,110,111,115,123,141,175,192,180,157,147,143,142,139,136,131,129,134,142
131,120,111,108,106,105,105,109,116,125,144,175,184,170,160,152,149,149,147,140,136,134,140,150
120,112,110,115,118,116,110,109,113,119,143,173,173,151,148,141,139,145,151,149,151,155,157,158
126,120,114,111,113,114,104,98,102,114,146,177,174,148,148,144,137,135,137,130,138,149,158,162
117,112,108,108,110,115,112,106,108,129,157,177,168,144,147,155,156,154,150,144,146,146,150,159
92,86,82,86,93,100,107,113,124,147,170,184,175,155,153,156,160,164,165,167,167,162,157,156
68,59,53,54,62,68,77,92,109,130,161,180,175,159,160,162,169,178,187,194,194,185,168,151
57,47,36,30,31,34,38,47,60,80,128,157,151,131,143,158,174,191,206,214,214,198,172,150
52,43,33,26,25,24,24,25,30,49,107,133,109,70,76,93,123,161,197,214,210,191,171,160
49,41,31,24,21,19,19,20,25,44,107,125,90,44,44,54,82,128,178,204,186,148,120,115
44,36,28,22,19,18,18,19,25,46,112,122,82,35,33,39,63,109,164,194,161,109,73,66
38,31,24,19,18,18,18,19,26,49,116,120,75,31,29,34,56,101,156,186,144,86,47,39
34,29,22,18,17,17,17,19,27,52,119,117,70,28,26,30,53,98,152,182,136,77,41,35
