49,49,50,51,53,62,104,150,169,153,172,193,206,208,203,192,174,153,129,107,86,70,62,59
53,54,56,59,64,73,112,157,176,161,177,193,202,201,193,179,159,137,117,97,79,68,63,62
71,71,70,70,71,76,112,154,174,163,175,186,189,183,171,154,134,116,101,86,74,67,64,64
80,77,74,69,67,72,106,146,168,165,174,179,176,166,152,133,116,102,91,81,71,66,64,64
61,59,55,54,60,76,110,146,170,178,183,181,173,160,143,125,110,98,87,78,69,63,62,62
55,54,55,61,74,99,132,162,180,186,185,176,163,147,129,111,97,85,77,70,64,60,60,60
60,60,61,67,80,102,130,155,170,174,171,160,145,129,112,97,85,78,73,69,65,63,62,63
63,63,64,68,77,94,117,138,151,156,153,144,131,118,105,93,85,80,76,73,69,66,65,64
62,62,63,66,72,85,103,121,134,139,138,131,122,113,104,94,87,83,79,74,69,66,65,65
64,64,64,67,73,83,96,109,119,124,123,118,112,105,97,90,83,79,76,74,70,70,72,74
67,68,68,70,76,82,89,97,104,107,107,105,100,96,93,91,90,91,94,97,100,106,114,120
69,70,73,77,82,87,95,103,111,116,121,123,124,125,127,130,133,136,139,142,143,146,148,149
95,97,103,109,115,121,128,135,141,144,147,149,151,152,152,154,154,153,151,149,146,144,140,138
136,139,145,151,154,157,161,163,162,158,154,152,151,148,144,141,137,133,127,123,120,117,116,115
155,154,154,152,149,145,143,139,134,128,124,124,125,125,125,125,126,126,126,129,131,135,139,141
134,135,136,136,136,137,138,140,141,143,146,151,156,160,162,163,163,164,164,166,167,168,167,167
140,140,141,142,143,144,145,147,150,154,159,165,172,178,179,174,169,166,164,164,163,160,157,155
146,146,149,150,148,146,146,147,149,152,156,160,167,173,173,162,153,148,144,141,139,136,133,132
128,129,136,139,133,129,128,129,131,134,136,136,141,148,147,135,126,121,117,114,113,112,111,111
96,98,106,109,100,94,92,92,94,95,93,90,91,92,90,81,75,71,68,67,67,69,72,76
46,47,50,51,48,46,48,53,59,62,58,52,48,45,43,41,39,38,38,40,42,45,50,56
21,21,22,23,24,27,35,48,61,68,63,53,41,33,30,30,32,32,33,37,40,43,49,56
17,18,21,24,24,26,36,52,69,78,73,60,47,39,36,34,33,34,35,38,41,44,49,55
16,18,27,33,28,23,29,41,56,64,61,50,43,42,42,33,28,27,29,31,33,36,41,45
