101,104,108,115,130,148,163,176,190,200,181,163,154,153,152,150,147,146,144,138,133,129,128,127
103,106,111,121,136,153,166,175,187,198,180,161,152,150,149,147,144,143,142,137,133,129,127,125
109,112,119,128,142,156,166,170,179,195,178,158,146,144,142,141,139,138,137,133,129,124,120,116
114,118,123,130,141,155,163,164,171,191,175,152,139,136,134,134,133,131,130,126,121,116,111,107
112,115,119,125,135,148,157,158,165,187,174,148,131,128,126,126,124,122,120,117,113,109,105,102
109,112,114,120,130,142,152,153,159,184,173,144,124,120,117,116,113,111,109,105,101,98,97,95
109,112,114,117,125,136,146,147,153,178,172,140,116,111,108,108,107,105,104,101,97,94,93,93
106,113,116,116,118,128,139,141,147,174,172,138,112,106,104,106,105,104,104,102,97,94,92,91
101,114,120,116,113,123,134,137,144,171,175,141,112,105,104,106,106,105,104,102,98,95,91,89
99,114,124,120,113,123,134,137,145,171,180,145,113,104,103,104,104,102,102,100,97,94,89,86
102,115,125,122,113,123,134,138,145,170,185,151,114,102,101,102,101,99,99,99,98,94,90,85
102,110,116,115,114,125,137,141,148,171,190,156,116,99,97,98,97,95,94,95,94,91,87,82
101,104,108,117,133,147,156,153,151,166,179,148,112,95,92,93,94,92,91,91,89,87,84,81
97,99,106,127,162,182,184,170,154,152,150,128,104,92,89,91,93,93,92,93,91,90,91,91
89,92,100,126,172,197,198,181,156,136,120,109,101,96,94,98,103,104,105,109,110,113,117,120
84,86,94,118,161,190,196,185,163,137,123,119,118,119,123,130,138,145,150,157,162,167,171,174
92,95,105,130,169,194,201,195,182,166,161,161,163,166,170,173,176,179,180,180,179,178,177,175
130,134,144,162,188,202,205,201,194,188,187,186,185,183,181,180,178,176,172,169,165,160,156,153
175,178,183,188,193,193,192,190,186,180,176,171,164,156,149,146,144,142,140,139,138,136,134,132
164,164,163,161,160,158,157,157,155,151,149,147,144,138,131,127,125,121,117,116,113,110,106,102
140,138,137,134,131,129,126,123,120,115,113,115,114,110,105,100,99,99,99,103,106,108,108,106
105,104,103,102,100,101,101,101,100,99,100,105,111,114,114,112,114,117,120,126,131,134,136,137
92,92,92,93,96,103,108,111,115,117,120,124,132,141,144,146,149,152,154,158,162,166,167,167
108,108,110,116,124,133,140,145,150,154,154,152,156,162,165,166,168,169,169,170,173,178,179,178
