63,54,38,22,14,9,6,13,35,72,118,160,189,201,193,168,130,89,66,87,135,161,161,151
116,106,90,74,62,46,35,32,36,49,76,107,137,161,176,178,164,139,117,121,143,145,122,98
162,155,146,137,127,111,103,94,83,77,79,83,92,109,129,154,177,181,168,164,165,150,113,78
158,160,162,163,162,159,159,153,144,137,128,113,104,103,106,133,172,190,182,174,173,165,143,119
109,117,126,134,144,157,162,164,167,169,163,160,159,156,148,159,178,180,162,148,151,162,173,179
70,79,83,87,102,132,149,159,161,148,135,143,156,167,174,182,183,177,170,165,159,156,159,164
54,60,60,60,70,104,133,145,132,96,71,82,117,152,163,148,146,155,166,174,166,156,145,137
36,43,49,50,55,80,111,127,112,70,49,74,114,135,115,85,92,115,133,155,161,153,137,124
38,48,56,56,56,69,90,111,113,86,86,119,138,116,66,43,58,78,88,117,140,145,132,116
91,98,89,74,70,73,83,106,126,121,138,151,133,90,61,57,69,69,63,88,111,130,124,94
138,133,110,88,85,84,89,110,133,139,148,144,124,100,94,100,104,90,74,94,89,108,120,106
158,144,116,97,102,100,103,121,144,151,153,147,127,103,96,109,120,122,121,131,99,92,110,129
161,149,126,109,111,104,107,126,147,149,147,143,133,119,115,125,134,140,144,142,110,89,101,133
162,160,148,130,116,99,101,120,136,131,127,125,129,138,146,152,149,143,137,127,115,102,101,115
168,173,174,162,135,110,105,117,123,106,105,107,115,127,136,152,154,148,143,137,137,129,114,101
148,152,158,164,167,162,155,153,149,133,123,118,121,129,138,152,148,138,136,144,156,159,148,132
96,96,97,107,133,160,171,175,178,178,173,165,153,141,142,155,154,142,132,137,148,156,157,156
64,61,55,55,77,115,143,160,169,172,177,180,173,159,153,164,169,160,144,142,148,153,162,173
80,73,60,48,50,73,101,121,124,111,113,129,147,157,158,168,177,177,170,168,167,168,174,185
114,96,71,56,59,76,88,99,102,86,60,54,69,97,121,138,157,171,175,176,175,172,175,183
121,101,81,72,74,72,71,84,100,102,83,51,41,60,77,70,80,102,125,148,166,177,184,188
136,117,90,70,60,49,48,61,80,89,102,79,56,55,61,36,31,43,60,83,104,123,142,157
143,129,102,78,65,54,52,56,58,56,84,91,80,68,63,31,17,18,22,31,41,55,76,94
132,124,113,106,105,96,86,75,57,36,48,73,87,81,64,30,17,19,21,24,24,27,34,40
