14,22,45,84,132,172,196,203,204,211,218,207,191,182,181,182,188,189,180,163,154,144,123,96
15,20,31,53,86,116,142,163,182,204,216,209,194,181,175,173,175,175,170,160,156,155,144,122
16,17,20,28,42,55,71,92,124,171,206,202,186,178,177,177,177,173,164,155,151,153,150,141
15,16,18,19,22,23,27,37,69,135,193,178,152,151,164,169,174,176,170,160,155,152,147,144
19,20,20,20,21,21,25,29,54,120,186,148,98,95,117,117,132,154,168,172,174,168,156,146
43,40,34,28,24,22,24,25,48,113,183,142,85,75,89,59,53,70,95,123,148,166,174,173
85,87,83,74,63,51,38,30,47,108,180,140,82,69,84,42,27,33,46,63,87,112,132,144
99,105,105,99,94,85,69,60,74,120,182,140,82,68,83,42,28,32,36,46,67,80,84,84
98,101,99,96,98,98,91,91,106,139,187,147,94,79,90,54,45,49,51,62,79,73,52,34
125,122,114,102,92,85,83,86,102,140,190,161,119,108,114,89,79,73,64,67,66,50,31,22
162,158,151,141,129,119,113,106,108,136,186,158,117,110,128,130,125,111,91,79,63,45,30,23
147,149,151,147,137,137,143,143,143,159,194,164,121,107,115,119,117,111,107,107,101,91,76,62
122,122,123,120,116,127,150,165,170,180,202,182,150,132,127,122,115,109,109,112,112,112,109,102
126,120,111,104,102,112,138,161,174,182,204,201,186,171,162,153,141,129,120,109,101,100,108,118
165,162,157,148,137,129,138,155,169,178,205,208,192,173,167,157,157,163,165,153,138,122,114,116
155,158,162,163,161,160,161,165,171,181,205,205,178,144,126,121,136,158,173,175,167,157,153,156
123,126,130,136,143,156,164,169,175,187,207,203,180,154,136,125,126,133,139,144,143,149,161,173
117,116,117,120,127,146,163,173,177,186,205,199,184,173,167,159,149,140,134,131,126,130,142,151
142,139,136,135,136,150,169,177,174,174,198,191,174,169,177,181,182,179,174,165,152,141,133,129
142,141,139,139,142,155,171,170,158,161,194,181,154,143,153,159,167,175,179,182,181,181,178,172
148,146,145,151,167,172,167,157,151,165,197,186,157,139,142,144,146,147,149,152,158,170,180,181
153,162,166,164,162,161,156,149,149,165,199,197,172,151,152,152,148,144,142,140,144,161,179,186
165,177,181,167,145,143,147,148,150,165,199,203,186,170,169,168,161,153,150,148,149,165,185,192
182,184,177,160,142,140,145,149,153,170,199,201,192,185,177,176,165,153,150,155,157,173,190,197
