124,125,131,141,152,162,165,162,169,194,188,162,143,138,137,135,136,136,134,135,132,128,123,119
123,124,129,138,149,160,163,160,166,192,187,161,140,135,133,132,133,133,130,130,128,125,121,118
120,120,125,133,145,155,159,157,162,189,188,159,136,130,128,127,127,126,123,122,121,118,114,112
116,116,120,128,140,150,156,153,157,185,188,158,131,124,121,119,119,117,114,113,111,108,104,102
115,114,117,124,134,145,152,149,152,180,189,156,126,117,114,110,110,109,106,104,104,101,97,93
123,118,116,119,129,139,147,143,145,172,189,155,121,109,106,104,106,106,105,103,104,102,98,95
138,126,114,113,122,132,141,138,140,168,189,157,121,108,105,104,105,106,105,104,105,103,100,96
151,133,114,109,119,129,138,137,139,166,191,161,123,108,105,104,105,107,105,104,104,103,99,97
160,141,118,109,120,129,138,138,140,165,194,166,127,107,104,103,104,105,104,101,102,101,98,96
161,145,122,111,121,129,139,139,140,163,197,173,131,106,102,100,101,102,101,98,100,100,97,96
139,130,116,110,120,128,139,140,142,164,200,180,137,106,100,98,99,100,99,96,97,98,98,97
115,113,112,117,128,138,147,146,146,165,198,181,139,104,97,94,94,95,95,92,92,92,92,90
104,105,120,143,160,169,168,158,150,158,177,161,128,101,92,89,90,92,93,90,90,90,88,85
102,105,132,171,197,203,192,171,153,145,141,127,110,97,89,87,89,93,95,93,93,94,94,91
95,98,124,164,197,204,196,177,155,135,119,109,103,100,94,94,96,101,105,105,106,110,113,112
89,93,116,152,185,196,194,183,163,136,121,115,114,114,113,118,124,131,139,144,150,157,163,166
94,98,122,158,188,198,198,191,177,159,153,153,156,160,163,169,174,178,183,185,187,188,188,188
127,131,151,181,202,208,207,202,195,189,188,188,189,190,190,191,190,188,186,184,182,178,174,170
176,178,187,198,206,206,206,203,200,196,195,190,184,178,170,164,158,154,150,147,145,144,142,139
186,186,184,181,178,173,173,171,167,161,161,157,154,150,145,142,141,143,144,141,138,138,136,132
154,155,155,155,154,151,153,153,151,146,144,142,140,136,128,122,116,112,111,107,104,105,104,101
128,130,128,126,125,122,121,120,117,112,111,111,112,112,107,103,98,94,94,93,94,98,102,102
104,103,100,96,96,95,94,94,93,91,93,96,102,108,108,108,106,105,108,112,116,123,130,133
77,76,74,74,79,85,90,94,98,103,109,114,121,130,134,135,133,134,138,142,147,154,159,162
