98,85,66,54,55,57,66,91,126,155,167,168,160,155,166,188,183,166,155,154,157,165,168,162
135,124,107,93,85,74,70,78,99,128,152,161,158,156,166,184,177,164,160,164,165,162,162,168
168,161,152,144,134,119,108,103,106,118,139,156,163,165,173,178,166,156,160,166,161,153,158,174
177,174,174,176,171,161,155,151,145,139,145,160,171,176,184,176,159,146,142,142,137,134,145,164
167,163,166,172,173,170,174,177,175,172,166,167,172,179,189,178,164,141,116,107,106,109,119,130
146,130,122,131,151,169,180,182,176,168,163,171,180,183,185,180,171,158,144,136,128,116,105,101
121,102,93,99,117,145,163,169,166,162,163,176,188,191,189,181,171,166,166,164,163,151,136,129
117,109,110,117,123,137,147,146,144,151,164,178,179,172,175,177,163,157,167,172,177,170,161,157
136,135,145,156,154,145,138,126,122,142,167,173,153,132,146,168,151,135,146,157,167,165,161,162
160,148,150,159,157,144,133,122,122,149,174,161,129,110,128,160,142,117,120,136,152,153,149,150
165,157,155,154,147,146,145,150,163,176,169,148,131,127,134,154,155,135,116,132,146,135,126,136
164,172,178,175,164,164,163,175,187,177,154,138,135,141,148,154,164,157,137,140,151,141,132,139
174,189,200,200,191,186,184,184,176,155,148,140,139,146,153,152,159,163,160,154,160,155,148,148
196,205,213,215,211,204,199,179,150,131,143,140,137,141,143,148,151,160,173,171,172,167,160,157
216,218,220,222,221,216,202,176,147,127,125,120,123,131,131,148,160,168,177,186,187,179,168,163
222,222,222,222,223,220,211,191,164,146,148,149,148,145,140,143,148,155,165,175,184,170,152,148
222,221,221,222,222,220,213,199,184,172,175,176,173,166,157,148,142,140,144,157,177,157,132,133
217,218,220,221,217,206,200,193,186,182,182,180,177,172,164,156,150,146,146,160,180,162,136,132
211,214,219,218,205,175,166,163,159,158,159,159,160,160,157,158,160,162,166,176,189,181,163,150
207,212,218,215,190,140,110,101,102,103,111,124,136,143,146,146,146,148,152,163,175,177,176,180
200,206,215,208,171,121,85,67,63,63,63,68,78,88,97,106,118,130,143,159,174,170,172,189
189,199,213,203,154,104,75,56,45,45,42,43,47,52,58,65,73,85,103,133,159,158,157,175
180,193,211,200,143,88,69,55,41,40,39,40,41,43,43,43,43,48,66,105,142,141,134,146
176,192,211,199,138,80,63,53,41,37,36,38,42,44,43,42,41,45,62,100,135,128,112,118
