106,109,126,152,176,193,205,211,210,205,205,205,194,174,159,148,153,142,104,77,65,74,89,95
66,76,104,127,126,131,145,158,163,166,179,193,197,192,185,170,167,162,146,127,111,105,103,98
38,53,90,106,74,62,75,90,97,98,109,135,164,186,195,185,182,188,194,187,174,164,151,136
44,55,91,101,52,33,43,55,55,46,46,68,106,145,170,174,181,192,204,208,210,208,198,184
72,72,100,110,64,53,60,65,57,42,38,43,59,88,121,138,154,162,161,166,184,194,197,198
107,100,119,124,83,80,80,75,68,60,49,42,45,60,87,105,121,122,103,83,97,117,142,167
130,134,149,148,118,111,108,102,86,66,47,42,50,67,87,94,101,103,90,59,45,47,64,82
156,169,183,181,161,146,137,116,85,62,57,64,75,86,92,87,96,107,103,86,50,27,22,27
189,199,209,210,198,181,157,118,79,67,77,87,90,85,75,71,93,110,110,121,93,54,26,17
214,217,220,222,218,206,167,128,102,89,82,73,60,44,35,45,74,87,85,118,131,98,50,25
220,220,222,223,222,216,187,149,110,78,55,41,32,26,25,36,57,61,52,72,113,125,95,52
216,219,222,223,222,214,187,159,135,109,83,72,63,52,41,42,51,47,33,38,69,103,110,89
201,211,220,223,219,202,168,139,123,114,108,111,109,98,86,81,80,68,45,33,40,65,87,92
185,201,216,221,212,182,143,107,84,81,98,113,119,118,119,120,121,109,83,59,53,55,63,73
184,199,214,217,202,162,132,112,91,66,73,76,73,73,83,97,114,121,112,99,101,100,92,85
190,199,211,214,198,171,141,126,116,94,84,76,67,59,59,67,80,84,81,88,98,105,108,109
182,195,210,213,198,182,157,138,127,121,116,108,95,82,74,74,76,70,63,71,75,79,84,87
155,180,207,213,194,181,163,141,128,135,143,141,131,119,111,108,104,92,76,74,71,69,75,86
124,163,203,210,182,157,144,131,124,135,150,157,154,147,144,141,137,126,111,105,100,99,114,141
121,161,203,205,157,111,105,110,113,120,138,153,161,160,153,141,137,141,149,155,145,141,162,196
153,181,210,206,160,107,89,85,81,77,85,101,117,127,127,120,125,147,175,184,166,158,177,206
173,193,213,210,178,140,120,111,101,85,74,74,77,80,83,97,124,155,177,171,160,161,182,209
177,195,213,213,192,170,158,154,147,129,111,100,89,78,73,101,141,165,154,122,118,132,168,208
176,195,213,213,190,171,167,170,170,163,155,150,141,124,108,127,164,170,125,72,64,85,139,202
