1,1,1,1,1,2,2,12,53,136,202,225,228,207,137,89,91,85,47,31,89,160,166,106
0,0,0,1,3,6,8,15,43,108,184,217,226,215,172,121,95,73,44,36,90,158,169,121
12,14,17,24,35,49,67,81,98,130,186,215,224,222,207,166,120,87,73,74,107,157,174,146
63,65,73,89,109,130,155,174,183,188,207,217,221,224,224,203,163,125,104,98,110,150,168,145
150,148,158,179,198,208,216,221,220,213,210,214,219,223,224,222,206,162,102,69,77,132,150,101
188,184,188,198,206,204,203,194,173,149,158,195,217,214,217,222,221,187,118,54,67,131,145,82
164,159,151,141,125,112,107,98,88,93,144,190,187,156,167,208,227,215,174,105,87,134,143,81
88,84,75,61,43,32,28,26,42,95,166,176,129,80,96,167,215,230,216,169,126,138,132,77
14,14,12,8,4,2,3,13,56,138,188,142,66,22,35,102,174,218,226,210,173,152,119,70
4,4,4,3,2,3,12,45,105,168,164,92,26,4,7,35,103,176,219,221,211,179,128,84
13,11,8,5,4,9,43,109,169,170,103,40,7,1,2,7,38,99,170,206,215,198,171,153
59,53,40,25,17,32,97,170,193,134,53,12,1,0,1,2,13,54,121,179,202,203,198,197
90,86,76,59,48,77,149,190,162,79,22,3,0,1,6,17,37,74,123,169,192,202,210,216
99,101,100,91,86,125,174,168,108,44,21,17,15,16,33,59,96,134,162,174,185,197,208,215
129,126,117,107,109,146,160,133,89,70,66,70,67,67,96,127,154,167,167,164,168,177,188,198
155,162,167,168,168,175,163,137,118,122,144,162,162,151,156,171,168,155,148,158,153,149,158,176
97,116,145,166,171,174,169,161,156,160,181,201,207,196,176,163,143,129,133,150,136,118,120,142
29,55,94,118,120,140,170,190,195,192,195,202,203,191,166,142,128,129,142,149,129,104,106,135
15,39,65,72,65,105,166,209,220,208,191,181,171,159,149,136,138,152,165,164,143,121,130,165
42,57,67,65,65,112,165,198,198,165,138,128,134,145,147,128,125,143,170,186,174,163,172,192
125,129,116,90,79,111,137,138,116,88,93,122,153,162,130,95,92,123,168,193,190,187,176,155
195,194,176,150,135,145,133,103,76,80,127,163,164,128,75,47,58,111,179,205,200,181,142,99
220,222,216,204,191,184,158,127,113,136,185,181,128,62,24,18,49,116,188,206,181,148,114,89
208,217,225,222,206,193,187,183,183,194,204,146,69,18,10,20,66,131,183,189,140,113,118,133
