24,39,77,92,55,54,93,105,110,160,184,151,104,88,122,105,117,128,104,58,83,152,185,156
25,43,77,86,48,46,86,95,89,127,169,157,117,87,90,79,108,129,104,48,65,135,165,123
43,66,88,77,34,30,67,82,73,85,134,157,141,99,65,60,98,120,90,41,64,126,137,77
85,111,116,85,38,29,60,86,82,58,89,141,159,127,74,61,94,105,69,42,87,135,115,43
135,155,150,118,81,67,92,122,115,60,54,104,154,158,114,81,95,94,55,51,121,150,103,28
122,142,145,135,136,142,155,166,148,85,46,62,111,153,149,110,105,91,56,73,145,143,79,22
115,128,128,127,146,163,171,174,156,103,69,64,88,131,168,146,127,95,57,76,132,113,55,25
137,136,128,124,133,144,148,149,138,106,85,78,84,111,163,167,150,112,73,80,112,91,53,43
171,160,150,142,133,127,120,116,112,103,91,89,86,94,133,159,163,142,110,103,115,99,75,68
179,174,172,170,161,145,122,106,105,112,112,104,87,75,92,128,161,173,161,149,149,136,110,90
158,154,152,153,154,149,146,143,141,144,149,131,101,80,87,110,145,177,190,173,162,156,136,105
159,150,139,131,132,142,154,155,150,153,174,170,147,120,105,116,141,176,203,191,172,165,147,118
172,158,142,128,121,131,147,154,155,162,183,183,171,156,138,141,157,183,206,201,183,175,159,132
179,167,154,140,124,117,128,142,153,164,174,165,159,163,167,173,186,199,207,207,196,191,176,149
169,171,165,148,123,106,104,108,115,128,146,151,146,148,172,194,209,216,216,216,213,206,189,167
160,173,184,182,168,155,150,144,137,132,139,141,140,147,174,204,219,222,222,220,217,207,191,179
170,177,183,181,174,168,169,170,169,167,171,170,167,172,190,211,221,222,222,221,215,200,178,161
191,192,189,181,172,167,169,173,174,178,185,184,184,190,203,215,221,222,222,221,214,198,177,159
187,194,196,193,187,180,176,170,163,161,165,166,167,178,198,212,221,224,223,222,216,205,194,188
110,126,146,167,189,199,198,194,190,186,178,163,154,159,178,197,214,223,222,218,213,209,205,202
40,47,60,82,109,129,151,176,195,198,203,201,194,188,187,200,215,223,221,212,200,193,192,192
15,16,21,30,43,55,78,107,132,145,170,188,197,201,206,213,220,224,221,211,194,180,174,176
16,16,18,18,17,18,28,43,57,68,95,115,133,156,181,198,214,223,222,214,202,186,174,171
16,17,18,19,17,18,23,28,29,30,34,37,52,82,117,154,195,220,223,220,216,205,190,180
