54,56,60,66,70,75,79,82,88,97,107,115,120,124,127,129,132,138,146,149,149,152,157,161
52,54,59,65,69,74,77,81,87,95,104,111,116,118,120,121,122,127,135,138,135,136,141,145
49,51,55,60,65,70,74,78,84,92,99,105,109,109,109,106,104,106,112,113,109,107,109,113
47,48,51,56,61,66,72,78,85,92,98,103,105,104,100,93,90,90,92,91,87,82,81,82
47,47,50,56,62,67,76,85,93,101,107,111,111,107,100,93,90,91,91,87,81,75,71,69
47,47,50,56,64,72,84,95,105,117,123,125,123,117,106,101,101,104,103,96,85,76,70,68
47,47,50,56,65,75,88,101,114,130,139,137,129,118,106,100,102,107,109,102,88,77,70,68
48,48,51,57,67,79,92,106,120,134,143,141,132,118,103,95,96,102,107,104,91,79,70,65
47,49,51,57,68,80,93,107,120,129,135,140,137,122,104,93,90,96,105,108,99,85,72,64
43,45,47,52,60,71,84,98,109,116,124,138,141,128,111,95,89,95,110,123,114,94,75,65
35,36,39,44,49,58,68,80,92,103,113,123,127,123,113,99,89,94,113,134,127,101,75,65
29,30,32,36,41,49,59,71,84,96,108,117,121,119,113,104,92,91,108,133,129,103,76,65
26,27,29,33,39,47,58,71,84,97,108,116,119,118,115,110,95,88,100,123,124,102,76,62
26,27,29,33,40,49,60,74,89,103,114,120,121,120,118,112,97,87,93,109,113,98,74,59
28,29,32,36,43,52,61,76,95,114,128,134,132,127,122,112,96,84,85,94,100,92,73,59
33,33,37,43,50,58,68,82,101,122,139,148,146,136,125,114,99,87,83,84,90,87,74,61
38,38,40,46,53,60,70,83,100,117,134,145,146,139,130,121,109,97,88,82,84,82,72,62
42,42,44,47,52,58,68,82,98,112,125,137,143,142,138,132,122,108,94,85,82,79,73,66
48,48,48,50,53,58,67,83,101,115,124,135,142,145,144,141,131,115,98,86,82,79,75,71
53,52,52,55,58,62,69,85,106,122,128,136,139,138,138,140,134,118,100,87,83,80,77,74
56,56,56,57,61,66,74,83,94,104,114,125,133,137,138,137,128,114,102,92,86,82,79,76
58,58,58,59,62,67,74,81,87,95,105,117,127,134,136,131,122,113,106,99,92,86,81,77
59,59,59,61,64,67,72,78,85,95,103,110,119,125,127,123,116,110,107,103,98,91,83,78
60,60,60,62,65,68,70,75,84,96,101,105,110,115,117,116,111,106,104,102,98,92,85,79
