157,167,182,196,204,209,216,221,223,222,223,222,220,219,218,213,209,197,175,150,129,114,105,101
155,163,177,192,202,208,214,218,220,220,221,220,218,218,217,212,208,199,183,160,134,115,104,100
155,160,171,186,199,207,213,217,219,219,220,218,216,215,215,211,206,197,182,160,133,113,102,97
157,160,168,180,193,204,210,214,217,219,220,218,215,213,212,207,201,192,178,155,132,115,103,96
159,161,167,175,185,196,204,210,214,217,219,218,215,213,209,202,195,190,180,158,141,125,111,101
157,160,166,175,186,197,206,210,211,214,217,217,216,215,210,202,197,193,184,164,149,133,117,105
161,165,172,181,192,200,207,209,210,211,212,211,211,211,209,202,198,193,184,171,158,142,124,110
161,165,173,184,193,197,201,205,207,209,209,208,208,208,207,202,198,192,181,172,162,147,129,118
156,159,168,180,189,193,196,200,205,210,211,209,209,210,208,204,200,193,182,171,163,149,134,125
152,155,163,175,186,193,197,201,206,211,215,214,213,213,211,208,204,198,188,177,165,151,138,130
153,157,162,172,184,191,196,200,202,206,210,209,209,210,209,205,201,196,190,178,166,150,135,126
152,157,164,173,182,186,192,196,198,201,207,207,206,206,206,203,198,194,188,177,165,150,133,123
150,154,163,172,179,183,189,194,197,201,208,208,206,204,204,201,197,192,185,175,163,149,135,123
147,149,157,167,177,181,188,193,196,202,210,210,208,207,206,202,198,193,186,174,161,150,137,126
144,145,152,165,177,179,183,188,193,200,207,208,208,209,211,207,201,196,189,177,166,153,139,128
139,141,152,168,180,184,185,188,194,201,207,209,209,211,213,211,206,202,198,189,177,162,146,135
135,138,149,164,179,189,193,195,196,201,208,211,212,213,214,211,209,206,202,194,182,166,149,138
136,138,147,162,179,192,200,202,202,204,209,212,214,215,215,212,210,208,202,193,180,164,149,139
142,144,153,168,184,191,200,206,209,210,211,211,213,215,216,214,212,208,200,188,175,161,147,140
151,154,162,175,185,190,198,205,209,213,214,211,208,208,210,211,211,205,193,181,174,163,150,140
142,146,156,168,179,183,191,201,208,213,216,212,207,206,207,207,209,205,195,187,183,173,158,146
134,137,141,150,164,172,182,194,205,211,214,213,211,210,208,205,206,204,197,190,184,172,157,147
133,136,138,144,157,167,175,185,195,203,207,211,213,213,209,204,203,202,198,191,182,168,154,145
134,141,150,158,163,170,172,176,183,192,199,206,211,211,208,202,200,201,198,193,183,169,154,145
