145,114,117,154,169,76,20,2,4,17,87,176,228,219,163,71,18,14,59,139,117,53,7,3
100,72,89,149,183,87,24,3,4,11,59,149,217,227,188,100,32,16,61,148,130,61,9,4
42,27,62,141,194,103,32,3,2,6,29,105,188,231,217,151,68,26,57,142,138,72,13,4
7,4,42,122,189,126,48,7,1,3,11,58,138,212,232,201,121,52,48,116,136,82,20,4
2,2,25,89,170,157,75,15,1,2,3,19,77,164,224,232,178,96,46,82,125,91,30,5
2,1,9,60,154,183,99,24,1,0,1,4,38,111,204,234,215,145,67,66,115,98,41,6
0,0,2,47,146,196,117,35,3,0,0,1,15,63,153,216,232,192,121,77,112,103,50,8
17,12,8,40,127,193,138,56,8,1,1,1,5,28,89,175,226,223,175,109,116,102,55,10
78,67,47,51,104,182,163,84,14,3,2,2,2,9,38,123,200,234,212,153,128,99,54,13
179,162,126,95,103,178,188,115,27,8,4,4,4,5,15,74,161,222,229,195,149,100,52,17
175,169,159,152,160,203,210,153,76,43,22,12,8,6,8,30,100,180,226,220,181,117,58,29
142,135,132,136,150,188,215,202,161,123,92,77,66,50,30,19,52,125,202,225,207,143,80,58
158,148,138,131,129,160,202,211,189,168,160,161,155,133,98,70,63,99,170,217,222,176,123,103
194,194,190,172,148,154,185,185,159,160,189,213,219,208,183,160,132,127,159,209,225,207,174,151
143,168,194,205,200,183,184,175,160,162,186,202,210,214,217,219,206,192,195,217,222,218,204,188
61,77,105,145,184,173,156,164,186,194,199,200,196,190,192,197,195,194,200,213,206,201,204,211
45,41,55,97,149,139,134,165,207,212,201,194,179,155,136,126,125,135,158,184,176,175,195,220
70,62,74,104,124,98,114,169,219,218,205,200,189,167,140,116,111,127,151,161,145,156,191,222
90,99,127,142,114,70,93,163,222,223,210,207,213,217,208,186,182,190,191,162,133,152,193,218
79,109,136,131,92,69,81,140,207,221,196,172,178,208,226,224,215,199,177,166,150,162,190,208
134,147,129,87,53,55,63,104,168,214,199,148,128,163,212,217,189,163,164,192,191,190,196,205
155,146,117,84,66,57,46,59,110,180,205,166,125,127,170,183,148,134,171,213,214,200,194,201
114,97,85,86,90,80,58,44,68,141,204,201,161,130,147,167,136,119,154,198,214,204,194,200
52,41,43,61,86,106,93,65,64,126,198,219,196,163,159,185,158,113,107,159,207,214,205,204
