193,192,177,135,75,60,66,102,148,168,152,152,178,206,200,194,198,206,212,219,220,221,223,228
187,188,178,143,90,76,94,128,151,149,157,179,202,209,187,174,184,198,204,203,201,210,221,224
173,182,179,145,92,82,116,142,139,129,162,194,212,206,179,159,172,184,174,151,159,192,218,219
146,171,176,139,81,88,129,140,125,130,163,179,192,201,188,167,165,155,122,95,133,187,216,211
108,150,168,134,84,118,147,140,126,146,154,146,163,201,210,196,160,109,66,77,153,201,209,199
86,134,168,160,137,174,180,148,115,122,131,145,175,209,219,215,158,84,49,96,173,201,194,186
74,123,170,188,184,204,183,127,85,104,137,160,170,176,189,216,185,120,81,127,160,169,168,170
85,129,178,202,199,201,160,96,61,94,127,136,137,140,144,196,207,176,143,154,138,140,151,155
114,151,190,204,192,185,141,83,58,94,107,97,107,127,114,165,205,215,197,167,125,128,146,144
144,174,203,208,193,185,152,102,78,111,119,107,117,136,115,133,182,221,215,165,127,131,142,136
165,185,205,209,194,178,154,127,122,156,160,144,134,133,119,104,148,205,220,179,149,138,133,124
148,165,194,207,185,149,144,149,161,183,184,169,154,149,145,115,147,197,218,204,175,135,104,98
124,143,181,203,178,132,140,166,187,196,178,156,149,157,164,148,165,187,196,215,192,132,82,71
125,141,178,202,183,145,153,179,198,196,155,120,113,131,155,172,175,160,156,206,200,147,88,60
153,161,185,205,199,178,180,192,199,187,149,108,76,74,119,170,153,115,120,191,214,187,129,77
118,128,158,192,211,209,209,212,211,196,164,115,70,60,112,158,125,76,82,154,209,216,175,127
134,134,152,183,213,220,221,221,219,213,195,160,120,102,127,146,108,63,67,139,199,215,198,178
182,175,178,194,214,221,222,222,222,222,217,204,182,160,149,145,119,83,77,141,178,186,191,205
218,214,213,216,220,221,223,223,222,221,217,216,210,195,171,167,157,128,104,148,158,157,174,207
215,217,218,220,222,223,224,223,221,218,210,199,191,190,200,210,201,169,139,157,167,172,186,206
215,216,218,220,222,224,224,222,221,220,214,200,184,175,181,191,188,168,145,152,177,195,201,200
218,217,218,220,222,222,222,222,221,220,217,211,200,186,179,181,180,160,130,119,138,157,172,184
226,223,221,221,222,223,222,222,222,219,215,216,215,208,198,195,192,175,142,117,110,109,128,162
236,231,225,221,223,226,226,225,223,219,211,211,214,216,216,214,212,205,189,160,131,103,108,147
