112,115,120,127,138,151,166,181,191,196,200,204,205,202,198,193,189,183,174,163,153,142,130,120
129,133,140,151,165,175,185,192,196,197,200,204,205,202,196,189,184,175,162,148,137,126,116,109
166,170,178,187,194,197,197,198,198,197,198,201,200,194,182,173,164,153,138,125,115,107,99,94
200,203,207,209,208,203,198,194,192,189,188,187,183,173,159,148,139,128,114,102,95,89,83,78
208,207,206,204,201,196,191,185,178,170,167,165,158,147,133,124,119,112,101,88,80,74,69,66
204,202,200,196,190,180,173,166,159,151,149,148,142,130,117,107,102,97,88,78,71,68,67,66
191,188,185,181,176,167,161,155,148,140,137,136,131,119,105,97,95,92,86,77,71,70,74,77
180,178,176,172,167,159,154,149,141,133,131,130,125,113,99,94,95,96,92,87,84,85,87,88
177,175,173,169,163,157,151,144,135,126,126,127,122,112,102,101,105,106,103,99,99,98,95,93
177,174,170,165,159,154,148,139,129,120,120,123,121,116,113,116,120,119,112,105,101,97,93,92
174,170,163,157,150,143,136,129,123,122,128,135,137,131,124,122,122,121,118,116,115,115,115,115
161,158,154,150,146,145,144,143,143,143,146,152,152,147,140,140,143,144,140,134,128,123,119,116
159,159,160,160,160,162,164,166,167,167,167,170,169,164,158,157,158,156,147,137,127,117,109,105
176,178,181,184,185,185,184,184,184,183,182,181,179,174,166,159,154,145,133,122,114,105,99,96
199,197,197,199,200,200,198,196,193,189,182,177,172,164,152,145,139,132,121,111,104,99,95,92
210,209,208,206,204,201,197,191,185,179,171,167,162,153,141,133,129,125,116,107,101,97,92,88
211,210,207,203,198,194,188,181,175,168,162,157,153,145,134,127,125,122,115,106,99,93,87,82
206,204,200,195,190,185,179,173,168,161,155,152,148,142,131,123,121,118,110,99,90,83,76,71
198,196,193,189,184,178,173,168,162,155,149,147,145,138,123,112,109,106,98,84,74,68,64,61
192,191,188,185,180,175,170,164,156,145,136,132,129,120,103,90,88,89,85,74,67,64,63,63
189,187,183,177,171,163,153,142,130,117,107,105,104,99,87,80,81,85,85,77,70,68,68,68
176,171,163,153,144,135,127,118,109,100,94,94,96,94,87,82,84,86,85,77,71,69,70,70
152,146,138,130,124,118,113,109,103,98,95,98,100,98,91,87,88,88,84,77,72,70,70,70
129,127,124,124,127,124,121,116,109,102,101,103,103,98,91,87,88,89,86,80,75,72,70,69
