62,55,45,38,35,33,32,31,31,32,34,36,37,37,35,34,33,33,33,33,32,31,31,31
51,47,41,36,35,34,34,33,33,33,35,35,36,35,34,32,31,31,32,32,31,31,31,31
43,41,38,36,35,35,34,33,33,34,35,35,34,34,32,31,30,30,31,31,30,30,30,31
41,40,38,36,34,34,33,32,32,33,33,33,33,32,32,31,31,30,31,30,30,30,30,31
42,41,38,34,32,33,33,33,32,32,32,32,32,31,32,32,32,31,30,31,31,31,30,30
43,40,37,35,34,35,35,34,34,34,35,34,33,33,34,34,33,32,33,33,34,33,32,32
43,41,39,38,39,40,38,37,38,39,39,38,37,37,39,38,35,34,34,35,35,35,34,34
45,43,41,42,43,43,40,39,39,41,42,41,40,41,43,42,39,38,38,39,40,40,40,40
49,47,46,46,47,46,45,43,44,46,49,48,48,50,53,52,52,51,52,52,53,54,55,55
58,57,57,58,57,57,59,60,61,64,68,68,67,69,73,72,74,75,75,73,75,74,74,75
84,82,83,83,80,78,81,82,80,80,83,82,79,77,78,80,79,78,74,71,69,68,66,65
89,84,81,80,77,73,73,73,71,69,71,71,69,68,70,74,73,71,68,67,69,72,76,80
86,82,78,77,76,74,75,77,80,84,90,96,101,107,114,122,125,123,120,119,120,121,125,129
113,114,113,113,114,115,116,119,126,133,142,150,159,169,179,188,192,191,185,179,172,166,161,159
190,193,195,194,192,187,179,172,167,161,156,151,149,151,153,155,155,151,143,135,124,115,107,102
155,154,152,150,147,139,129,120,113,106,96,88,86,91,96,99,103,107,110,115,117,118,120,121
125,122,122,124,128,128,126,126,127,127,123,119,122,129,136,141,146,152,159,167,173,178,181,183
151,151,152,158,164,169,174,180,185,188,189,191,194,199,202,205,207,209,211,215,218,220,220,219
210,210,211,213,214,215,218,221,220,217,218,219,218,216,214,211,209,206,202,198,197,195,192,188
208,207,206,204,199,196,195,191,185,181,179,176,172,168,164,160,154,148,140,134,127,120,115,112
167,160,151,141,134,130,125,117,108,106,104,100,95,90,87,85,82,79,77,75,71,68,65,65
128,116,99,87,85,86,82,75,73,77,76,71,65,60,58,58,57,56,55,56,54,54,53,52
115,98,79,70,74,78,72,70,76,85,81,73,66,62,61,61,61,60,59,58,57,57,56,56
124,105,87,83,88,87,78,76,85,92,84,72,65,62,63,63,62,61,60,59,57,56,56,57
