121,115,112,114,113,88,86,103,125,144,190,206,198,196,219,220,200,175,163,175,166,117,58,28
127,119,112,113,114,90,85,105,131,148,187,199,199,206,225,220,199,176,164,175,165,116,56,24
136,127,115,111,118,99,87,105,137,156,179,195,208,221,228,218,197,175,165,173,162,113,53,21
137,137,123,113,123,115,95,107,141,161,168,195,221,230,222,211,192,173,165,171,161,114,55,20
127,140,132,118,123,131,111,116,144,158,158,195,224,223,210,201,183,169,166,175,165,121,61,20
116,136,138,123,119,137,133,138,152,156,154,192,219,212,197,186,170,160,165,177,169,130,70,23
103,128,139,129,117,137,149,157,161,157,150,185,213,209,188,172,156,152,163,175,170,136,77,26
89,116,138,136,120,132,153,164,163,158,147,176,205,208,187,168,150,147,160,174,170,140,83,29
74,102,134,143,124,127,148,161,162,159,150,168,196,208,191,172,153,147,159,176,171,143,90,35
58,85,127,148,130,122,141,158,162,162,160,167,188,205,194,176,160,155,165,184,176,149,99,48
48,65,106,140,139,126,139,156,164,162,168,170,184,201,195,182,172,169,176,194,188,164,120,75
80,85,111,145,159,146,149,164,175,170,174,170,179,198,198,189,189,190,189,201,193,173,129,79
109,108,119,139,157,158,163,177,186,181,180,172,176,194,205,204,208,205,197,203,193,172,125,67
125,122,122,126,135,151,169,181,184,180,179,173,176,193,215,223,217,204,195,202,191,169,118,54
158,149,140,134,133,142,160,165,158,157,162,170,182,200,222,228,210,192,191,200,191,172,121,55
209,203,195,186,177,175,181,177,163,153,150,159,175,191,205,214,208,202,204,201,190,175,133,74
179,181,185,191,198,200,204,201,192,184,179,181,187,196,203,211,211,210,209,200,190,185,155,108
100,106,118,134,153,164,177,188,194,199,203,204,205,208,210,212,212,209,204,192,190,188,161,118
39,43,49,58,69,79,101,123,141,156,174,185,192,197,200,202,203,201,195,186,192,185,150,105
47,48,46,44,43,41,45,51,58,67,83,97,114,134,151,165,179,190,196,195,203,195,165,129
89,94,89,72,54,44,39,37,36,37,43,50,56,63,71,82,98,119,142,158,181,201,195,167
94,101,103,90,68,57,51,49,49,48,54,56,50,41,38,41,51,71,96,111,135,176,179,134
68,72,79,80,71,65,65,68,69,69,79,82,72,57,52,51,51,58,72,81,102,147,141,74
44,44,49,58,65,67,73,77,78,77,88,94,88,76,75,75,70,63,63,75,102,141,123,48
