43,46,49,49,46,43,40,43,63,104,147,159,134,95,82,88,86,96,124,149,156,152,168,204
46,48,48,48,47,46,43,45,64,104,147,156,127,85,71,74,80,96,125,147,154,151,168,204
49,49,47,46,48,50,47,48,66,106,149,150,114,72,61,64,81,107,132,147,154,151,166,202
49,49,47,47,49,52,49,52,73,116,152,140,98,61,58,66,96,127,145,152,156,148,162,200
47,49,50,50,50,52,50,58,88,135,157,126,80,53,57,76,117,149,158,161,160,146,157,196
50,52,54,53,51,52,52,69,109,153,157,113,67,49,56,82,129,162,168,168,164,149,158,194
52,56,57,55,52,53,55,81,126,159,152,102,57,44,52,79,128,165,170,166,160,154,167,193
55,59,60,56,53,54,60,92,136,157,145,94,52,41,49,71,120,163,178,179,171,172,182,191
58,63,63,58,55,55,65,101,142,153,139,90,50,42,50,66,111,160,189,205,197,195,192,184
63,67,66,62,58,57,69,108,149,153,134,86,51,45,53,64,106,157,197,222,218,204,186,170
73,77,73,63,56,55,73,114,152,151,130,84,51,47,55,63,99,153,200,223,219,197,170,155
122,121,105,82,67,65,87,127,159,154,127,83,54,52,57,62,96,151,202,219,221,202,171,148
150,148,137,121,111,110,126,153,174,170,139,94,67,63,65,69,106,161,206,218,225,215,187,158
136,138,141,146,152,154,157,165,177,180,156,121,100,97,96,101,136,182,212,219,228,227,208,179
123,121,121,124,129,133,131,131,137,147,152,151,155,162,163,165,182,203,216,219,224,228,218,198
172,168,162,157,155,157,152,144,137,135,138,144,156,171,175,179,185,190,190,186,188,198,206,206
207,207,206,206,206,206,200,190,180,171,169,171,180,191,193,195,196,194,189,177,164,161,170,182
169,175,187,199,206,209,211,212,210,204,205,207,212,216,214,214,213,210,206,197,179,166,165,172
77,87,105,122,132,140,153,168,178,179,189,201,210,214,213,214,217,219,221,222,218,211,203,198
37,40,46,51,53,56,64,73,79,81,93,112,133,149,157,167,183,199,209,213,216,220,222,221
41,40,38,36,37,38,39,38,36,35,39,46,55,63,68,78,95,111,120,124,136,153,168,177
81,78,72,65,59,53,46,40,34,30,28,26,27,29,32,37,46,53,56,56,65,77,89,95
105,101,96,90,82,71,63,58,54,51,49,47,44,44,50,57,58,55,49,43,39,37,36,34
89,87,87,87,85,77,74,74,74,75,78,77,72,70,80,96,97,88,75,61,48,39,31,25
