168,160,144,128,118,112,125,156,186,196,218,232,230,213,196,196,193,196,186,103,43,26,51,87
168,162,151,140,132,122,129,156,187,204,224,233,228,212,194,197,187,187,180,98,42,26,51,88
159,160,160,158,153,137,132,156,194,220,231,229,221,206,186,192,181,179,176,97,41,25,49,88
150,155,166,173,167,145,132,158,206,234,231,221,210,197,175,186,177,177,177,104,44,23,49,91
154,153,166,177,166,140,130,166,219,235,225,212,201,186,164,180,177,180,184,118,48,23,51,97
180,166,167,175,165,139,137,177,223,227,216,205,192,172,153,175,175,181,187,127,53,27,56,101
179,170,167,168,162,143,146,181,220,221,209,197,182,162,147,170,168,174,185,137,59,31,54,88
161,166,168,165,159,148,154,183,213,217,206,192,176,158,145,167,165,170,183,146,64,32,46,67
142,162,171,165,158,153,161,184,208,214,204,189,174,160,148,167,168,173,184,153,68,30,36,47
133,159,172,165,156,159,166,184,205,210,202,188,175,164,156,171,174,179,187,158,71,30,31,37
125,154,173,170,160,166,171,184,201,207,199,188,177,168,163,176,176,180,187,161,74,31,29,32
127,155,176,177,170,176,174,183,199,206,201,193,183,175,170,182,183,184,186,163,79,34,30,34
145,167,181,182,179,184,175,181,200,208,206,200,193,187,184,193,196,196,191,168,84,37,30,36
178,186,186,182,183,187,176,183,203,213,212,209,205,202,201,204,209,209,198,172,87,37,30,35
211,203,190,183,185,188,179,187,208,217,218,215,215,218,213,210,210,206,195,173,87,36,28,38
219,206,193,189,190,191,183,193,215,226,225,220,223,224,204,199,199,197,190,176,90,37,28,36
214,205,199,196,194,196,192,200,217,226,231,230,232,226,196,192,194,194,193,186,100,45,36,46
213,212,212,211,206,211,208,211,217,219,233,239,238,226,194,196,199,200,204,202,124,73,67,83
202,206,211,213,211,214,212,210,210,208,224,232,230,217,196,205,207,209,215,215,157,117,115,131
126,135,146,155,161,164,160,166,182,193,195,196,194,189,189,203,206,207,214,216,176,147,140,145
82,92,107,116,116,117,116,132,156,161,148,146,145,142,144,175,196,201,198,202,142,93,76,79
122,132,147,155,150,146,142,151,165,171,158,152,150,147,141,165,192,203,200,205,141,86,65,68
196,203,213,218,214,209,202,198,200,207,204,198,195,193,185,191,205,214,216,221,182,146,132,135
238,240,241,243,243,242,237,231,230,234,237,236,234,233,233,231,226,224,230,236,227,219,217,218
