21,21,21,30,55,92,91,76,94,173,224,237,223,200,182,124,85,65,52,39,27,21,21,24
16,16,17,24,44,75,78,71,88,154,214,233,208,162,135,102,79,61,44,30,20,16,16,18
13,14,15,18,28,47,56,58,73,127,203,231,191,119,81,71,63,50,32,21,16,14,14,16
13,15,17,19,22,26,34,38,54,109,199,231,182,92,46,41,41,34,22,17,17,16,15,16
21,20,20,25,30,24,19,16,39,111,203,235,181,84,30,21,20,19,17,17,17,17,16,16
52,40,28,27,33,25,16,13,43,127,210,236,179,80,22,12,13,14,14,14,15,17,21,24
104,89,56,31,31,23,16,14,46,133,212,237,180,80,21,11,11,12,15,17,26,38,48,56
120,118,84,44,30,21,15,15,48,134,213,237,180,81,22,12,11,11,15,25,46,63,71,73
100,122,108,66,32,20,14,15,49,135,214,237,180,81,23,12,10,10,16,36,67,81,76,65
79,124,132,90,36,21,14,15,50,138,215,236,181,83,23,12,10,11,20,48,85,87,66,48
58,109,131,97,38,24,17,17,50,138,214,235,181,86,24,12,9,10,22,59,103,90,56,47
57,107,129,98,41,28,21,19,50,135,214,236,181,85,23,10,8,9,23,64,102,82,49,47
55,104,127,96,41,28,21,21,52,135,214,237,181,83,22,10,8,10,24,64,90,73,47,45
48,99,124,95,39,24,19,21,55,138,216,239,181,82,22,11,10,11,24,62,78,66,47,40
57,102,124,93,35,24,19,23,60,144,219,239,180,81,23,11,11,12,23,61,73,60,41,31
76,113,128,95,35,25,20,26,64,147,218,237,179,80,24,12,11,12,23,60,70,55,34,23
72,113,131,98,37,27,22,28,67,149,216,236,179,81,24,12,10,11,23,59,67,51,29,19
62,108,131,99,37,27,22,29,67,149,215,235,179,81,24,13,10,11,24,58,65,48,26,18
63,107,129,98,36,27,22,28,65,148,213,232,177,81,24,12,9,11,25,58,63,45,24,17
70,108,130,99,34,25,22,27,63,145,211,232,177,80,23,10,8,11,26,59,63,43,22,15
66,109,135,104,35,25,21,26,63,146,214,234,178,80,22,9,8,11,25,59,63,43,22,14
56,108,139,107,35,24,19,24,62,142,210,232,178,80,21,9,8,11,27,63,66,45,22,14
51,108,142,109,34,22,17,23,61,139,208,231,178,80,20,8,9,14,29,67,69,47,24,15
53,111,145,110,34,20,15,22,60,143,213,234,178,79,19,8,11,17,31,68,70,48,25,17
