226,230,238,243,237,228,214,191,167,163,193,135,60,25,28,29,33,35,34,35,39,41,40,36
228,225,222,214,196,176,162,145,131,138,178,129,62,31,30,33,36,36,34,32,34,38,40,39
180,167,148,130,111,99,99,98,100,121,167,123,67,49,52,42,34,29,25,23,26,32,39,44
97,83,64,49,41,44,59,75,96,125,163,116,67,65,86,55,30,19,15,16,20,29,40,50
34,34,34,34,36,43,52,76,110,139,162,106,54,60,101,61,29,17,15,16,19,29,44,57
39,43,52,61,67,77,70,83,115,142,162,106,46,30,44,32,21,17,17,18,22,32,48,66
65,70,83,98,108,117,97,93,118,148,162,107,47,22,21,21,20,18,17,18,23,30,52,80
84,92,109,126,135,130,105,97,119,155,164,107,47,22,20,22,22,20,18,18,22,27,49,80
100,111,131,148,148,123,99,98,124,161,166,106,45,20,24,26,23,19,19,19,20,24,41,64
131,141,159,170,158,125,103,104,130,168,169,108,44,17,25,26,20,17,19,20,21,24,32,43
166,173,185,188,168,131,110,110,135,175,171,112,48,18,25,26,21,17,19,21,21,23,29,37
190,189,188,182,162,131,112,111,136,179,172,117,53,18,25,26,21,18,20,24,22,23,27,34
197,189,177,165,153,129,112,112,138,182,174,123,59,19,24,25,21,18,21,27,25,24,28,34
189,180,163,152,151,129,113,113,139,185,176,130,66,19,21,22,18,16,19,28,28,28,31,37
179,170,155,152,161,132,113,111,139,188,177,133,70,19,20,20,16,13,18,26,29,32,37,42
170,162,154,160,175,142,119,115,141,191,179,137,73,19,19,19,14,13,18,25,31,37,45,51
160,166,172,182,188,153,126,119,144,192,179,139,75,20,18,19,15,15,20,26,33,42,54,67
169,186,198,196,182,158,131,122,147,192,178,140,78,22,19,19,18,19,24,28,37,48,66,87
199,215,212,187,159,157,139,127,146,192,179,143,85,33,24,20,21,24,27,34,45,58,81,109
231,229,203,164,144,164,155,137,146,197,189,150,101,58,37,22,22,26,30,43,57,74,101,128
231,219,188,158,155,188,179,150,149,200,196,161,115,76,51,26,25,32,40,60,78,100,127,151
213,202,178,161,171,208,189,154,154,202,202,170,121,77,57,31,29,42,61,90,112,133,155,172
196,190,176,171,191,218,190,157,161,204,205,177,124,73,57,36,35,57,93,128,146,157,172,186
190,186,179,185,210,223,191,162,169,206,206,181,128,73,56,37,41,73,122,157,164,163,174,193
