57,63,70,77,91,118,142,140,135,167,213,220,213,218,237,233,222,204,179,159,194,223,239,249
59,65,73,82,97,126,145,140,133,164,206,212,209,219,237,230,218,201,178,163,199,226,238,246
67,72,78,89,109,138,153,143,133,159,198,203,208,226,239,227,211,194,177,170,206,228,236,244
78,79,83,97,126,151,159,145,135,158,192,198,211,236,241,224,206,189,176,178,212,227,232,243
84,83,88,110,148,165,161,143,137,164,189,198,216,240,239,223,205,187,175,183,214,223,227,242
85,85,98,128,166,180,164,140,138,172,186,201,223,240,235,222,204,185,173,182,212,219,223,240
87,92,115,153,184,180,148,131,145,175,191,214,234,240,232,217,199,182,173,179,208,217,223,240
89,99,131,169,186,165,131,127,153,180,206,229,239,236,226,211,193,179,173,174,204,216,223,239
90,104,137,169,176,148,124,130,160,190,224,239,238,231,221,207,189,176,172,169,201,214,222,237
93,108,136,161,165,144,126,135,170,210,237,241,234,227,218,206,189,176,169,165,198,212,219,236
95,111,136,158,163,141,128,146,188,226,239,237,230,223,215,201,186,175,166,156,191,208,217,233
98,117,144,161,159,138,127,156,207,236,239,233,226,219,214,201,186,173,161,153,191,208,216,232
102,124,150,163,156,139,127,162,220,240,237,230,223,217,214,200,186,175,165,157,193,209,216,232
107,129,153,162,152,143,132,166,222,239,235,228,222,217,211,194,185,182,177,167,196,209,216,231
113,134,155,160,149,144,140,170,217,236,234,227,220,214,204,186,181,187,190,176,198,209,215,226
117,136,158,165,153,142,142,172,216,236,234,225,220,215,201,179,176,187,196,182,197,208,216,224
116,132,153,165,159,146,143,167,208,234,233,224,217,210,193,175,177,192,201,183,194,205,213,219
115,128,148,163,163,152,146,163,198,228,232,224,214,204,190,181,187,197,197,180,190,195,201,215
114,126,149,166,165,154,150,161,186,217,227,222,211,202,194,193,197,195,183,174,187,187,194,215
104,122,151,172,170,156,149,150,166,200,220,217,209,203,194,191,195,189,170,164,191,206,214,223
92,114,147,169,166,159,157,148,149,179,212,215,207,199,190,190,203,202,180,163,195,222,233,234
84,105,139,162,160,160,165,154,145,166,204,213,206,198,190,193,215,220,195,170,200,229,240,237
82,99,131,155,159,167,175,164,149,162,199,212,209,200,193,203,223,228,205,179,204,228,235,233
85,98,126,151,161,178,184,171,155,164,197,213,212,203,196,213,225,223,207,184,205,223,227,226
