175,172,148,103,53,38,45,59,81,122,153,152,145,145,148,145,155,167,174,174,170,149,128,122
154,146,121,83,47,39,46,59,82,123,155,152,141,143,154,147,151,164,176,173,166,144,122,115
101,93,78,58,43,41,48,58,82,126,160,155,142,144,163,160,153,161,180,176,162,137,119,120
51,50,48,45,43,45,50,58,81,128,162,161,149,149,163,174,161,160,180,178,160,134,123,135
39,44,48,49,49,51,54,61,83,129,161,164,160,155,147,172,168,161,170,173,157,136,131,144
46,49,51,53,53,52,57,65,88,135,162,167,168,163,136,151,163,165,165,168,155,142,142,152
46,49,52,52,49,50,59,69,95,143,164,168,168,159,127,134,160,173,166,166,154,148,151,157
44,47,49,48,44,49,60,75,104,149,166,169,164,149,119,123,158,178,166,162,153,153,158,159
43,45,45,43,42,50,62,83,115,154,169,172,163,141,113,117,156,179,167,158,152,159,164,160
45,44,44,44,46,54,70,95,127,159,173,178,167,141,112,113,152,180,173,159,156,167,172,161
44,43,45,49,53,59,77,106,138,165,180,181,168,142,110,109,147,180,179,167,164,174,174,158
46,45,47,52,58,65,86,117,148,170,184,181,167,144,110,115,153,184,184,175,176,182,176,157
49,49,51,56,63,74,98,132,161,176,187,183,171,150,116,132,168,189,184,179,184,188,176,157
51,52,55,62,71,85,113,149,177,185,193,191,180,158,127,157,185,192,181,179,187,189,176,158
52,53,60,69,80,98,134,172,195,198,203,201,185,159,141,185,200,192,182,182,187,188,176,160
60,64,72,83,98,134,180,209,218,219,218,209,188,166,167,203,205,193,190,190,193,193,182,166
98,104,115,128,144,178,210,225,227,230,228,216,198,186,196,208,201,193,194,189,191,192,185,172
151,156,167,179,189,209,222,225,224,227,227,218,208,207,220,215,207,205,206,196,198,202,199,189
177,180,187,194,195,204,209,209,207,204,206,203,202,208,221,221,220,222,224,214,217,221,219,213
128,128,131,135,138,141,148,152,153,152,150,150,156,168,179,189,201,211,215,214,216,216,211,204
54,56,59,62,64,66,70,73,74,75,74,76,82,89,96,102,115,126,134,139,148,152,146,135
51,52,53,54,56,56,58,59,58,57,55,57,60,63,66,67,78,93,104,105,106,109,106,97
115,113,110,109,111,111,111,111,109,106,105,105,105,105,104,103,114,132,144,139,132,129,125,118
182,178,173,170,171,172,173,173,171,171,171,171,170,167,160,159,173,191,201,198,191,185,175,164
