168,135,98,93,130,174,190,185,171,158,154,199,237,244,240,235,227,223,220,205,173,173,193,204
172,138,99,89,122,167,187,183,169,161,161,201,234,240,235,230,223,219,217,198,169,172,191,201
184,154,107,85,112,158,186,186,172,172,173,204,232,237,228,223,218,216,211,187,162,170,192,203
197,175,123,86,103,147,183,188,179,185,182,203,227,235,224,219,215,212,204,174,152,166,195,210
197,187,142,95,96,133,170,182,183,194,181,195,220,232,223,221,213,206,195,164,142,160,196,216
180,187,158,112,98,119,149,170,184,200,181,189,212,227,222,222,211,199,189,163,140,157,195,219
150,175,169,134,108,116,137,162,186,200,179,176,199,226,225,223,209,197,189,166,147,159,193,220
115,152,171,154,121,119,131,157,184,196,178,165,185,220,225,221,208,198,191,170,156,164,191,218
83,122,165,172,137,125,133,157,184,193,181,162,175,211,221,220,210,202,195,178,168,171,191,215
61,94,153,185,161,137,142,166,189,192,185,165,174,207,219,220,215,210,205,194,186,185,197,215
50,73,132,183,184,166,158,171,188,189,183,164,170,202,221,220,217,218,220,214,204,202,211,224
57,65,117,177,194,184,174,179,190,189,186,167,170,200,226,226,223,227,234,229,213,213,225,234
94,85,115,167,196,190,187,190,194,195,194,176,172,195,230,235,233,237,243,236,215,216,232,240
150,131,131,159,194,190,196,200,201,205,207,190,177,190,231,242,243,245,246,236,210,213,231,242
193,183,165,164,189,190,198,202,206,217,226,211,190,190,228,243,246,246,245,235,205,208,230,241
192,194,183,175,189,196,208,216,222,233,240,231,212,203,227,239,243,245,243,230,202,208,230,237
186,189,186,187,204,214,225,232,236,241,244,241,231,225,233,238,240,242,239,226,208,213,228,233
189,189,192,203,222,233,240,243,244,244,242,239,237,234,231,228,227,227,226,219,215,219,227,231
189,190,197,209,221,228,231,230,228,226,220,212,209,205,195,189,187,194,205,204,207,212,221,231
154,159,166,172,173,170,165,161,158,152,144,131,126,125,111,105,118,150,181,180,173,174,197,229
83,85,87,87,87,84,79,76,75,74,75,68,68,77,79,86,102,133,167,169,160,142,158,207
36,39,45,50,52,51,50,52,56,61,70,73,82,99,111,121,131,151,177,180,176,164,175,211
58,64,79,93,99,96,99,105,111,117,129,138,151,166,175,181,184,194,207,208,210,211,218,231
124,132,151,170,177,172,174,179,184,188,199,208,216,222,224,228,230,232,236,236,239,240,241,242
