18,20,21,19,14,15,20,32,53,76,97,105,107,101,88,71,54,48,53,56,55,71,89,94
21,21,20,18,15,16,23,36,56,76,96,106,108,103,90,72,54,48,53,53,54,73,93,99
24,21,19,17,18,21,29,42,58,74,93,105,109,105,92,75,58,49,50,49,54,75,95,101
25,21,18,19,23,29,38,49,61,75,92,104,107,99,86,75,65,58,55,54,60,77,94,100
23,20,19,24,30,37,47,57,68,83,98,103,95,80,67,65,72,77,74,72,73,80,92,104
22,21,24,32,40,46,54,69,89,109,113,95,70,52,49,55,73,89,94,94,89,86,95,111
26,27,33,43,53,59,74,98,123,135,113,73,40,29,36,52,75,94,102,106,101,98,104,116
33,38,48,61,73,85,109,137,151,136,90,47,22,18,26,46,73,94,104,107,105,105,110,115
42,50,65,84,101,119,147,165,154,108,56,28,18,16,19,36,64,91,106,107,106,106,108,108
51,60,83,111,134,149,167,161,123,65,30,19,19,18,18,27,50,82,108,109,108,107,103,98
57,70,102,136,153,162,156,123,73,33,19,17,19,19,19,22,36,65,98,108,114,123,123,113
64,85,122,154,164,152,115,70,36,22,19,18,19,20,21,22,28,49,82,105,118,137,148,143
80,107,143,164,154,115,67,34,22,23,23,21,20,21,23,23,25,39,67,98,117,141,160,164
94,120,150,152,117,67,34,23,25,26,25,26,24,22,23,24,25,33,55,88,112,136,157,167
87,104,116,101,60,35,27,26,27,25,25,28,28,26,24,23,24,30,45,78,109,133,152,165
65,67,62,47,31,28,29,30,28,25,28,32,34,32,28,26,26,29,41,70,107,130,146,161
41,38,30,24,25,25,28,29,27,24,32,41,44,39,33,30,29,30,39,61,102,128,142,152
26,23,21,22,25,23,26,28,27,27,41,57,59,49,38,34,31,32,39,57,96,125,137,140
20,22,23,24,23,23,26,28,28,34,55,79,82,64,46,39,35,34,41,57,91,121,133,129
21,23,25,25,24,26,29,28,28,38,66,98,107,86,58,47,41,40,45,58,86,120,135,129
23,23,24,24,25,28,30,29,30,43,76,110,125,112,81,61,52,49,50,59,84,121,144,140
27,25,22,22,25,29,30,29,32,49,86,118,134,131,110,84,66,58,58,63,80,118,147,150
32,28,24,23,25,29,29,28,34,56,97,125,139,142,137,113,86,68,65,68,76,110,144,155
35,32,27,24,25,29,29,29,37,62,105,132,140,143,152,135,102,76,68,68,73,104,140,157
