249,241,237,237,236,230,229,228,219,194,159,134,119,108,91,59,31,16,13,11,12,11,11,12
246,236,222,206,192,178,171,166,156,134,103,80,67,60,51,34,20,13,11,10,10,10,10,10
231,203,161,126,109,96,89,82,72,60,44,31,24,22,18,13,12,13,13,13,16,19,22,24
193,144,84,46,37,34,33,27,20,16,15,13,15,17,16,17,20,24,27,28,30,32,35,37
140,85,36,17,17,19,25,25,20,18,19,22,29,35,37,39,42,45,46,45,41,36,30,26
131,77,35,21,22,29,39,44,45,47,50,53,53,50,45,44,41,36,31,25,21,18,15,13
160,106,59,45,53,58,62,59,51,44,43,41,38,33,28,27,24,20,18,17,17,15,13,12
179,140,104,84,74,80,82,64,37,27,23,21,19,17,15,16,15,13,14,18,20,20,18,16
170,149,136,114,74,90,93,61,20,14,12,12,13,14,15,17,16,15,16,22,26,25,23,21
143,121,119,108,67,88,88,53,15,13,13,16,17,15,14,15,14,15,18,24,29,30,28,26
142,99,80,79,62,44,34,21,10,10,10,13,16,16,15,15,15,15,17,19,24,27,30,30
147,94,61,59,55,24,12,9,9,10,10,12,15,16,15,15,14,14,14,17,20,26,30,32
152,97,57,51,50,21,10,9,10,10,10,11,14,15,15,15,14,13,14,15,18,23,28,30
156,100,59,52,51,22,11,10,10,10,10,11,13,15,15,15,15,15,14,15,18,21,24,27
162,105,65,58,55,24,13,11,11,10,10,11,13,15,16,15,15,15,16,13,16,21,25,27
172,116,75,64,53,24,14,12,11,11,10,11,13,15,17,16,17,18,17,13,14,20,28,32
180,128,86,65,45,22,14,12,11,11,10,10,12,15,17,18,19,19,18,15,15,20,30,37
188,140,97,67,36,20,14,13,12,11,10,10,12,14,17,20,21,20,19,18,17,20,29,37
194,149,106,70,32,19,15,13,12,12,10,11,12,15,17,19,21,22,21,21,19,21,27,32
186,144,106,72,32,20,15,13,11,12,10,11,14,17,16,15,17,21,24,24,21,22,25,29
173,134,105,78,33,20,16,13,10,11,11,13,16,17,15,14,15,18,22,23,22,23,27,31
165,129,108,86,36,20,15,12,10,10,11,14,17,17,14,13,13,14,18,22,23,24,28,32
171,135,117,95,38,19,14,12,10,10,12,16,18,17,13,13,13,13,17,22,25,27,29,32
186,147,126,100,41,18,13,12,11,10,13,17,17,15,13,14,14,15,18,24,30,31,30,31
