42,49,63,78,91,121,138,125,101,102,116,106,75,55,82,119,151,171,181,199,218,230,239,246
28,30,38,48,56,69,83,86,86,97,120,106,70,44,57,72,92,109,125,151,175,193,209,221
37,32,26,23,25,25,32,40,53,79,120,105,64,35,38,36,42,52,63,81,100,116,133,148
79,67,48,33,28,23,19,19,30,61,107,92,54,30,30,27,28,30,32,35,41,48,59,70
130,114,92,75,66,55,42,33,36,59,85,68,39,23,23,27,30,32,30,30,31,33,34,37
122,116,105,97,92,88,78,64,59,76,100,73,35,19,20,21,22,24,27,30,33,34,36,38
84,87,90,93,96,98,94,84,84,115,155,111,59,44,44,37,27,23,25,28,29,31,34,35
74,75,79,84,89,88,86,80,90,136,168,122,77,71,74,66,56,47,40,34,31,30,31,32
113,109,98,86,78,70,67,66,81,123,135,103,79,82,86,85,84,78,65,51,46,43,41,41
166,170,145,101,66,58,59,61,70,93,104,90,76,73,74,75,80,81,74,65,67,68,68,66
115,130,119,85,56,54,56,57,65,86,107,94,73,65,69,68,65,63,60,57,60,66,69,69
56,63,61,51,44,47,52,55,60,68,77,74,66,64,71,72,68,61,59,69,82,87,82,75
29,28,27,30,36,39,43,49,53,55,55,59,64,68,73,79,75,68,70,90,101,97,82,70
30,28,28,31,35,34,35,39,45,51,55,63,71,76,76,82,81,83,94,104,95,79,63,54
24,24,27,32,38,39,35,33,37,45,53,66,77,84,84,84,94,117,132,100,68,50,43,41
24,24,26,30,35,38,36,32,31,35,44,51,64,81,94,109,138,164,160,97,60,44,38,37
25,26,26,26,29,33,33,32,30,28,36,42,54,74,93,123,155,168,148,93,59,43,37,34
27,27,27,25,25,28,30,31,30,28,34,39,52,72,85,108,134,145,130,97,62,43,35,31
28,28,27,26,26,27,29,30,30,31,35,40,56,76,77,75,97,122,129,108,67,42,33,30
29,29,29,30,29,28,29,28,27,28,32,41,61,81,75,63,84,116,131,113,70,40,32,37
34,34,34,32,28,26,27,26,25,26,29,36,55,80,83,55,67,104,130,120,79,46,33,35
39,39,37,34,28,25,24,24,23,24,25,28,42,68,91,60,54,84,123,128,92,54,32,28
42,40,37,33,28,23,21,20,20,21,26,31,37,56,95,75,51,65,113,134,102,62,45,52
42,38,33,29,27,22,19,18,18,18,31,44,45,52,95,90,56,57,106,138,107,69,69,102
