23,24,24,24,25,27,28,30,32,30,27,29,32,35,39,49,48,44,42,39,40,42,45,49
22,24,26,27,29,30,31,33,34,29,28,31,34,35,39,48,47,44,43,37,39,43,46,48
20,23,25,28,33,35,35,35,33,28,28,32,35,35,38,52,54,49,43,39,42,46,49,51
20,21,22,26,35,41,41,38,32,28,29,32,34,34,37,61,71,62,46,46,49,52,54,57
26,24,24,28,37,48,49,42,33,32,31,31,32,33,36,66,87,77,49,55,57,56,58,62
34,36,40,41,43,55,56,49,41,38,33,31,30,30,33,54,75,73,54,61,59,58,62,68
39,46,52,52,50,58,64,62,52,43,37,33,30,30,33,42,53,59,59,65,60,58,63,70
39,45,50,51,51,57,74,77,65,53,47,39,32,30,33,35,43,56,67,71,66,61,64,71
34,36,39,42,47,55,79,85,73,64,56,46,36,30,31,31,44,61,72,77,76,73,74,78
28,31,34,37,41,53,74,79,71,70,59,48,40,34,28,28,45,62,69,76,85,96,100,97
26,32,39,40,39,50,61,63,61,70,72,59,46,38,30,30,47,63,67,72,89,116,128,116
30,36,40,41,43,49,59,60,58,71,109,112,86,52,31,30,44,60,67,68,87,125,146,134
35,37,38,39,44,50,76,78,60,62,119,159,151,103,55,35,39,54,67,68,83,121,150,149
44,41,38,38,40,50,93,96,60,44,87,154,186,160,96,46,37,53,70,70,79,111,146,160
63,57,49,44,42,45,76,80,52,32,47,87,132,151,116,58,47,65,78,73,76,102,141,168
67,68,68,65,60,52,64,71,58,33,32,45,66,79,67,47,60,81,83,74,76,98,138,175
48,53,61,66,65,61,66,76,75,52,40,37,37,37,35,38,63,80,75,68,73,93,132,172
31,35,43,51,57,62,68,79,86,79,72,62,47,32,27,34,53,63,60,61,68,86,120,158
29,29,32,37,43,54,63,73,85,97,111,109,89,61,43,36,39,45,50,58,66,79,107,139
26,26,27,30,36,43,53,69,83,90,117,150,158,132,92,54,40,44,53,58,64,74,99,128
27,27,28,30,31,34,42,56,69,72,86,122,161,177,149,87,54,58,76,77,68,70,93,121
27,28,30,30,30,31,36,44,51,54,57,77,110,138,131,86,58,65,92,101,76,70,89,111
27,29,30,30,29,31,36,38,38,40,43,47,58,72,76,63,53,58,79,98,78,73,88,103
28,28,29,29,29,32,37,36,33,34,40,42,43,44,46,47,46,45,49,68,69,76,90,102
