181,178,180,186,193,202,210,220,231,237,242,245,246,243,234,222,208,191,173,161,154,141,126,116
169,166,166,168,171,176,181,188,196,202,208,212,217,222,224,224,221,216,210,206,200,190,179,171
195,193,190,188,184,179,173,171,172,172,175,178,182,189,196,201,205,206,207,209,210,211,212,212
225,224,222,220,215,207,198,190,186,182,182,181,181,183,183,184,185,184,183,183,189,196,202,207
207,207,209,212,216,219,220,221,222,222,223,221,218,214,207,203,201,197,191,187,187,185,181,179
174,174,175,175,177,179,181,186,192,197,204,207,209,212,216,219,219,219,222,225,223,216,209,204
201,201,199,197,194,189,183,180,177,174,176,177,176,178,184,188,190,194,203,212,214,213,210,210
219,221,222,222,221,217,210,204,198,192,190,187,183,181,182,183,181,180,181,183,183,183,186,188
195,198,203,209,213,214,214,215,215,213,214,213,212,210,209,208,204,196,187,181,176,174,176,179
150,149,151,155,160,162,166,171,176,179,184,191,196,199,205,211,214,213,211,213,213,212,213,213
174,165,156,150,147,145,140,138,138,137,134,136,139,142,147,154,161,168,174,183,190,199,205,207
204,200,194,187,182,179,172,167,165,162,153,149,148,146,140,136,136,137,137,137,141,149,153,151
180,183,185,187,188,190,191,190,190,189,184,182,181,178,171,164,160,156,150,145,146,148,144,136
125,128,134,141,147,153,160,164,164,166,172,178,180,180,184,188,188,187,187,188,191,190,183,175
129,126,124,123,120,115,113,109,104,104,113,119,121,122,134,144,149,154,162,172,178,182,188,194
207,206,201,193,183,173,162,149,138,132,130,129,126,122,118,114,112,113,117,120,121,124,134,147
219,223,226,225,220,216,212,206,198,191,186,183,182,178,168,157,150,147,143,138,133,129,130,137
148,154,165,174,180,188,200,208,208,203,202,204,208,212,210,205,202,199,195,189,186,180,175,176
49,53,61,72,84,98,119,134,139,138,143,149,158,170,181,190,196,200,202,205,211,214,216,217
8,10,13,17,20,24,33,39,41,41,50,58,64,71,86,103,116,124,131,141,153,166,180,189
1,3,5,6,5,3,5,6,6,7,12,15,16,18,25,33,39,44,52,60,63,71,84,95
2,3,3,3,2,0,0,1,1,1,1,2,1,2,4,5,5,7,12,17,15,16,22,27
3,4,5,4,3,2,1,3,4,3,1,1,2,2,3,1,0,1,4,7,4,2,2,3
6,8,10,10,6,3,1,3,5,5,2,1,3,5,3,1,0,2,5,8,5,2,1,1
