50,55,60,61,55,48,48,48,58,93,154,182,191,198,203,200,191,185,174,132,131,148,182,221
48,56,62,61,55,53,54,52,59,94,156,184,194,199,201,194,185,182,171,131,130,144,178,218
46,55,63,63,57,65,70,62,60,97,160,188,198,202,197,183,175,174,166,129,128,139,171,213
53,58,65,68,65,81,92,77,66,101,165,193,201,203,191,172,165,168,161,128,128,136,165,208
73,68,72,79,81,100,116,99,78,108,170,196,203,201,185,165,162,167,161,131,131,134,161,206
96,84,87,102,112,126,140,118,90,117,176,199,202,196,178,163,166,173,165,136,133,132,157,203
112,99,106,128,145,150,154,126,97,127,184,203,200,190,173,167,176,184,175,147,140,135,158,204
122,113,120,142,164,163,159,127,103,139,192,207,199,185,171,174,185,191,180,152,143,136,159,206
129,126,128,143,166,166,156,124,107,151,199,208,198,185,176,182,190,190,179,154,144,138,160,206
132,136,134,139,161,169,151,116,109,164,201,204,195,191,188,193,190,185,177,157,148,143,164,203
135,144,140,137,153,168,141,107,111,170,201,202,198,197,196,199,194,188,180,161,155,148,161,194
136,147,148,140,134,143,118,101,123,179,201,201,199,201,200,202,198,192,183,165,160,146,153,188
138,144,152,146,121,112,98,107,144,190,203,201,199,202,202,204,203,195,182,170,166,144,148,188
141,138,148,152,127,102,101,127,167,198,205,201,198,201,203,206,206,195,177,175,177,149,148,192
149,138,140,152,154,132,135,154,177,195,202,200,200,203,206,209,208,192,171,180,194,161,150,193
161,148,140,149,170,168,171,172,171,177,189,196,200,205,209,211,207,190,174,194,212,174,152,188
172,160,149,151,168,185,189,176,157,152,169,187,199,206,209,209,203,192,190,216,228,185,157,183
179,168,161,162,168,189,193,171,138,123,144,175,197,207,208,206,200,200,213,233,235,193,161,173
185,172,167,172,179,189,187,158,116,96,121,164,197,210,206,203,199,209,232,238,231,195,164,162
196,180,163,165,184,180,159,130,99,83,109,161,201,213,207,196,198,217,238,234,223,193,168,164
206,188,161,146,152,140,117,102,96,93,114,164,202,210,204,193,205,226,238,229,222,199,179,176
210,195,168,144,133,128,116,106,103,110,131,172,201,204,194,197,219,238,238,228,222,199,180,180
209,199,181,160,147,153,149,132,115,116,147,180,199,197,187,207,233,245,238,228,221,192,172,179
206,201,189,178,178,189,180,153,122,111,153,186,198,193,187,217,241,247,237,227,218,186,167,179
