241,241,242,244,243,241,239,238,237,236,232,229,226,225,224,222,219,218,219,217,216,214,208,200
221,220,221,221,221,217,213,210,208,206,200,197,194,192,188,183,180,180,181,175,173,169,164,160
162,161,159,157,157,157,154,150,148,146,140,139,139,139,138,132,131,135,136,128,124,122,125,131
117,118,115,110,109,115,116,113,110,112,109,112,115,120,127,121,122,126,127,121,120,120,129,141
137,139,137,131,128,133,138,136,133,137,141,145,148,155,167,162,159,157,156,158,161,160,162,166
171,171,170,166,161,159,158,155,153,155,158,161,160,157,161,156,148,139,136,141,141,135,128,124
141,137,132,129,125,120,116,114,117,126,127,127,126,123,119,119,112,106,107,111,110,112,114,115
106,102,99,99,100,101,102,100,102,113,117,115,117,122,120,127,129,129,131,132,132,136,142,145
112,111,112,116,119,126,131,128,124,129,133,126,127,141,150,161,171,175,175,175,172,170,167,164
155,153,154,155,153,151,151,146,139,140,136,118,110,121,140,147,154,160,164,164,157,145,133,126
129,127,129,132,130,117,110,105,103,107,112,98,78,70,86,104,114,119,122,124,121,116,113,114
108,105,107,115,121,106,102,104,107,113,131,131,109,85,93,120,135,139,141,146,151,152,150,147
124,121,123,134,143,128,126,131,136,142,158,163,149,127,125,143,155,158,157,158,166,168,161,152
149,145,146,153,158,143,140,143,147,149,151,150,146,140,135,136,140,142,140,131,134,136,133,129
121,115,110,110,111,102,102,109,113,109,104,101,101,106,112,113,115,122,127,114,112,118,132,147
100,96,94,96,103,107,112,125,138,142,140,140,141,145,154,159,161,167,173,165,164,167,176,189
131,133,135,135,136,147,153,163,174,178,175,173,171,169,173,178,178,177,179,181,180,174,171,174
155,161,167,165,155,161,164,167,170,171,165,160,156,153,152,150,146,144,145,148,144,136,128,126
129,135,146,146,128,124,124,121,118,118,110,103,103,107,103,91,84,85,89,87,79,78,77,73
74,83,96,99,83,77,80,74,64,62,50,47,54,61,52,35,29,30,28,24,23,28,28,22
31,36,42,43,38,36,44,42,32,25,25,25,26,30,36,36,34,25,13,10,8,8,8,5
14,16,14,13,17,21,29,30,24,23,28,32,47,75,102,104,76,39,15,10,8,8,8,9
11,12,7,5,13,21,27,28,29,36,35,49,95,157,191,183,114,45,16,14,19,23,26,28
10,11,7,5,13,21,25,28,34,42,33,58,129,209,234,218,124,39,14,18,32,43,47,49
