247,245,244,245,244,241,240,238,235,234,233,232,231,228,228,224,221,222,225,221,215,217,224,229
235,232,226,222,221,216,216,214,209,207,202,201,199,196,196,191,188,188,189,185,177,180,189,194
182,179,170,163,160,155,155,154,150,145,141,140,138,135,136,133,132,134,139,141,139,146,156,157
124,123,117,111,109,107,109,113,113,106,104,105,105,103,102,104,107,116,129,138,140,151,163,163
112,115,117,116,116,120,127,135,138,135,135,137,140,139,131,133,141,158,179,185,181,190,204,209
157,159,160,160,160,165,172,178,179,177,173,172,173,170,157,155,166,181,190,188,183,186,196,204
147,146,146,146,147,145,147,148,144,138,142,149,144,129,121,124,135,144,146,144,141,148,161,171
119,115,115,120,124,117,115,116,115,113,122,131,128,116,116,130,138,141,143,149,146,155,171,182
126,120,121,129,136,129,128,130,135,140,145,148,151,154,156,172,175,172,177,191,187,193,207,215
181,176,175,178,182,180,181,180,179,182,179,172,174,183,184,183,176,172,180,192,191,192,198,204
155,158,159,157,151,152,151,148,145,142,138,126,123,128,129,121,119,121,129,144,146,145,152,164
109,114,115,114,117,122,116,117,122,117,114,114,116,115,107,108,119,120,114,135,144,144,153,175
111,114,114,115,125,133,129,136,146,139,137,148,155,149,134,139,152,148,133,151,171,177,184,200
152,154,153,153,160,166,168,174,178,169,167,177,182,174,160,160,163,157,145,151,178,192,194,194
161,159,160,160,155,151,151,148,142,137,133,131,128,123,118,115,113,114,116,109,128,146,152,150
113,113,113,110,106,105,103,99,99,108,105,103,101,100,104,104,103,105,110,112,126,151,173,181
109,114,120,123,124,122,123,124,129,140,142,139,138,142,149,145,142,144,150,157,167,188,212,225
146,150,160,169,169,164,165,167,168,173,178,174,171,175,181,174,170,170,173,178,182,198,220,236
174,172,178,184,180,171,169,165,159,157,160,155,150,149,150,147,144,142,141,137,136,148,171,192
136,133,136,138,129,123,120,116,110,106,101,98,93,89,86,82,79,79,78,68,60,68,90,111
81,79,83,84,75,70,67,64,60,56,48,45,42,37,31,27,27,28,28,22,16,22,34,43
32,32,35,36,31,27,24,22,20,19,13,13,13,10,5,5,6,7,6,4,2,5,9,11
5,5,6,7,6,4,3,2,1,2,0,1,1,1,1,3,4,4,3,4,7,11,12,10
0,0,0,0,1,4,5,4,2,0,1,0,0,0,1,2,2,3,6,9,15,24,27,24
