237,235,234,234,232,231,229,228,226,221,222,224,221,215,218,225,224,213,202,196,194,191,185,181
214,210,206,204,201,200,197,196,193,187,188,188,184,178,181,190,185,170,155,149,149,148,145,144
156,152,146,141,140,138,136,135,134,132,134,139,140,140,147,155,140,122,116,122,124,125,128,133
115,114,109,104,105,105,103,102,103,107,116,130,138,141,153,160,136,116,123,141,143,147,156,162
138,138,136,134,136,141,139,134,132,141,158,178,184,181,193,203,180,158,160,173,175,183,189,188
180,179,177,175,171,174,170,160,154,165,181,189,187,183,187,196,182,156,137,132,137,141,140,138
151,146,140,140,147,145,131,122,123,134,143,146,144,142,148,161,145,119,105,104,106,107,111,117
119,117,114,118,129,129,118,116,127,138,139,145,147,148,155,171,152,127,121,127,125,123,129,139
133,134,138,144,146,151,152,157,168,176,171,180,188,189,194,206,189,164,156,161,157,153,155,160
182,179,181,180,173,174,180,184,182,176,172,182,191,191,192,198,185,161,145,145,140,135,132,131
148,145,143,138,130,123,127,128,123,119,120,131,143,147,143,153,142,125,116,117,113,105,97,92
118,122,120,114,115,116,115,109,108,120,117,119,133,148,141,157,155,146,145,142,134,126,118,113
139,146,142,137,145,155,150,139,137,153,145,137,151,175,175,186,185,176,167,160,152,144,136,131
178,179,172,166,173,182,176,164,159,163,156,146,154,179,193,192,186,169,145,138,136,130,122,117
147,143,138,134,131,130,124,119,117,113,116,113,113,127,150,150,144,129,107,100,105,112,111,101
96,98,104,108,103,101,101,103,105,102,106,109,114,128,156,173,171,164,156,139,133,147,156,146
125,127,136,143,141,137,143,148,147,141,144,150,158,170,193,215,212,201,192,177,163,167,174,169
170,168,171,176,177,171,176,180,176,169,170,174,178,186,201,223,220,198,176,169,157,150,148,147
166,161,158,158,158,151,150,150,148,144,143,140,138,140,151,176,173,145,115,113,108,101,95,94
114,111,107,103,99,95,90,86,82,78,80,76,68,63,71,94,89,67,48,44,41,40,42,44
60,60,56,50,45,44,38,31,27,26,29,27,21,18,23,35,31,20,12,11,12,11,11,13
19,20,19,15,13,14,10,6,5,5,7,5,3,3,5,9,8,5,4,6,7,5,4,4
1,1,1,1,1,2,1,1,2,3,4,4,4,7,11,11,13,16,18,23,24,22,20,18
4,3,1,0,0,0,1,1,1,2,4,6,10,15,25,27,30,34,38,47,51,49,44,39
