246,246,245,242,240,239,240,237,231,228,227,226,225,222,219,219,216,211,208,208,206,205,203,201
231,229,225,220,215,213,212,209,204,198,196,195,192,187,180,180,176,169,164,164,161,160,160,160
176,171,164,158,154,153,151,149,144,140,137,136,134,131,128,127,124,120,117,116,116,117,119,121
120,115,110,108,108,113,113,110,108,108,107,105,106,109,114,112,112,114,117,117,120,122,124,126
118,118,119,122,127,139,142,139,138,142,142,139,140,147,157,155,155,161,168,168,173,171,167,167
171,176,179,177,173,185,187,182,179,181,181,178,173,170,170,170,168,165,166,171,168,157,149,148
155,160,164,161,152,163,161,151,145,150,148,148,143,132,124,127,128,124,120,127,126,115,108,113
129,124,122,123,124,129,125,118,116,123,121,123,123,118,113,118,125,128,127,127,128,125,125,129
140,126,118,123,136,136,133,135,141,146,143,144,145,147,152,154,163,173,176,167,166,170,174,175
189,179,174,179,186,185,184,189,196,199,195,190,183,177,181,178,180,185,186,178,170,170,174,175
168,168,169,170,168,164,163,164,168,172,163,155,147,138,133,129,128,128,128,124,122,122,121,119
120,123,127,130,126,119,116,117,122,128,119,114,112,113,115,121,123,119,114,110,122,132,131,121
112,112,116,121,122,116,113,115,120,126,123,124,129,136,144,158,161,154,144,140,154,164,163,155
146,145,146,150,156,154,150,151,153,154,158,162,166,169,174,183,183,175,165,164,168,165,162,163
163,165,167,168,166,165,161,156,151,147,148,149,144,137,135,132,131,128,124,121,120,114,109,110
121,122,122,120,115,113,111,107,101,99,103,100,94,90,92,93,111,120,109,98,103,106,104,101
107,111,111,109,105,103,110,114,114,118,129,122,118,124,131,133,152,164,153,144,149,155,157,156
146,149,149,148,149,146,153,160,165,168,178,171,169,179,185,183,191,196,189,184,187,188,187,187
196,195,192,193,195,191,188,189,189,185,185,180,179,183,185,180,177,173,167,162,163,159,152,149
171,169,166,163,163,161,155,148,142,137,132,128,126,126,125,123,118,111,106,102,97,95,93,93
117,120,117,109,101,102,98,91,88,90,87,80,75,73,69,66,58,51,47,46,40,38,37,36
59,63,62,53,44,47,45,43,47,55,55,54,49,41,36,29,23,19,17,17,12,10,9,8
20,21,22,19,15,16,17,20,27,34,40,45,38,27,26,35,39,31,17,15,9,6,6,4
11,7,8,13,15,10,15,22,24,25,39,42,31,20,31,70,86,66,29,25,15,11,10,9
