240,240,239,239,237,231,228,227,227,225,223,220,219,218,213,209,208,207,206,204,203,202,196,188
216,214,213,211,209,204,199,196,195,194,188,182,179,179,173,166,164,163,161,160,160,158,152,144
154,153,152,151,149,145,140,138,136,135,132,129,127,125,122,118,116,116,116,117,119,117,112,108
107,109,112,113,110,108,108,107,106,105,108,113,113,111,113,116,116,118,122,122,123,122,120,121
123,129,139,143,138,138,142,143,140,138,144,154,157,154,157,165,167,170,174,168,166,165,166,168
169,174,184,188,181,179,182,182,179,174,169,170,171,170,166,165,168,171,166,152,148,149,148,145
149,152,160,163,150,144,150,150,146,146,134,125,125,129,127,120,123,128,124,109,110,112,111,110
122,124,128,126,118,116,123,123,119,125,118,113,115,122,128,127,126,127,129,123,127,128,131,135
136,139,136,132,134,140,146,145,141,145,146,150,154,159,170,177,172,166,167,172,175,174,177,183
187,188,185,183,188,196,199,197,191,185,178,180,181,179,183,188,183,174,169,172,174,172,168,167
170,167,164,163,164,167,172,166,155,151,140,134,131,129,128,129,127,123,120,123,120,124,126,119
129,126,119,115,117,121,128,122,112,114,113,114,119,124,121,117,111,113,124,137,127,131,138,132
123,123,117,111,114,121,125,124,122,127,134,141,152,162,158,148,141,144,158,168,159,160,165,163
153,158,155,149,150,154,154,157,162,165,168,172,179,184,180,169,164,166,168,163,161,159,158,158
165,168,166,161,156,151,148,148,149,146,139,135,133,131,130,126,122,121,119,111,109,106,101,98
115,115,113,111,109,99,100,103,101,95,91,91,92,100,121,115,102,99,105,106,103,100,100,103
106,105,104,108,117,111,119,128,127,116,123,129,132,141,164,159,148,145,152,157,156,154,154,156
149,148,146,151,162,162,168,176,176,165,176,184,184,186,197,192,185,184,188,188,186,185,184,183
197,196,190,187,190,189,186,185,182,178,183,185,182,177,175,170,164,162,163,157,150,149,149,147
163,163,160,155,149,142,138,133,128,126,127,126,124,121,114,109,104,100,97,94,94,92,87,84
100,100,101,99,92,86,91,89,80,77,73,71,67,62,54,48,46,43,39,37,38,34,29,26
43,44,46,46,43,46,55,57,52,52,43,38,32,25,21,17,17,15,10,9,10,7,5,4
16,15,15,17,20,26,33,40,44,42,29,25,31,39,37,22,16,13,7,6,5,4,3,3
19,14,11,14,23,23,24,36,45,35,20,23,53,85,82,42,26,21,13,11,10,6,2,1
