117,117,118,115,104,101,100,99,98,96,88,84,79,70,62,55,51,50,50,46,45,51,57,58
183,183,183,162,113,74,64,67,70,67,59,56,54,49,43,38,35,34,34,31,32,39,47,49
191,192,191,164,99,41,27,34,40,37,34,36,38,37,34,32,28,25,23,22,24,31,37,41
116,116,116,100,59,18,8,14,21,22,28,33,36,36,35,33,30,26,22,21,25,29,33,35
21,21,20,19,16,9,4,4,10,20,31,34,35,34,32,29,27,26,24,22,26,32,33,30
9,9,9,9,9,7,3,3,9,21,32,33,32,32,29,24,21,21,22,21,26,34,36,29
8,8,8,9,9,7,3,2,8,22,31,31,28,26,25,24,21,19,18,18,25,35,38,32
8,8,8,9,9,7,3,2,8,21,31,31,26,22,22,24,24,21,16,16,26,36,39,34
8,8,8,8,7,5,2,2,7,20,30,32,28,23,21,23,24,22,18,17,26,36,39,35
10,10,9,7,4,2,1,2,8,17,28,34,34,30,25,21,20,20,21,20,26,33,37,36
12,13,10,6,2,1,1,4,9,16,24,31,33,30,26,22,20,21,22,22,27,34,40,42
13,12,9,4,1,1,1,3,8,13,20,23,23,22,22,22,23,22,21,21,27,35,44,50
10,9,6,2,1,1,1,2,5,11,17,16,15,15,17,20,23,23,21,20,25,33,45,56
7,5,3,0,0,1,0,0,2,9,15,14,12,12,14,18,21,22,22,20,21,27,43,62
5,4,2,0,0,0,0,0,1,5,11,15,15,12,12,17,22,24,24,20,18,21,43,74
4,3,1,0,0,0,0,0,0,2,6,14,16,12,12,19,23,25,24,21,17,19,43,81
4,3,1,0,0,0,0,0,0,1,3,10,14,13,13,22,25,24,23,21,16,19,46,85
4,3,1,0,0,0,0,0,0,1,2,8,13,15,15,24,26,23,22,20,16,22,53,93
4,3,1,0,0,0,0,0,0,0,1,6,13,16,18,26,26,22,21,21,18,28,62,104
4,3,1,0,0,0,0,0,0,0,2,7,14,18,20,26,26,22,22,24,24,36,72,112
4,3,1,0,0,0,0,0,0,1,3,8,14,17,21,25,25,25,26,28,29,43,80,121
4,3,1,0,0,0,0,0,0,1,5,10,13,15,21,23,25,28,30,31,29,46,88,133
4,4,2,0,0,0,0,0,0,1,7,11,13,15,23,24,26,30,32,31,28,49,97,145
5,4,2,1,0,0,0,0,0,2,8,13,15,17,25,25,28,30,30,32,29,51,102,152
