246,247,248,245,235,219,193,167,147,137,137,135,123,99,67,39,18,7,4,4,2,1,1,2
248,248,241,222,193,168,136,106,84,74,71,69,63,50,34,20,11,6,4,5,3,2,2,2
222,235,223,174,109,82,59,41,28,21,19,18,16,13,10,8,7,7,10,16,19,21,23,25
169,210,204,131,39,17,11,9,8,6,5,7,9,12,15,16,18,22,31,42,47,50,54,57
119,185,195,123,28,14,13,14,15,16,17,20,25,33,38,39,41,47,57,67,66,64,63,65
113,182,195,127,41,34,34,36,40,46,51,54,55,53,47,39,34,35,38,40,36,31,30,31
110,181,196,130,46,40,40,39,39,42,51,58,59,50,34,23,18,17,18,17,14,14,16,16
109,180,197,134,49,42,49,43,29,26,32,42,47,41,26,15,10,10,11,9,7,10,13,15
110,180,199,138,54,50,61,49,22,13,15,25,37,42,33,20,12,11,11,10,8,9,14,20
110,181,199,138,59,60,63,44,17,11,12,22,38,52,49,31,15,8,7,7,7,7,16,29
112,182,196,128,39,33,31,21,10,9,12,20,36,53,55,40,24,13,9,10,10,9,18,34
112,182,197,127,32,17,14,11,7,10,13,18,33,49,52,44,33,21,13,11,10,11,21,38
110,179,198,132,36,13,11,9,7,10,13,15,26,42,47,46,41,33,22,13,11,15,26,41
106,175,197,136,42,15,11,9,7,11,12,11,20,35,46,48,48,46,37,22,15,20,32,42
104,171,196,139,44,14,11,10,9,11,10,8,15,31,45,50,54,56,51,35,24,27,38,45
103,168,194,141,47,15,12,12,10,11,10,8,13,27,42,50,58,63,62,46,33,33,41,48
102,165,193,144,51,15,12,12,10,11,10,8,11,22,38,49,60,68,69,57,44,40,45,50
106,164,193,150,58,17,12,12,10,11,10,9,10,17,32,47,61,72,75,68,58,51,49,51
114,164,195,159,69,21,11,11,9,10,11,10,10,14,26,44,60,74,83,81,73,64,57,55
114,157,194,171,82,25,11,11,10,13,13,12,11,14,24,39,56,75,90,93,87,77,69,65
114,152,194,180,92,26,10,11,11,14,13,13,13,15,22,35,51,71,91,101,96,86,81,82
117,149,194,188,100,27,10,11,13,15,13,13,14,16,20,31,45,67,91,106,103,97,95,99
120,146,194,194,106,27,9,12,13,14,13,14,15,17,19,28,43,66,93,107,108,106,107,112
120,144,193,197,110,28,10,12,13,13,13,15,16,17,18,27,44,69,95,108,110,110,112,118
