17,22,25,22,14,8,6,10,29,67,84,93,100,107,106,82,57,43,41,43,44,47,52,55
10,13,14,13,9,6,5,7,20,50,72,96,113,118,113,95,75,66,69,75,76,78,80,81
3,4,4,4,4,3,2,3,10,29,54,93,118,122,121,110,95,88,91,95,86,77,70,66
0,0,0,0,1,2,4,8,18,37,55,83,101,107,121,121,109,94,84,78,60,42,30,25
3,4,6,7,8,13,22,36,60,89,83,73,69,81,112,131,118,87,57,42,26,12,4,4
24,29,36,40,43,56,77,101,124,140,110,78,65,77,105,130,124,100,76,64,38,14,2,2
80,84,85,83,81,91,111,131,147,158,127,87,63,68,96,128,128,114,104,95,56,20,2,1
119,119,113,103,98,103,120,134,146,161,151,118,80,59,77,118,128,122,118,114,80,37,8,2
129,127,117,105,98,101,117,130,142,162,169,146,98,54,57,102,125,125,119,118,102,61,19,3
129,128,122,111,103,105,120,131,144,163,159,128,86,54,55,86,116,126,118,118,112,75,28,3
130,129,124,114,105,108,122,135,148,164,143,105,72,56,62,90,118,126,117,117,105,64,21,3
127,125,118,108,104,112,126,137,150,163,134,93,60,48,57,94,122,127,117,117,98,53,13,3
122,116,106,98,99,113,126,135,143,154,135,106,79,64,66,98,124,129,119,117,100,56,16,5
117,108,96,89,92,105,119,128,132,138,136,129,117,104,95,105,125,131,119,115,108,74,37,21
117,111,98,87,84,91,104,117,123,123,123,125,125,124,122,122,127,126,114,106,107,95,75,64
115,114,106,93,83,83,90,105,117,120,120,121,122,121,121,121,121,119,110,98,101,101,97,94
114,115,110,98,82,79,84,98,114,121,126,126,120,112,106,105,106,109,108,91,100,104,99,96
113,113,109,97,80,77,83,98,114,121,133,129,115,99,89,90,97,106,107,86,98,102,96,92
112,112,105,91,76,75,85,101,115,121,132,125,108,93,85,91,102,110,106,85,91,97,96,95
111,111,103,88,76,76,89,105,117,121,129,124,114,107,107,113,115,111,102,91,90,95,98,99
112,111,105,92,78,77,88,105,117,118,120,118,116,114,115,116,114,111,105,95,94,98,101,101
112,112,108,96,81,78,85,101,116,117,119,119,117,116,116,115,113,111,105,94,96,99,100,100
111,111,107,95,80,77,83,99,114,118,126,122,114,108,108,115,121,115,99,86,92,96,97,98
110,110,102,89,76,75,84,99,113,119,130,124,107,95,97,117,132,122,93,76,86,94,96,97
