143,130,138,153,141,100,94,126,166,178,169,176,182,182,184,186,188,183,166,140,175,185,180,184
152,138,146,160,146,101,93,125,168,186,178,180,182,181,184,186,191,190,174,144,176,186,181,185
165,145,138,143,139,101,92,123,168,193,186,185,186,185,185,186,193,187,161,133,174,188,183,185
176,149,120,114,126,100,92,121,167,195,192,191,192,190,187,187,193,177,137,114,168,191,186,185
182,152,112,99,118,100,93,119,165,195,196,194,191,188,189,188,193,173,126,100,162,191,188,184
182,153,112,97,118,101,91,117,163,194,197,187,176,173,188,189,193,175,130,96,158,192,190,184
182,155,114,98,119,103,90,114,161,193,195,186,171,166,188,190,194,179,135,93,154,191,191,184
183,157,116,98,119,104,90,113,160,193,195,186,169,162,186,190,194,182,140,91,150,191,194,185
180,156,115,97,118,105,90,112,159,193,195,187,169,160,185,188,192,181,142,90,144,188,195,186
171,146,108,94,117,106,89,110,158,192,194,187,170,161,185,187,187,177,142,87,134,180,192,183
158,134,101,92,117,106,89,107,155,192,195,189,173,163,186,185,180,170,140,80,113,158,179,178
169,147,109,94,117,107,88,104,150,189,196,191,174,165,186,185,182,175,147,83,106,152,181,181
179,161,121,99,119,110,89,100,143,182,192,188,174,166,184,182,179,177,161,106,117,158,186,184
170,158,127,111,127,113,90,100,139,171,179,180,175,172,183,178,171,173,171,137,136,165,187,183
145,142,135,136,145,114,88,103,141,159,158,169,182,188,185,179,174,174,169,146,140,165,186,182
147,154,161,163,152,116,88,100,133,144,146,159,176,185,180,175,171,168,164,148,139,161,183,181
151,160,172,173,154,117,87,96,129,141,145,152,161,168,170,172,171,171,171,157,141,157,179,178
152,161,173,171,147,112,84,96,132,149,153,153,156,162,167,172,173,176,179,165,140,153,174,174
149,160,171,163,127,95,77,97,136,156,156,155,158,163,162,159,159,168,178,166,135,145,168,170
135,151,162,140,85,58,55,85,126,142,138,133,132,131,120,104,109,140,173,167,129,133,157,164
99,111,120,101,52,32,30,52,79,88,84,77,75,76,71,64,75,117,168,172,128,127,154,169
71,74,73,60,33,21,16,23,37,44,42,39,42,48,49,49,66,113,169,176,129,127,160,185
58,50,39,31,24,17,10,10,17,23,25,26,33,43,46,47,67,114,167,173,128,127,165,197
53,40,26,20,20,15,8,9,15,22,25,26,33,43,45,44,64,109,159,167,125,126,164,196
