149,149,149,149,149,149,150,150,150,150,149,148,148,148,143,126,101,82,76,75,75,79,101,132
149,149,149,149,149,148,149,150,151,150,149,149,149,149,144,126,100,82,76,76,75,79,101,132
149,149,148,149,149,148,149,150,151,150,150,150,151,151,145,127,101,81,76,76,76,79,100,131
150,149,148,148,149,148,150,151,151,151,150,151,152,152,146,128,102,82,77,76,75,79,99,130
149,148,148,149,149,149,151,151,150,151,150,151,153,153,146,129,103,84,77,75,75,78,98,128
147,148,148,149,150,148,149,149,149,150,149,151,153,153,146,130,104,84,77,75,75,78,97,127
146,146,147,148,149,149,149,149,149,150,149,150,151,151,147,131,104,84,77,75,74,77,97,126
147,146,147,147,148,149,149,149,149,150,149,149,150,150,147,132,105,83,76,74,74,77,96,125
148,148,147,147,148,148,148,148,148,149,149,149,149,149,147,132,105,82,75,74,74,76,94,122
149,148,148,148,148,149,147,146,147,148,149,150,150,150,146,132,105,82,75,73,74,76,93,119
149,149,148,149,151,154,150,147,148,148,149,151,152,150,146,132,105,83,75,74,75,77,92,118
149,149,149,149,152,155,152,150,150,149,150,152,152,151,146,133,106,83,75,76,78,78,91,116
149,149,149,150,152,153,152,151,151,150,151,153,153,151,147,135,108,84,75,77,80,80,92,115
149,149,149,149,151,150,150,150,151,151,152,154,153,151,147,135,108,84,76,77,80,81,93,116
151,150,150,150,150,149,149,149,150,150,152,153,153,151,147,135,108,86,78,79,80,82,96,119
154,154,154,155,154,153,153,152,152,152,153,154,153,152,148,136,113,93,88,90,92,98,111,127
157,157,158,159,158,156,154,153,151,151,152,152,151,150,149,143,128,116,113,115,119,126,135,141
152,151,153,155,154,151,149,149,149,151,150,148,147,147,148,146,141,136,136,138,142,145,148,148
143,142,143,146,146,145,146,148,151,153,149,144,141,141,142,142,140,139,139,141,143,141,139,139
147,145,144,144,145,148,158,161,155,146,143,139,135,133,133,132,129,124,119,117,117,115,114,117
133,131,128,126,124,122,123,119,111,106,106,103,99,96,95,94,91,88,87,90,95,99,105,111
95,94,92,91,89,85,82,79,76,77,78,79,78,79,82,86,88,89,91,99,106,113,118,123
65,66,66,65,65,64,65,69,74,80,84,88,92,96,103,111,118,120,122,127,133,136,138,139
62,63,64,64,65,68,73,83,93,103,111,117,122,127,133,141,147,148,144,145,146,147,146,144
