12,10,8,7,8,11,43,77,101,120,140,144,141,130,104,85,74,74,82,83,85,89,102,120
7,6,5,5,6,8,28,52,78,109,132,136,131,121,103,89,81,86,98,101,101,101,109,120
3,3,2,2,3,3,13,28,56,99,125,126,124,122,108,97,92,97,106,104,90,79,76,77
1,1,1,2,4,8,21,36,56,89,106,106,115,129,120,106,95,88,83,77,53,35,25,22
3,4,7,11,19,34,67,84,79,71,71,72,96,131,136,116,87,58,39,35,20,8,3,3
20,24,37,56,74,99,132,129,94,66,61,66,90,123,137,121,95,67,45,45,24,8,1,1
63,68,83,104,122,140,160,148,107,73,65,68,88,119,138,124,109,95,83,75,36,10,1,1
91,94,106,123,138,147,163,157,124,86,66,59,76,110,139,126,117,115,112,98,49,15,2,1
96,96,104,119,133,138,156,165,151,116,79,50,54,92,134,128,121,120,120,110,71,30,7,2
95,96,103,117,132,134,151,171,179,162,116,60,38,67,117,131,126,119,119,119,102,59,18,2
99,99,107,120,132,135,156,169,161,133,91,55,43,61,94,124,126,119,118,119,114,76,28,4
102,102,109,122,133,140,163,166,142,109,74,57,55,66,91,125,127,117,117,118,110,69,23,4
103,104,113,125,135,144,167,162,128,92,61,52,56,70,100,130,127,116,116,117,97,53,14,3
100,104,116,129,135,143,164,158,123,86,57,46,48,67,108,132,127,117,117,117,89,43,9,3
96,103,118,130,133,138,156,156,134,106,82,61,53,66,104,132,130,119,118,119,96,51,13,4
89,95,110,124,129,129,135,137,135,131,125,114,102,97,108,132,134,123,116,117,109,71,31,14
84,86,96,109,121,124,124,124,126,129,131,128,124,120,119,130,130,120,108,109,110,92,67,53
81,81,84,94,109,119,121,119,118,120,121,122,124,125,124,125,123,114,103,99,104,103,96,91
80,80,80,84,97,114,120,120,120,121,120,119,117,117,117,117,117,112,101,91,100,103,101,101
78,78,78,82,93,112,119,125,131,131,122,113,105,102,102,102,110,111,96,83,107,108,94,90
74,75,76,82,96,112,117,126,135,130,113,96,83,78,81,88,106,112,97,79,105,108,94,88
72,73,75,84,102,113,117,126,135,127,110,93,83,84,95,104,111,109,94,77,94,100,95,93
73,73,76,87,106,115,118,125,131,124,113,103,100,106,116,119,114,105,95,82,88,95,98,98
74,74,77,89,108,117,119,123,125,121,116,113,113,117,118,113,108,106,102,90,93,98,100,99
