123,124,125,138,174,203,171,126,126,183,153,165,197,213,207,189,176,153,121,108,113,141,168,176
123,124,125,138,173,202,170,125,125,182,151,163,196,215,208,188,175,153,121,108,112,139,166,176
124,125,124,137,171,202,175,130,127,181,148,160,195,216,209,189,175,153,122,108,112,137,165,175
126,125,124,136,169,202,181,138,130,180,144,157,193,216,211,190,176,154,124,109,111,135,163,174
125,125,124,135,167,199,182,140,130,178,142,153,191,217,213,191,177,156,126,109,110,134,161,174
123,124,124,134,163,194,175,134,126,176,142,151,189,219,215,192,177,157,127,108,108,131,159,174
124,125,125,133,160,190,168,127,122,173,141,149,184,211,206,187,175,157,127,106,107,130,158,174
126,127,125,132,157,185,162,121,117,170,140,144,172,193,188,179,174,158,129,108,108,130,158,174
126,126,126,132,151,171,148,111,111,167,140,139,160,176,174,173,174,160,132,111,109,129,156,174
125,125,125,129,137,142,120,92,103,165,146,141,157,174,172,173,175,162,134,112,108,126,154,174
124,124,125,124,118,116,101,82,96,164,151,144,157,175,173,173,174,162,134,112,108,123,151,174
124,124,126,119,102,103,96,78,91,161,155,145,155,175,172,172,174,162,135,113,108,122,149,174
124,125,125,113,88,97,95,77,86,157,158,145,152,171,168,170,173,163,136,113,107,121,148,173
124,125,124,107,79,93,96,77,83,154,160,143,147,167,161,164,171,163,137,113,107,121,147,172
125,125,122,104,74,92,98,78,79,149,158,142,147,165,156,159,169,164,139,113,107,120,146,170
125,125,122,103,75,92,99,76,75,147,158,143,149,169,157,158,168,165,141,114,108,118,144,169
126,126,123,108,84,94,99,81,84,152,162,144,149,173,163,162,170,166,143,115,108,118,143,169
127,127,126,115,96,103,118,117,126,173,168,142,147,174,168,167,172,167,144,116,109,118,142,169
126,126,126,119,104,112,147,171,183,197,172,140,144,173,170,169,172,167,146,117,109,117,142,170
123,122,122,117,104,98,138,177,194,192,172,143,146,173,171,168,171,167,147,117,109,117,142,170
121,120,121,118,102,70,89,127,155,159,165,148,151,173,171,168,170,167,147,116,108,117,141,170
120,120,121,119,100,55,60,96,130,141,162,152,154,173,171,167,170,168,148,116,108,116,141,169
120,120,121,118,100,54,54,89,125,137,161,152,153,171,168,163,168,168,149,117,109,116,140,168
119,119,120,118,101,56,55,89,125,136,161,149,149,169,165,158,165,167,149,118,109,116,139,167
