126,114,104,114,145,149,147,152,172,202,208,209,211,214,210,179,147,134,138,137,137,137,136,135
129,105,85,93,127,140,141,146,165,195,200,201,203,205,200,168,136,123,126,124,123,122,120,118
111,81,58,62,86,100,106,115,137,166,170,171,173,174,170,140,110,97,99,97,95,94,93,91
78,51,33,35,45,51,58,73,101,135,140,141,142,142,140,113,87,75,76,75,74,73,73,71
48,31,21,22,26,25,25,41,78,124,133,134,133,134,133,109,83,72,74,73,73,73,71,70
28,21,16,16,17,18,17,30,69,122,134,134,133,134,133,110,85,73,75,74,73,72,70,69
22,22,22,21,17,16,15,28,67,122,134,134,133,135,135,111,85,73,74,73,73,71,70,69
35,33,33,34,31,24,16,28,67,123,134,134,133,136,136,112,86,73,74,74,73,71,70,69
57,53,51,53,53,34,22,33,71,123,134,134,134,135,135,113,87,73,74,75,74,72,70,69
77,75,71,68,63,38,32,49,82,119,131,134,134,135,134,112,86,72,74,74,73,71,70,69
81,70,54,42,38,34,48,69,90,106,119,127,133,135,133,113,86,72,74,74,72,71,70,69
58,49,43,43,45,52,64,77,86,89,83,90,111,132,134,115,88,72,73,73,71,70,70,70
34,34,43,54,58,63,68,74,76,69,45,45,69,101,118,113,90,73,73,72,71,70,70,70
24,34,48,57,57,58,60,65,66,51,23,17,29,52,82,102,90,75,73,72,70,70,69,69
31,40,49,54,54,53,54,59,58,39,21,16,18,25,45,80,84,75,72,71,70,68,67,67
40,45,51,53,54,52,51,54,52,36,26,22,26,31,35,60,74,75,71,70,69,67,66,67
46,48,51,52,52,51,50,49,45,34,29,28,35,42,34,40,57,71,72,71,69,67,67,68
51,51,51,50,50,50,50,47,43,38,36,37,43,47,38,27,38,58,70,71,68,66,67,68
53,52,51,50,50,51,50,49,49,48,47,48,49,48,44,26,23,38,61,69,68,66,66,67
53,52,51,50,50,49,50,53,55,51,49,49,48,48,47,33,18,21,44,64,67,65,64,65
51,51,50,50,50,50,53,55,54,48,46,47,47,46,47,41,24,14,24,48,62,66,65,65
49,49,49,49,50,50,51,51,47,43,45,47,46,45,47,47,32,15,11,27,49,62,66,65
49,48,48,49,49,49,49,47,43,42,46,47,47,46,48,49,38,20,6,11,30,51,65,67
49,48,48,49,48,48,49,48,46,45,47,47,47,48,50,49,41,25,8,4,13,38,61,69
