73,73,71,69,69,71,70,76,96,128,121,112,106,101,98,97,107,113,102,77,47,55,83,101
62,63,61,60,60,62,63,66,78,98,99,98,96,91,86,86,95,99,88,65,37,46,78,101
49,50,51,53,55,56,56,55,56,63,70,77,75,65,54,58,71,78,72,54,28,37,71,100
45,46,49,51,53,53,52,47,42,44,54,63,63,54,46,56,72,79,72,58,31,37,70,98
51,51,50,49,48,49,50,46,44,50,59,69,76,81,89,98,111,110,91,76,47,48,73,95
49,48,46,45,48,52,56,64,74,86,98,107,111,106,95,82,100,114,103,88,58,54,74,93
57,56,57,59,61,63,72,97,121,117,106,92,76,60,46,37,69,102,106,93,63,55,72,93
64,65,67,69,69,69,84,121,146,120,92,61,34,16,11,12,52,94,106,94,66,54,68,93
67,68,70,70,69,69,90,129,146,104,73,41,15,4,5,12,53,95,107,93,66,52,65,90
67,68,69,70,69,69,94,131,141,95,63,34,15,6,4,10,57,99,107,94,65,50,62,86
67,68,69,70,69,69,91,128,145,111,77,47,24,10,6,16,70,109,103,94,64,45,53,77
59,63,67,69,69,69,80,109,139,143,129,108,78,42,17,28,83,114,99,92,57,39,50,76
43,49,58,65,68,69,72,91,127,159,166,157,125,73,28,37,89,115,95,90,52,37,54,78
33,35,46,60,67,69,70,88,123,155,161,150,119,71,28,39,90,114,94,87,49,40,61,82
43,36,40,53,64,67,75,105,142,154,132,97,58,26,12,38,90,112,93,80,45,44,68,87
54,49,44,46,56,64,74,107,143,146,108,70,40,21,16,49,94,112,93,70,44,53,80,95
44,45,44,43,48,55,62,83,108,119,106,89,74,60,54,78,102,105,85,56,44,65,92,99
23,27,30,33,36,40,42,48,60,74,83,87,83,76,73,83,86,79,62,36,35,58,81,84
12,13,16,19,23,26,26,26,27,32,37,42,45,47,51,52,48,40,31,19,19,33,47,50
27,27,28,29,29,30,30,28,26,26,27,27,28,31,35,32,28,24,22,20,20,21,23,24
41,41,43,42,39,40,41,41,39,39,38,38,38,40,40,38,37,35,32,33,34,32,30,31
43,43,42,40,38,40,42,42,42,42,42,41,41,42,42,43,42,40,38,39,40,39,39,41
40,39,36,32,33,37,38,38,38,38,38,38,38,40,41,41,41,40,38,38,39,40,41,44
41,40,35,30,33,38,38,38,38,37,37,38,38,39,40,41,41,40,39,39,39,39,41,42
