66,68,63,51,37,29,28,35,52,74,98,128,163,190,193,189,187,158,99,60,98,130,139,135
60,60,52,40,29,28,35,49,70,96,122,148,172,188,192,191,189,158,98,60,98,130,140,137
44,40,33,28,30,41,58,81,108,136,158,171,179,184,186,190,191,162,101,56,83,112,126,130
25,21,21,30,47,69,96,124,150,171,181,183,182,180,181,188,193,168,110,54,57,78,96,104
14,16,29,51,79,108,138,162,177,182,179,179,181,182,183,191,197,177,123,57,38,45,59,65
21,23,40,75,120,153,170,176,179,180,177,178,182,187,196,209,212,189,134,67,40,41,51,55
33,30,52,102,157,175,180,179,179,181,180,186,196,206,214,222,221,197,142,74,41,40,50,53
59,51,74,125,175,180,181,179,179,185,193,203,213,217,210,206,212,199,149,79,43,40,49,52
89,83,104,146,177,179,179,179,181,191,208,216,211,193,163,155,186,199,155,83,44,40,49,51
104,106,133,166,179,177,177,178,182,195,212,207,175,125,82,92,159,198,160,87,45,40,49,52
108,112,140,171,180,178,178,178,182,195,212,194,140,78,51,88,164,202,166,93,46,40,50,54
111,115,140,170,180,180,180,178,180,194,212,204,164,108,73,106,172,205,172,99,47,39,50,55
113,115,138,167,179,180,180,178,179,191,212,218,198,151,102,121,176,207,177,104,49,38,50,56
112,113,136,166,180,180,180,179,180,190,212,223,210,167,111,124,177,208,180,109,52,38,48,55
113,112,134,165,183,181,180,180,182,191,213,224,208,164,110,120,175,208,183,116,55,37,46,54
114,112,132,163,181,179,179,179,180,190,212,222,203,154,103,117,173,207,183,121,58,37,45,53
115,113,132,162,181,180,180,179,180,188,210,220,204,160,110,118,172,207,184,125,62,38,43,52
115,114,133,162,181,181,181,180,180,186,208,220,210,174,121,119,171,207,187,131,66,39,42,50
114,113,132,162,180,180,180,180,179,185,207,219,213,183,126,116,167,207,189,136,70,40,41,48
112,112,130,159,180,179,178,177,177,184,205,217,213,185,128,113,163,203,185,139,74,41,40,49
114,112,128,157,180,180,178,177,178,184,204,216,215,190,133,115,162,203,188,143,79,42,39,50
115,111,126,155,179,180,179,177,177,183,202,216,217,193,136,116,160,202,194,154,91,49,40,49
114,111,124,153,179,179,178,177,177,182,201,216,218,194,138,115,156,200,199,164,102,56,41,48
113,110,123,152,178,178,178,177,177,182,200,215,217,194,140,114,154,198,199,167,107,58,41,47
