156,154,153,152,150,149,151,152,152,153,151,149,142,135,140,142,141,137,136,138,147,152,154,155
155,155,156,156,155,152,152,152,152,154,154,153,144,134,137,141,139,137,143,152,149,137,128,129
152,153,154,155,157,156,153,151,152,154,157,157,148,137,140,145,141,145,163,177,152,114,92,93
119,119,118,121,133,140,138,136,137,138,142,146,146,147,157,158,155,162,178,180,148,114,96,99
56,55,54,64,89,105,108,107,107,106,107,117,137,161,176,175,178,181,170,140,131,139,150,152
70,71,76,90,112,120,123,124,126,126,120,123,139,157,161,168,188,188,152,102,95,108,115,108
129,130,132,138,145,145,147,147,148,149,143,139,140,141,135,145,167,175,160,136,135,134,108,69
169,170,167,161,156,153,154,154,154,156,155,149,139,127,121,127,138,152,163,168,179,174,137,89
174,176,169,157,149,148,149,150,151,154,156,153,139,123,122,120,119,130,152,165,182,189,174,149
167,166,161,153,148,149,152,153,154,157,160,157,145,131,128,122,114,121,140,146,154,169,185,193
153,152,151,149,149,150,154,155,155,159,161,161,155,145,129,125,117,116,127,140,148,164,180,189
151,150,149,149,150,150,151,149,149,152,150,144,137,129,117,123,126,125,127,139,145,152,158,159
161,158,155,153,154,153,147,141,139,142,137,131,124,118,114,127,136,138,137,143,145,146,144,143
173,167,161,158,157,153,147,140,137,139,137,135,132,128,125,135,143,146,147,148,148,147,148,148
168,168,163,154,145,134,144,152,152,150,149,148,148,144,134,138,141,144,147,149,149,149,149,148
172,176,165,140,112,83,106,144,161,153,151,150,151,148,136,130,133,139,144,148,148,148,147,146
177,183,167,135,101,59,74,124,164,155,149,149,151,148,139,128,127,133,142,148,153,154,151,147
180,187,169,135,102,56,55,108,163,157,149,148,150,148,142,132,126,129,141,147,162,164,152,141
179,186,168,134,102,55,50,104,162,158,149,148,148,147,145,137,128,128,138,146,170,168,144,125
167,175,163,134,101,61,60,111,163,155,148,146,146,146,145,141,132,129,136,147,170,160,128,105
157,167,171,163,143,112,103,133,165,154,147,146,146,146,143,139,134,133,141,157,167,147,111,88
151,160,167,161,138,107,110,140,164,153,146,145,146,145,138,132,132,137,148,168,159,132,98,73
152,155,151,131,98,77,107,144,159,150,146,146,146,142,132,128,132,141,155,173,153,129,105,86
157,154,139,108,71,73,124,156,154,148,149,149,147,139,129,129,135,144,158,170,153,139,130,123
