96,97,98,100,101,98,99,123,155,169,167,165,164,165,168,159,139,104,62,37,33,38,46,52
98,99,100,102,102,99,101,124,155,168,166,164,164,164,166,162,151,119,73,46,40,43,50,57
100,101,102,103,102,100,102,124,154,166,163,163,164,165,166,169,170,146,96,60,52,49,51,59
101,101,102,102,101,100,102,122,151,165,163,162,163,164,166,175,188,171,120,78,70,62,56,56
100,99,99,100,100,100,100,120,150,165,165,164,163,162,164,177,196,184,136,95,94,86,68,54
100,98,96,95,96,96,97,118,149,166,165,166,166,166,167,180,195,184,143,105,103,92,69,48
96,95,92,90,90,88,89,113,150,170,170,171,171,169,165,161,154,138,112,85,74,68,67,73
92,92,91,89,89,87,88,112,150,170,166,157,148,136,124,107,90,79,75,73,71,73,85,100
89,91,92,91,91,91,92,115,148,157,138,117,99,84,74,62,56,59,71,87,95,97,98,101
89,90,91,92,92,93,93,115,141,132,95,70,61,63,70,81,92,101,108,109,100,85,74,70
90,90,90,90,91,92,90,106,129,127,110,97,90,90,99,108,111,104,90,74,61,60,69,80
91,91,90,90,91,92,88,94,109,124,136,128,106,89,92,97,87,71,59,56,61,75,92,105
91,91,91,91,91,92,88,91,110,139,160,153,130,113,115,112,86,62,61,75,91,104,113,117
90,91,92,91,91,92,87,97,126,159,173,171,167,167,168,154,119,93,95,111,121,120,113,108
89,90,90,90,91,93,90,99,123,149,171,186,192,187,174,159,136,117,115,124,126,115,95,81
90,89,89,89,92,96,97,102,113,126,157,180,181,162,145,144,133,116,106,106,101,86,64,45
89,89,89,90,94,103,114,117,112,112,134,151,153,144,135,129,111,91,80,81,74,59,37,19
86,86,89,91,96,108,124,123,111,103,107,111,114,117,114,101,81,65,61,67,63,47,24,8
81,83,87,91,95,107,117,113,99,91,82,75,75,79,74,65,58,55,59,66,69,54,30,12
80,81,83,85,86,94,102,97,80,67,62,60,60,62,62,62,61,61,62,68,79,83,64,33
74,75,78,81,86,98,103,91,70,58,61,63,61,58,59,62,72,83,92,107,138,158,128,65
75,79,86,91,95,104,99,80,58,49,52,59,65,75,91,104,124,145,162,175,195,206,168,96
86,93,101,105,104,101,85,62,45,50,72,88,105,128,154,171,188,206,219,223,224,221,186,128
101,108,112,111,106,94,71,45,36,63,122,152,169,190,212,220,224,225,226,225,224,222,197,154
