141,143,148,152,152,148,146,146,146,146,148,150,141,112,69,33,17,15,18,23,25,27,28,30
125,126,129,130,130,129,129,131,133,133,136,139,133,110,70,36,22,21,25,27,28,28,30,31
80,79,79,78,78,80,82,85,88,89,91,94,89,73,48,30,23,24,26,25,23,23,24,24
43,42,41,43,45,48,48,49,51,52,53,55,50,38,23,19,18,19,20,18,16,16,16,16
52,54,59,66,72,71,67,65,65,68,69,69,66,53,28,12,9,12,14,13,13,14,15,15
97,98,102,107,111,112,108,106,108,111,111,111,111,97,56,21,13,15,15,15,16,18,19,19
119,118,118,119,122,122,120,118,119,122,121,121,123,116,82,36,17,16,17,16,17,19,20,21
122,121,119,119,120,120,118,118,118,120,119,119,120,120,102,54,24,16,17,18,19,20,20,21
119,118,118,118,119,119,117,117,117,118,118,116,117,120,116,75,35,16,18,21,22,22,22,22
119,119,119,119,121,120,119,118,118,119,118,116,116,120,122,96,51,20,19,22,23,22,23,24
120,119,119,120,122,122,121,120,119,119,119,118,118,121,124,112,69,30,19,23,23,23,24,25
119,119,118,118,121,123,123,121,120,120,121,120,120,121,123,121,88,45,20,21,23,24,24,25
118,118,117,118,121,124,124,123,121,121,122,121,120,120,122,125,104,63,25,20,23,24,25,25
118,118,117,119,122,124,124,123,122,121,122,121,119,118,120,125,117,83,36,21,22,25,25,26
119,119,119,120,123,124,123,122,121,120,120,119,118,117,118,124,126,101,52,25,23,24,25,28
118,118,119,120,122,122,122,121,119,118,118,117,117,118,118,122,128,113,72,32,22,22,25,29
118,118,118,119,120,121,121,119,117,116,116,116,117,118,119,121,127,121,93,44,24,21,24,27
119,119,119,119,120,121,120,118,116,115,115,116,117,118,119,122,125,125,108,60,30,21,23,25
121,121,121,120,120,120,119,118,116,115,116,118,118,118,120,123,124,125,117,80,40,23,22,24
123,122,121,121,120,119,118,117,116,116,117,119,119,119,122,124,123,124,122,101,55,27,21,24
122,122,121,120,119,118,118,116,115,115,118,119,121,122,124,124,124,125,127,118,73,35,20,23
122,121,121,120,119,118,117,116,114,115,117,119,120,123,125,123,123,124,127,125,91,49,23,21
122,121,121,120,119,118,116,115,114,114,116,118,120,123,124,123,122,122,123,126,106,64,30,21
123,122,120,119,119,117,116,114,113,113,115,117,120,122,124,124,124,121,120,123,112,76,38,23
