4,11,18,21,21,21,15,10,7,4,3,2,1,1,1,1,2,2,1,0,0,0,0,0
4,7,10,14,18,18,15,13,11,9,10,8,7,6,6,4,6,7,5,2,1,1,0,0
3,3,4,9,21,28,31,30,27,26,26,22,20,21,22,17,15,14,10,3,1,1,3,6
1,1,1,10,28,45,52,49,43,41,38,29,27,33,42,35,26,18,10,4,1,2,9,20
1,1,5,16,36,55,59,52,43,38,29,19,19,33,51,49,37,20,7,3,2,2,13,31
2,5,15,30,45,55,48,36,27,21,14,10,19,37,50,55,50,32,11,3,2,2,7,18
10,23,44,61,70,73,60,40,22,11,6,7,24,45,52,58,60,44,17,4,2,1,3,7
24,49,89,117,119,118,97,63,31,14,9,10,26,48,53,52,53,42,18,5,2,2,2,3
30,58,109,145,141,137,113,76,42,25,20,17,27,45,50,39,33,27,17,6,2,2,3,3
14,29,65,91,86,80,68,53,40,35,30,27,34,47,46,27,15,16,18,8,3,2,2,3
4,9,27,44,47,49,46,41,37,36,34,32,39,49,42,22,13,15,19,7,3,2,2,1
1,3,15,34,47,53,51,46,42,37,30,27,35,46,44,33,27,24,18,6,2,2,2,2
8,8,26,59,91,99,98,92,77,50,26,16,24,39,45,43,43,37,21,7,3,2,7,12
18,17,39,87,141,151,154,144,114,66,26,12,19,37,49,54,61,52,27,10,3,3,12,27
19,17,37,85,140,153,156,138,103,68,42,35,45,61,71,86,95,75,32,11,5,4,14,31
17,16,43,94,145,153,154,145,133,128,115,113,121,131,131,149,154,119,54,20,13,12,15,20
59,61,87,131,165,161,159,159,161,165,155,152,158,161,153,175,191,168,110,65,41,26,18,15
126,126,140,160,173,165,160,160,162,167,160,157,160,163,156,174,194,193,165,127,83,44,19,11
175,172,168,166,164,161,156,149,147,153,155,149,149,152,151,156,161,168,171,157,108,53,15,4
167,165,167,169,165,158,155,150,147,149,148,133,117,111,112,110,101,95,98,97,68,33,9,1
104,103,117,133,130,115,113,109,100,93,85,72,57,47,44,46,44,40,38,38,28,14,5,3
37,37,54,74,76,63,65,62,51,44,41,36,30,28,30,37,48,61,65,47,25,11,7,9
3,3,16,32,39,40,53,57,53,56,57,55,60,73,84,89,107,131,136,88,38,14,10,10
3,5,14,25,34,51,76,93,103,114,109,102,115,141,155,152,167,188,180,108,43,13,7,5
