129,133,136,133,125,120,128,133,138,155,186,178,154,117,53,22,55,118,161,145,98,65,53,52
119,119,117,111,101,92,92,88,88,110,164,167,135,87,41,20,42,86,116,101,64,38,27,27
86,81,75,70,64,56,52,46,44,58,105,115,87,47,29,17,24,43,59,52,33,22,21,24
53,43,35,32,33,30,27,26,25,30,58,65,47,23,21,18,25,40,51,47,37,41,53,61
50,37,24,19,22,21,22,21,25,43,75,76,55,33,21,23,55,94,111,95,79,87,105,113
65,53,41,37,41,44,45,43,53,93,142,143,112,70,31,31,73,122,145,126,113,116,121,119
98,91,84,82,84,85,85,82,95,138,169,164,139,101,48,53,74,96,113,118,119,119,113,103
114,110,108,107,109,109,110,110,124,159,174,161,143,117,64,63,65,69,86,113,116,115,109,99
107,106,105,105,107,108,111,122,145,173,182,166,149,128,82,60,49,58,88,123,116,114,115,109
100,98,97,97,98,97,104,132,170,195,201,187,165,142,112,62,33,50,99,130,118,115,120,120
100,99,96,95,96,97,102,122,147,164,169,164,150,137,136,88,47,51,95,119,111,110,120,128
101,99,98,97,98,99,101,104,110,116,117,115,115,124,141,102,57,57,98,120,118,116,119,126
100,99,99,99,99,100,99,95,92,91,88,88,100,122,133,91,58,67,107,127,129,126,125,125
99,99,99,99,99,98,96,95,95,93,88,92,111,131,121,69,52,77,116,129,133,134,133,130
97,98,98,99,100,98,95,95,95,93,90,96,117,136,116,61,49,80,120,129,131,131,132,133
93,94,95,97,99,99,99,98,96,94,91,91,105,126,127,84,55,67,107,126,130,128,128,131
92,92,94,96,98,99,100,100,97,95,95,91,94,109,131,108,65,56,93,122,130,128,128,130
95,95,95,96,97,98,99,99,98,96,96,91,90,103,129,113,70,58,94,122,129,130,130,129
98,98,97,96,96,96,97,97,97,94,92,91,98,111,122,94,68,75,110,127,129,130,130,128
98,97,96,95,94,94,95,95,92,87,89,99,111,113,96,72,76,100,125,130,130,130,131,130
97,97,97,95,94,93,94,93,90,89,102,115,109,86,70,81,102,121,129,130,130,131,132,133
95,97,97,94,93,92,92,92,95,106,120,111,84,64,77,105,123,130,131,130,130,130,132,133
95,96,95,93,92,91,89,94,108,125,119,85,62,72,106,126,132,131,130,130,130,130,130,131
97,95,93,93,93,90,87,98,120,133,98,58,60,99,129,132,130,129,129,130,131,131,130,129
