89,62,57,85,121,133,136,134,129,128,133,135,134,131,130,128,127,127,127,125,126,129,131,132
73,51,58,93,125,132,135,135,132,131,133,134,133,131,131,129,129,129,127,125,125,128,131,131
71,49,56,92,125,130,132,132,132,133,133,133,133,134,133,131,131,131,128,124,124,127,129,130
96,67,57,80,117,128,130,129,129,133,133,132,134,136,135,132,131,131,129,125,124,125,128,130
131,96,61,64,105,126,130,128,129,133,132,132,134,136,135,131,130,130,130,127,126,125,127,129
136,102,66,66,106,126,130,130,131,131,133,133,133,133,132,130,130,130,130,130,128,127,127,128
107,81,68,85,118,128,130,130,130,131,134,134,133,131,130,130,130,130,130,132,131,129,128,129
75,70,83,108,127,129,130,131,130,131,133,134,132,130,130,130,130,130,130,132,132,131,130,132
71,85,107,125,130,130,131,132,132,132,132,132,132,132,131,130,129,129,130,131,132,131,131,132
103,115,126,131,130,129,130,132,133,133,132,132,133,134,133,131,129,130,131,129,130,130,128,126
129,130,131,130,130,130,130,130,131,131,131,132,133,132,131,130,129,129,130,128,128,127,126,123
134,132,130,128,127,129,130,129,126,126,127,126,125,124,125,124,125,128,129,129,127,126,125,125
131,130,130,129,129,133,134,133,130,131,133,131,128,126,126,125,122,116,115,123,125,126,126,126
127,128,132,137,141,140,138,137,138,142,146,147,147,145,145,143,126,104,94,112,122,126,126,126
124,125,134,148,157,145,131,129,136,141,147,157,168,177,176,169,141,106,90,111,122,125,126,126
122,122,129,143,156,139,115,110,122,133,139,148,160,168,160,147,131,117,112,123,127,127,127,128
122,121,127,140,155,144,125,120,128,135,137,138,140,140,135,130,126,125,126,128,128,128,128,129
126,125,127,136,148,145,137,134,135,134,134,132,127,124,124,127,129,129,127,125,126,127,127,127
129,127,127,131,135,134,132,129,127,126,130,132,131,131,132,135,138,136,131,127,126,125,125,126
105,111,121,129,133,129,119,113,114,125,135,137,138,138,139,145,151,155,155,151,141,130,124,125
77,79,96,119,129,111,93,94,110,124,123,121,118,115,115,120,131,152,176,186,169,145,132,133
94,80,77,95,118,94,74,85,113,121,111,105,101,100,105,112,123,146,176,187,170,149,137,137
125,101,74,76,109,96,72,81,114,128,119,114,114,118,125,128,130,140,154,157,148,140,135,134
133,116,82,74,112,115,80,76,110,143,143,143,148,155,155,147,139,132,128,127,127,130,132,131
