81,80,79,78,78,77,77,77,78,77,77,78,79,78,80,104,143,156,132,106,92,67,40,28
82,81,79,79,79,78,77,77,77,76,77,79,79,79,89,124,151,146,117,99,80,55,35,32
83,81,80,79,80,79,77,76,76,77,79,79,79,88,116,145,146,125,98,80,58,40,31,32
82,81,79,79,79,79,78,77,76,77,79,78,85,109,145,147,126,101,81,56,38,31,29,27
79,78,78,77,78,79,78,78,77,78,76,77,99,135,155,127,104,85,63,35,28,30,28,21
79,78,77,77,77,79,79,78,78,78,75,81,112,148,141,109,93,77,49,29,30,31,28,23
80,79,78,77,77,77,77,77,76,76,73,83,118,153,135,103,92,76,46,28,30,32,27,22
79,78,77,76,75,75,75,75,74,75,72,79,113,152,143,109,94,81,55,31,28,30,29,24
77,77,76,74,73,74,74,74,74,74,71,72,99,141,157,123,100,89,72,44,29,28,31,30
76,77,76,74,73,74,75,75,75,75,72,68,82,119,160,145,114,96,89,67,42,32,33,34
78,78,77,75,75,75,76,75,75,75,76,72,75,97,144,162,137,109,98,90,66,43,32,32
78,78,77,76,75,76,77,76,75,75,78,77,74,82,120,164,159,128,104,101,84,54,33,31
76,76,76,76,75,77,77,76,75,75,77,78,75,76,98,151,167,143,107,101,90,61,36,30
75,76,76,76,76,77,77,77,76,74,74,78,77,75,83,131,162,147,106,97,90,67,40,29
76,76,77,77,77,78,78,78,76,73,76,79,78,74,76,119,153,144,103,93,91,73,46,27
72,73,74,74,73,74,76,76,74,73,75,76,75,73,76,122,157,145,102,91,87,68,41,23
66,67,67,67,67,68,70,71,71,70,72,73,73,73,78,121,157,149,108,90,73,49,25,15
54,55,57,58,58,59,62,64,66,66,68,68,67,68,74,105,136,141,122,109,89,59,30,14
36,37,41,44,45,46,47,51,56,59,61,58,55,57,63,75,95,114,125,133,133,113,70,29
13,14,19,23,25,24,25,28,35,42,48,50,52,53,51,47,54,70,88,105,142,161,125,59
7,7,9,10,11,11,10,11,13,18,27,41,55,61,52,38,37,50,68,84,133,164,133,63
5,5,5,6,7,7,6,5,7,14,27,44,58,59,49,40,42,52,67,88,139,160,125,68
4,5,4,4,6,6,8,14,22,31,41,50,53,51,47,50,59,66,73,92,139,158,135,98
3,4,4,3,3,5,13,28,43,51,54,50,45,46,53,63,74,78,75,81,120,157,163,141
