181,182,180,176,175,177,186,209,235,244,229,199,177,169,166,167,171,166,134,71,52,52,53,49
156,155,154,156,164,172,185,208,233,240,226,198,177,170,168,167,170,163,131,70,49,47,47,44
122,110,101,103,116,129,156,193,223,230,218,193,176,172,170,169,170,161,128,70,48,45,45,45
102,80,60,55,63,76,118,170,209,217,210,184,163,157,159,163,167,159,129,74,54,50,52,53
104,82,60,48,47,55,102,158,195,203,205,175,137,114,119,133,148,152,130,81,63,60,61,62
104,86,68,59,59,70,120,165,182,179,186,175,129,74,62,71,98,126,128,85,68,64,64,63
106,89,73,65,66,85,136,169,171,162,161,160,129,76,48,46,75,113,125,80,62,58,57,56
107,90,75,68,71,98,148,169,159,148,140,140,122,85,55,46,73,111,121,74,58,55,56,56
107,90,75,69,74,110,157,168,149,136,126,122,109,85,61,54,78,112,120,75,61,61,63,63
106,89,74,69,78,120,164,170,147,129,119,113,100,79,60,54,79,112,122,80,67,66,68,68
104,86,71,69,83,125,164,167,144,125,114,104,90,72,58,54,78,112,121,81,69,68,69,70
104,85,68,67,86,130,167,172,155,139,129,116,95,72,58,54,77,110,121,82,70,69,71,71
104,84,67,68,89,139,177,183,167,155,147,132,107,77,60,53,75,108,119,82,71,69,67,62
114,96,84,87,106,155,191,193,175,165,159,146,124,99,79,65,83,113,120,84,73,68,58,46
151,138,134,141,152,177,193,193,183,176,171,161,153,146,131,111,122,139,134,91,75,65,51,36
190,178,165,165,180,169,163,175,185,168,153,166,177,169,158,166,173,178,167,113,79,60,46,34
191,175,156,152,164,143,132,148,163,145,129,147,160,152,142,164,172,178,176,128,79,49,35,29
166,148,134,135,142,124,118,130,140,128,119,131,140,135,125,142,151,159,163,135,79,43,30,29
139,125,125,136,139,125,117,123,129,122,120,128,138,138,125,126,136,145,146,136,87,51,37,37
118,116,128,144,143,130,113,109,111,102,103,114,128,130,111,99,119,139,140,135,102,68,49,48
113,110,116,122,116,115,103,97,95,82,82,93,112,123,111,97,115,135,134,129,111,79,54,49
120,114,108,97,81,85,85,88,86,73,70,79,97,112,109,98,113,131,130,121,116,87,58,49
133,125,109,85,62,65,77,86,84,71,66,72,84,94,94,89,108,128,129,111,116,92,60,48
144,135,115,86,62,67,84,91,82,69,65,70,75,75,74,74,100,126,128,105,114,94,61,45
