121,119,121,126,132,133,129,118,100,78,66,86,115,137,149,151,160,159,134,93,70,57,53,57
127,124,124,126,129,131,130,121,100,68,53,73,106,132,143,143,140,131,112,83,65,55,52,56
136,133,130,128,129,129,129,120,94,52,37,50,82,117,134,134,114,92,78,67,59,52,51,55
139,136,132,129,127,125,127,118,89,46,35,47,80,116,132,126,95,64,52,56,56,52,51,56
133,130,126,123,121,122,125,117,93,60,58,87,125,150,145,123,86,55,46,56,64,57,51,56
130,130,128,122,115,115,118,115,105,91,99,136,174,188,169,130,87,57,53,68,88,76,55,53
133,135,135,132,127,124,124,122,120,119,126,145,168,183,179,143,93,57,52,63,90,91,71,55
138,140,142,141,139,136,134,133,133,136,138,142,151,165,178,162,114,71,58,63,84,98,90,68
143,144,146,145,143,141,139,139,141,143,142,142,143,150,168,177,143,98,74,74,83,100,104,90
149,150,149,145,139,137,138,139,140,140,142,144,139,135,148,178,165,125,90,86,89,101,110,110
148,148,146,139,132,134,136,136,135,136,134,129,117,109,124,168,177,148,107,96,97,104,114,125
144,143,141,138,137,143,146,146,146,142,124,108,98,95,109,154,177,161,121,100,98,101,111,125
134,134,133,135,142,152,156,156,155,146,115,95,89,92,101,138,169,166,131,103,98,98,106,119
130,131,132,135,146,156,158,157,155,144,110,93,91,95,98,124,158,166,138,108,99,97,102,112
146,148,150,151,154,155,154,155,154,142,108,92,92,97,98,113,146,162,143,113,100,97,100,105
151,154,156,157,156,154,153,154,153,140,106,92,92,96,98,107,137,156,145,117,101,96,99,102
146,148,149,152,153,154,152,153,152,139,105,91,91,96,97,103,128,149,146,122,103,96,98,99
136,137,141,146,152,153,152,153,152,139,104,90,91,95,97,100,121,144,149,128,106,97,97,97
125,128,137,147,154,153,152,154,154,139,103,90,91,95,96,97,117,141,152,133,110,98,95,95
117,122,135,150,159,159,158,158,154,138,103,89,90,94,95,96,112,136,153,139,116,100,94,94
116,121,136,154,163,161,161,160,154,137,103,89,90,94,95,96,107,131,153,145,122,102,94,94
122,127,141,155,161,159,158,157,153,136,103,90,91,94,95,96,103,125,152,149,127,106,95,94
135,140,148,154,156,156,154,154,150,135,104,91,92,95,95,96,100,121,150,152,132,109,96,94
147,151,153,153,153,154,153,152,149,134,104,91,92,96,96,97,98,117,148,154,136,112,96,93
