40,37,36,39,53,101,141,155,151,150,152,156,163,171,174,176,178,180,181,182,182,181,181,181
37,35,35,39,53,99,140,154,151,150,150,154,161,169,173,175,178,179,180,180,181,180,180,180
34,33,34,38,51,95,135,151,149,149,149,152,158,165,171,175,177,178,178,178,179,179,179,179
33,33,34,37,51,93,132,148,148,148,149,152,157,164,170,174,177,178,178,178,179,180,180,180
34,33,34,37,52,97,136,151,150,149,151,154,160,166,171,174,178,180,179,180,181,181,181,181
33,34,34,37,53,100,140,155,153,152,152,155,161,168,172,174,178,180,181,180,181,182,182,181
33,34,34,37,53,101,142,158,155,153,154,156,162,168,173,175,178,180,181,180,180,180,180,180
33,34,34,37,53,101,142,158,155,154,154,156,161,168,174,176,178,180,181,181,180,180,180,179
33,34,34,38,54,102,142,157,155,154,155,157,161,168,173,176,178,180,181,181,180,180,180,180
32,33,35,38,54,104,143,157,154,154,155,157,161,167,172,176,179,180,180,180,180,179,178,179
33,33,34,38,55,104,144,158,155,154,154,156,161,168,172,175,179,181,180,178,178,178,178,178
33,33,34,38,54,104,144,158,155,154,154,155,161,168,172,176,180,181,180,179,178,178,179,180
32,33,34,38,54,103,142,156,154,153,154,155,161,168,173,176,180,182,181,179,178,178,181,188
31,32,33,37,53,101,139,153,151,151,152,155,160,167,173,177,180,182,182,180,179,179,184,194
31,32,33,35,52,100,138,151,149,149,151,154,159,166,172,177,180,181,182,181,180,180,181,181
29,31,31,34,51,101,139,152,150,151,151,153,158,165,170,174,177,180,181,182,178,173,160,144
28,30,30,34,51,102,139,152,150,149,149,153,161,169,173,176,179,181,179,162,136,117,100,85
28,29,30,33,50,103,141,154,152,153,158,169,181,190,193,194,193,188,172,132,94,80,77,73
27,27,28,32,49,103,142,154,152,160,174,192,205,211,212,209,198,181,154,107,82,92,110,112
25,26,27,29,45,95,130,139,137,147,164,175,180,181,178,166,143,127,121,97,85,95,107,104
23,24,24,26,34,58,75,76,72,78,86,90,91,90,87,78,79,95,105,69,51,50,54,53
20,20,21,23,27,37,40,42,42,38,39,39,40,42,42,48,72,99,100,56,50,47,49,58
21,20,20,23,30,45,44,54,62,41,31,29,31,35,41,68,102,117,97,61,71,69,70,86
25,24,22,26,41,67,67,85,98,58,38,34,35,38,48,90,124,123,93,68,83,78,73,90
