208,173,113,62,45,39,34,34,36,36,36,38,39,40,41,42,42,43,44,44,45,46,48,47
177,154,109,66,47,38,32,32,35,34,32,33,34,34,35,36,37,38,39,38,38,40,41,40
124,116,94,68,51,42,36,36,38,36,34,36,38,37,38,39,41,42,42,39,39,40,42,41
89,87,78,68,67,75,64,51,43,41,42,45,47,47,48,50,52,52,51,48,47,49,51,51
97,86,70,68,95,137,117,74,46,45,53,60,60,56,57,60,60,58,56,55,55,58,60,60
106,89,68,70,112,169,142,84,44,49,81,107,99,68,61,71,70,62,56,56,56,59,62,62
114,97,74,71,102,143,119,74,46,52,106,159,149,94,79,119,119,88,59,57,57,60,63,61
141,123,95,83,99,115,103,78,59,61,106,163,158,106,98,163,161,109,62,57,58,60,62,61
150,139,122,110,108,104,101,91,80,85,104,131,127,102,113,177,166,109,63,58,58,60,61,61
97,113,137,141,111,91,89,87,93,123,131,116,99,98,124,161,137,89,63,59,58,60,61,61
77,96,132,143,104,78,72,72,85,116,128,111,98,102,117,132,118,93,74,62,59,62,63,63
80,79,95,108,93,78,72,71,78,95,106,96,87,89,99,104,99,88,75,61,60,63,64,63
86,71,69,80,87,84,79,74,74,83,95,94,87,85,89,87,83,78,70,60,60,63,64,63
91,77,72,78,87,90,87,75,66,76,95,102,100,95,91,82,79,77,69,60,60,63,64,62
108,92,82,83,90,103,102,78,52,56,79,93,98,97,94,85,92,95,82,62,60,62,64,63
103,91,83,86,97,118,124,93,53,49,63,72,78,83,85,79,93,103,91,65,60,62,62,61
95,87,82,85,97,110,111,87,57,52,58,61,66,74,77,72,82,89,81,65,61,63,63,60
88,85,79,78,85,89,84,72,61,59,61,62,69,81,85,74,72,72,68,64,64,65,64,62
83,81,74,67,66,67,64,62,61,60,64,69,81,98,105,88,73,67,65,64,65,66,65,61
72,71,69,63,55,51,53,55,54,52,61,73,90,108,118,99,78,67,66,65,66,67,64,58
69,68,70,69,59,46,45,49,50,51,69,86,95,97,101,92,83,74,68,67,68,68,64,56
68,66,74,78,66,48,43,46,50,54,82,99,96,83,81,84,88,82,70,66,67,68,63,54
63,62,75,84,68,48,42,44,49,55,84,99,90,73,74,88,102,98,79,68,68,70,66,56
55,56,74,85,65,46,40,42,46,53,74,86,81,71,79,101,122,118,91,73,71,73,70,63
