108,110,120,126,118,110,104,103,120,159,187,202,216,231,245,250,239,203,159,142,134,129,125,122
106,107,116,124,118,110,104,104,120,158,187,206,220,232,240,244,232,201,161,144,132,126,122,121
117,116,122,127,119,110,104,104,121,161,191,209,211,202,190,188,184,176,163,146,131,123,121,121
131,130,133,132,119,109,103,104,123,168,196,203,183,145,111,104,115,142,164,145,128,120,120,122
131,133,137,133,118,108,103,104,127,177,198,185,144,92,50,41,69,126,169,141,123,119,120,121
114,117,124,127,117,108,103,104,127,178,189,166,126,84,47,35,66,129,177,142,123,118,119,118
106,108,118,124,118,109,103,103,125,173,183,158,122,85,49,35,66,133,187,153,130,121,119,116
101,103,114,123,119,108,103,103,124,173,182,157,122,87,49,34,65,134,191,161,133,122,119,113
97,99,111,122,118,109,103,104,126,176,186,159,122,86,49,34,63,128,184,157,129,119,117,111
96,98,110,121,119,110,105,105,127,178,189,161,123,86,48,33,58,117,169,144,121,115,115,112
98,100,111,121,117,108,103,105,129,182,193,163,122,84,45,31,56,116,170,148,121,111,111,110
99,101,112,121,116,107,102,103,128,183,193,161,119,82,46,31,56,120,182,167,131,113,110,109
98,100,111,120,116,107,101,102,126,177,189,158,116,80,46,31,53,109,164,158,131,115,110,108
96,98,110,119,115,106,101,102,123,171,183,153,112,76,43,30,46,85,120,121,117,113,109,107
94,97,109,118,113,104,99,101,122,168,179,147,106,71,39,28,42,73,100,103,108,110,109,106
93,96,108,117,110,101,98,100,118,156,159,128,93,68,48,44,62,95,123,120,115,113,111,109
93,96,106,113,107,100,97,98,107,125,122,104,87,78,73,76,89,109,127,124,117,113,112,111
92,94,103,108,102,96,94,94,95,98,93,85,82,83,83,86,90,97,103,101,96,94,95,97
86,88,95,99,92,88,87,86,87,88,84,77,75,76,69,63,60,63,66,62,56,55,58,62
74,76,80,83,79,77,79,81,85,88,84,75,75,78,59,40,32,34,38,33,25,21,22,24
71,71,73,76,75,76,80,84,88,92,90,84,91,98,71,40,25,24,25,23,17,13,12,12
71,70,71,72,72,73,76,79,81,84,82,75,80,87,64,37,25,22,23,21,16,13,12,11
73,73,73,72,71,71,72,73,74,76,71,62,63,67,52,33,24,23,23,20,16,14,13,12
76,76,76,76,75,74,74,74,75,77,71,63,65,68,52,32,22,21,21,19,16,14,13,12
