180,181,181,182,183,184,184,184,185,187,186,186,186,187,192,190,173,149,131,122,123,140,161,174
180,181,182,183,183,184,184,184,185,187,187,187,187,189,194,187,160,130,111,106,108,120,138,152
180,181,182,183,183,183,184,184,185,187,188,189,190,191,191,171,134,103,89,89,91,99,111,120
181,181,182,183,183,183,183,183,185,187,188,191,193,190,176,142,103,78,71,73,76,83,91,97
181,181,182,183,183,183,183,183,184,186,187,191,191,179,146,109,80,64,58,58,61,70,81,88
181,181,182,183,183,183,183,183,184,185,189,189,178,150,111,89,79,73,68,65,59,62,73,83
182,182,182,183,184,184,184,185,185,186,189,176,149,118,98,91,93,94,89,82,70,63,68,78
182,182,183,184,185,186,186,186,187,188,187,160,125,104,105,104,108,108,102,92,79,65,62,71
182,182,183,185,186,187,187,188,189,191,182,147,116,107,116,114,114,111,103,92,81,65,58,65
182,183,184,185,186,187,188,188,190,191,174,141,118,113,115,112,111,109,100,85,75,63,57,61
182,183,185,186,186,187,187,188,190,189,167,136,116,113,114,112,107,99,88,71,63,58,58,64
183,184,185,186,186,187,187,188,189,185,158,127,112,115,119,116,102,85,73,63,59,57,61,69
184,184,185,185,186,186,187,187,188,181,151,117,103,110,117,110,90,72,68,73,71,65,64,72
184,184,184,184,185,186,187,188,187,179,146,107,88,93,103,96,77,66,73,92,88,74,68,73
184,184,184,184,184,186,188,190,190,180,144,98,70,69,84,91,80,71,77,90,87,75,69,71
185,185,184,182,183,187,190,193,194,185,147,109,83,77,88,103,97,86,80,80,90,89,80,74
184,185,184,183,184,189,193,197,198,184,139,108,96,97,100,105,102,98,97,90,105,105,91,79
184,185,185,185,187,190,187,186,182,164,119,93,94,106,104,98,95,101,112,109,115,107,91,83
185,187,187,187,188,180,162,146,137,128,99,82,87,101,96,87,83,92,111,122,114,95,85,92
186,187,189,188,178,148,111,86,81,95,99,99,102,101,85,78,72,78,98,122,111,89,92,119
187,189,192,183,153,109,85,71,70,91,114,122,117,102,82,81,72,71,90,125,114,93,102,138
190,191,190,174,136,102,98,89,77,88,118,130,118,96,84,95,86,77,92,128,113,91,98,131
185,179,169,153,132,124,129,113,84,80,113,131,119,97,97,117,103,85,93,123,103,82,89,117
175,158,137,128,135,148,148,122,86,75,107,134,130,110,115,136,112,84,89,114,92,74,85,113
