32,28,28,47,95,155,161,170,190,192,189,188,181,169,162,151,147,158,162,105,48,33,42,47
29,26,28,53,112,178,185,184,192,193,191,186,180,173,165,156,147,149,147,95,46,34,43,47
28,26,29,59,127,200,209,200,198,200,195,185,178,174,168,162,145,133,123,79,42,35,44,47
29,28,30,60,132,207,220,210,204,204,195,184,177,173,169,163,145,131,119,76,41,35,44,48
29,29,31,59,129,204,219,212,206,199,191,185,180,175,169,159,150,151,147,96,47,35,43,48
27,29,32,57,121,199,221,216,207,202,193,186,183,178,167,155,149,159,163,108,50,34,43,47
26,29,33,53,105,172,192,200,209,208,197,189,184,177,167,153,147,161,168,110,52,35,43,46
26,31,34,54,104,169,183,192,205,205,195,187,182,177,169,156,147,153,154,101,50,37,44,46
29,32,35,58,118,190,204,200,199,197,190,184,180,177,169,159,145,137,128,85,46,38,45,47
30,34,37,62,130,206,223,211,198,196,188,187,183,173,163,156,139,125,110,73,43,38,45,48
32,35,37,63,131,205,218,207,199,197,192,191,184,172,164,155,151,152,143,92,49,39,44,47
35,35,36,60,126,201,216,206,199,201,196,188,181,175,167,158,155,163,163,105,52,38,44,47
33,34,35,55,113,185,203,200,200,205,198,187,180,177,171,160,154,165,169,109,52,37,44,47
29,32,34,51,103,170,184,188,199,205,196,188,183,178,172,160,153,161,161,101,49,35,43,45
30,33,34,55,112,180,186,181,188,195,193,186,181,178,171,162,150,145,135,84,40,32,40,43
33,36,36,59,126,200,204,177,160,173,174,172,170,168,162,156,140,125,111,70,36,30,38,41
36,37,36,59,128,209,224,199,177,189,194,190,182,172,157,138,131,135,130,78,38,29,36,39
40,38,34,51,108,183,211,202,190,200,206,204,197,187,168,137,142,166,165,93,41,28,35,37
45,41,34,39,70,121,146,149,148,158,164,168,174,177,166,143,156,181,173,95,40,26,31,34
47,44,40,37,39,48,52,52,54,63,65,70,82,94,97,93,113,134,126,71,33,23,26,28
48,46,45,43,40,34,26,22,21,24,24,26,29,33,35,37,48,58,57,38,24,21,22,22
49,49,49,49,45,35,25,19,17,15,16,16,15,15,13,15,18,20,22,19,18,18,18,17
50,51,53,52,45,33,25,21,19,16,17,17,16,14,13,13,13,12,13,13,14,15,15,14
49,52,55,53,43,29,22,19,18,16,15,15,13,10,10,10,10,10,9,11,13,13,11,11
