42,40,36,34,38,47,51,51,51,52,55,68,76,75,71,71,73,75,77,80,79,78,78,79
41,38,33,29,33,44,49,48,47,46,50,65,75,75,72,72,74,76,78,80,81,79,79,80
41,38,32,28,32,42,45,43,39,37,44,63,75,76,74,74,75,77,79,81,81,80,79,80
41,41,37,33,35,41,41,39,36,34,43,63,76,77,75,75,75,77,80,82,82,80,80,81
41,44,44,42,41,43,43,41,41,42,50,67,78,78,75,75,75,77,80,83,82,81,80,81
52,53,54,53,52,52,49,48,49,52,58,70,79,79,75,77,78,78,80,82,83,82,81,82
60,59,59,59,57,54,52,50,50,53,59,70,78,79,75,77,78,79,81,81,83,83,82,82
63,60,60,61,58,54,52,49,47,50,58,70,78,79,76,77,79,80,81,81,83,84,83,83
67,64,62,61,58,56,54,50,47,50,59,71,79,80,77,77,78,79,81,82,84,84,84,84
78,72,64,59,60,62,60,57,55,57,63,72,79,80,77,77,77,78,80,83,84,83,84,85
82,76,65,57,55,57,61,63,65,66,69,75,79,79,76,77,77,78,81,83,83,83,83,84
76,71,62,54,51,52,60,68,74,75,76,79,80,79,77,77,79,80,82,84,83,83,83,83
68,64,58,52,49,51,59,70,77,80,81,81,80,79,77,78,80,81,83,83,83,83,83,82
61,59,55,51,49,52,60,70,78,81,82,81,79,78,77,78,79,81,83,83,83,84,84,83
52,54,54,52,48,51,61,72,79,82,83,82,80,79,77,78,79,81,83,83,84,85,84,83
54,57,56,51,47,49,61,73,80,83,83,83,82,79,77,77,78,80,82,82,83,84,85,84
70,80,79,62,46,47,61,75,82,83,84,84,83,80,77,77,79,82,84,84,84,85,85,84
77,96,104,85,52,45,59,75,83,84,85,84,83,80,78,78,80,83,86,85,85,85,84,83
64,85,109,107,69,46,56,73,84,85,86,85,83,81,79,79,81,83,85,86,86,85,83,81
50,61,91,112,96,59,59,74,86,87,88,87,85,82,81,80,80,82,85,86,86,86,85,84
62,65,83,107,114,84,70,72,79,81,81,81,79,76,73,72,71,73,78,81,81,79,79,81
74,73,80,98,116,102,81,69,69,71,71,72,71,68,65,69,75,78,76,75,74,72,74,79
82,82,85,95,111,115,95,76,68,70,71,74,75,73,72,86,102,104,89,76,73,72,79,89
89,91,94,100,112,124,111,91,79,78,82,88,91,89,91,113,135,134,108,84,78,81,92,106
