27,27,26,23,22,32,57,81,94,94,93,92,92,92,90,88,83,69,49,37,33,32,34,35
25,25,24,22,22,31,57,80,92,91,90,89,88,86,83,80,75,63,47,37,33,32,34,35
22,22,21,20,21,30,55,79,90,89,89,88,87,85,81,77,70,60,45,35,32,31,33,35
21,20,20,19,20,30,55,78,90,90,91,91,91,90,86,80,73,61,45,34,30,30,32,35
22,22,22,21,20,31,56,80,93,93,93,94,96,95,92,86,78,63,45,32,28,28,31,34
27,28,28,24,22,31,56,81,94,92,90,89,90,90,86,82,74,61,43,30,26,27,31,33
34,35,33,27,22,30,54,79,90,86,80,77,75,72,69,67,63,54,40,29,26,27,30,32
35,37,34,27,21,29,52,74,84,79,72,66,60,54,52,54,53,48,38,30,27,27,29,31
36,36,32,24,20,28,50,70,80,75,68,59,50,42,42,46,48,45,37,31,27,26,27,29
45,42,33,24,20,27,48,68,77,73,66,56,44,36,36,43,47,44,37,31,28,26,27,28
53,48,41,31,24,26,46,66,74,69,61,49,37,30,32,39,44,43,36,29,28,28,28,30
54,50,46,41,33,32,46,63,70,65,55,44,33,27,30,37,43,42,35,28,26,27,30,31
56,54,57,60,57,53,58,66,68,61,51,40,31,27,31,38,42,40,34,26,24,26,29,31
62,62,69,81,86,83,79,76,71,62,51,40,33,31,36,41,42,40,35,28,25,26,29,31
65,66,74,88,98,97,92,85,78,69,55,43,37,37,41,44,44,42,40,38,36,33,34,37
62,62,69,80,87,87,84,80,75,68,56,45,38,37,37,38,39,42,45,48,49,47,46,47
56,58,65,72,75,76,74,72,70,66,57,47,39,35,34,32,33,35,39,42,44,43,42,42
54,58,65,71,72,73,73,72,71,67,60,51,42,35,31,28,28,29,31,31,31,31,31,31
52,57,65,72,73,75,76,75,72,68,61,52,42,34,29,25,25,28,30,28,28,29,29,29
43,46,52,59,63,64,63,61,58,54,48,40,32,27,23,20,23,31,38,40,42,43,42,41
29,30,35,40,43,44,42,39,37,34,31,26,22,18,16,16,23,33,42,49,55,57,59,63
21,21,24,29,32,31,29,26,24,24,23,21,18,16,14,14,22,33,41,45,50,54,58,64
20,20,24,28,31,30,27,25,24,24,24,22,20,18,16,16,23,32,37,36,39,42,45,47
22,23,28,33,37,36,33,30,29,30,29,25,22,21,19,19,24,32,35,32,34,37,35,31
