73,72,72,73,73,74,75,75,75,76,75,79,88,92,84,77,77,80,82,84,85,87,88,89
74,73,73,73,73,74,74,74,74,75,74,79,87,90,82,75,76,79,82,83,84,85,86,87
75,75,74,74,74,75,75,75,74,73,72,78,86,87,78,74,76,79,81,82,83,84,85,85
78,77,76,76,76,76,77,76,75,73,72,79,86,85,77,76,79,81,82,82,83,84,84,84
79,78,77,77,77,78,79,79,78,75,74,81,86,84,79,81,83,84,84,84,84,84,84,83
80,79,78,77,77,79,80,81,81,78,75,81,85,84,82,86,88,88,88,87,87,86,85,85
82,81,79,78,79,80,82,83,82,78,74,78,81,82,85,89,91,92,92,92,91,90,90,89
84,83,82,81,83,84,86,86,83,77,73,75,79,82,88,92,94,94,95,95,95,95,95,95
85,85,84,85,87,89,89,88,84,76,70,72,77,83,90,94,95,95,96,97,98,98,98,99
85,85,85,87,89,91,91,89,83,74,69,71,78,86,91,95,95,95,96,97,98,98,99,100
83,84,85,86,88,90,90,88,82,73,68,72,81,87,90,93,94,94,95,96,97,98,99,99
81,81,82,84,86,86,86,84,79,72,67,73,81,86,88,90,92,93,93,95,96,97,98,98
79,79,79,81,82,82,81,80,76,71,68,73,79,83,85,87,88,89,90,92,94,95,96,96
76,76,76,77,78,78,78,76,74,70,70,73,76,79,81,83,85,86,87,89,90,92,93,94
73,73,73,74,75,76,76,74,72,70,71,71,73,74,76,79,82,83,84,85,86,87,89,90
71,71,71,71,73,74,73,72,70,69,69,67,67,68,70,74,77,79,80,81,82,84,85,86
67,67,68,69,70,71,71,70,69,68,67,63,62,64,69,71,72,74,76,76,78,80,82,82
62,63,64,66,66,67,67,67,68,69,68,63,61,66,72,72,70,70,72,73,75,77,78,78
58,59,60,62,62,62,63,65,68,72,72,67,66,72,79,76,71,69,71,72,73,74,75,76
54,55,57,58,58,58,59,61,65,71,74,71,72,78,83,78,72,69,70,71,73,74,74,74
52,52,54,55,55,56,56,57,60,66,73,74,76,80,81,74,68,67,69,70,71,72,73,73
50,51,51,52,53,54,54,53,55,61,70,75,77,79,76,68,63,63,66,67,69,70,71,72
49,49,49,50,51,52,52,51,52,58,67,73,76,76,70,62,58,59,61,63,65,67,69,70
48,48,48,49,50,52,51,50,51,57,65,71,74,74,67,61,57,56,58,60,62,64,66,68
