144,142,128,102,77,69,99,126,125,100,89,119,141,134,117,96,68,67,104,151,162,158,146,134
135,133,120,99,78,76,106,130,126,100,85,106,126,124,112,93,66,65,103,145,149,141,129,119
128,124,112,93,79,88,122,142,133,107,86,93,108,113,103,86,68,74,108,135,133,125,120,117
126,120,106,88,77,99,139,157,146,122,98,93,99,101,91,79,80,95,117,125,120,118,123,129
126,119,104,84,74,104,147,165,155,135,116,105,96,85,74,78,99,119,123,113,108,114,127,138
125,119,104,85,78,106,139,150,140,126,112,92,71,54,52,81,113,126,115,97,93,108,129,143
130,121,107,98,101,119,134,138,133,126,112,86,58,41,47,89,119,124,107,86,86,110,135,143
131,118,111,113,121,125,128,132,137,136,120,92,62,44,53,98,122,120,104,87,87,106,126,130
125,114,115,124,124,118,118,130,144,145,126,100,70,52,64,107,126,121,108,95,92,100,110,113
112,111,118,123,113,102,109,127,143,140,120,94,68,54,71,113,130,126,114,103,100,102,105,106
92,105,120,122,106,96,111,130,138,132,114,89,64,54,72,118,137,134,124,116,112,107,102,101
64,93,122,127,108,96,104,115,122,122,109,87,66,56,70,119,145,148,143,134,125,115,105,101
46,87,128,140,124,109,106,109,115,119,107,89,69,57,64,114,149,161,157,148,138,125,113,107
40,86,135,157,147,133,125,123,125,121,109,91,71,55,54,101,145,165,162,154,147,136,123,114
34,81,138,170,168,156,148,144,138,124,109,90,69,50,42,81,132,162,162,154,152,146,133,120
26,72,135,175,174,166,162,157,145,128,111,93,71,49,37,59,112,155,164,160,160,155,142,128
19,60,125,171,173,169,166,158,144,128,113,96,74,51,38,42,83,131,159,162,164,160,147,132
29,62,121,168,175,173,168,158,143,129,117,100,78,55,41,31,54,100,144,155,160,159,148,134
61,82,127,167,178,178,172,161,146,132,121,102,80,58,39,23,31,71,123,142,151,152,145,136
97,111,137,161,173,175,167,153,140,127,112,94,74,52,30,16,19,55,111,139,142,138,136,135
108,121,137,148,152,149,136,117,99,86,74,62,49,34,19,10,13,47,104,134,131,125,125,127
119,128,135,139,139,134,122,101,78,58,42,30,22,16,9,6,20,60,110,124,114,107,108,113
129,130,128,128,131,133,128,111,84,55,32,17,8,4,4,7,37,83,118,112,99,90,92,102
132,126,117,115,124,137,139,126,100,66,39,21,9,2,2,10,52,98,119,106,91,80,85,104
