135,130,109,74,38,12,2,0,9,41,104,129,133,131,117,100,89,90,101,104,86,73,64,55
129,123,105,75,40,14,3,6,25,60,111,130,133,132,118,99,81,74,77,78,70,65,58,48
115,110,95,71,40,18,17,38,70,99,123,128,128,129,124,110,89,69,56,47,43,42,39,31
102,97,83,61,40,35,54,87,118,131,130,124,120,122,128,127,112,86,58,36,24,20,17,13
93,86,71,54,47,71,109,134,140,135,126,117,111,113,123,138,134,114,83,53,28,13,6,3
80,76,65,60,76,115,141,147,143,135,116,100,95,104,124,142,147,135,107,74,42,18,5,0
75,72,70,83,117,145,151,147,142,133,105,83,82,106,141,153,154,142,117,83,54,27,9,1
67,68,82,112,147,159,155,148,142,130,100,77,76,100,138,150,149,138,115,82,58,35,15,3
52,64,97,135,161,164,161,155,146,130,104,83,76,87,114,131,133,125,108,80,57,38,20,5
36,61,108,150,166,168,170,166,154,135,112,93,83,84,96,111,114,109,99,79,54,37,21,6
33,55,106,156,174,177,178,173,160,144,127,111,101,99,100,107,105,98,88,70,49,36,22,7
39,48,90,144,174,178,179,174,163,154,142,129,118,111,105,105,99,89,78,62,44,33,21,7
50,47,71,120,166,176,178,172,164,159,154,142,129,117,108,104,96,84,71,55,41,30,18,5
60,50,55,92,150,172,176,169,162,160,158,147,133,119,108,104,96,82,67,51,39,28,15,3
58,51,45,68,125,160,169,165,160,156,153,143,133,123,109,102,94,82,67,53,40,25,11,2
55,53,44,54,101,150,162,160,156,154,150,141,130,120,110,102,94,83,68,51,36,20,9,5
57,53,41,41,76,135,156,156,152,149,146,138,127,117,111,106,99,87,68,47,28,17,16,23
57,51,38,32,52,113,145,152,149,147,146,141,130,118,112,108,99,82,59,39,28,31,46,62
52,48,38,28,35,85,128,147,146,146,147,147,138,122,112,105,90,68,47,40,48,69,93,109
47,43,35,25,26,59,111,138,139,140,143,144,136,122,110,97,76,57,53,71,98,119,131,133
45,40,33,23,20,42,94,126,131,131,129,126,118,108,95,81,66,65,88,121,143,149,147,143
40,37,30,20,14,30,77,112,123,119,114,107,100,91,76,63,65,89,127,154,165,164,157,153
37,34,27,19,20,42,83,116,127,117,108,94,81,69,51,45,73,117,154,168,172,169,162,154
39,35,24,20,36,73,112,137,141,126,110,88,66,45,28,33,80,134,165,174,176,172,158,144
