54,66,105,137,134,121,114,98,78,70,80,123,149,143,129,120,115,110,102,90,82,94,118,137
39,53,88,118,118,115,110,97,80,72,90,128,148,140,129,118,109,103,96,86,81,89,109,128
21,32,55,77,88,94,95,88,76,70,103,135,146,138,129,117,105,97,91,84,81,84,98,114
11,17,28,43,60,70,76,70,61,67,118,144,147,140,134,122,108,99,93,87,82,83,91,103
16,21,32,45,57,66,69,56,45,70,132,156,154,146,144,132,119,109,102,95,89,88,93,98
36,46,66,87,99,104,97,77,64,87,140,162,160,152,149,144,136,126,117,106,101,99,100,100
64,72,94,119,133,139,132,112,98,109,147,166,162,149,145,144,141,137,131,121,117,115,112,108
81,88,110,135,147,154,148,130,116,123,151,168,163,146,138,139,138,136,136,132,128,125,120,113
83,92,119,144,147,150,143,125,111,122,149,167,166,151,137,134,130,128,131,134,129,122,114,107
80,93,124,147,142,139,131,112,96,108,143,165,170,163,147,131,121,117,119,126,120,107,94,87
80,85,100,113,115,124,118,99,84,92,135,160,170,168,154,136,117,105,104,110,105,92,81,78
85,84,86,93,102,115,109,91,75,77,123,150,161,163,155,147,131,114,103,99,92,84,77,73
97,94,95,100,104,106,99,83,65,63,110,142,155,155,149,150,144,131,118,108,100,93,84,75
110,112,118,120,111,97,88,73,56,52,95,136,156,152,142,144,144,141,136,129,120,111,97,83
117,126,134,130,113,92,78,65,52,46,73,125,156,153,143,138,134,135,140,137,129,119,106,94
122,131,132,123,109,94,77,60,46,37,52,105,144,150,147,138,131,129,129,126,121,112,106,106
129,130,124,113,102,90,73,57,43,34,40,87,131,149,146,139,135,127,119,118,112,105,102,104
114,108,101,95,87,80,67,54,48,51,61,96,131,145,136,135,135,128,116,113,107,101,97,94
71,68,65,64,62,61,56,55,64,88,108,128,141,140,126,128,131,127,117,109,105,101,94,86
33,33,34,34,34,32,40,62,94,123,133,137,141,142,138,136,130,122,112,105,100,98,92,84
15,16,16,16,16,21,44,79,113,129,131,129,129,133,137,145,143,124,98,89,89,90,88,86
9,8,7,7,9,20,54,92,119,124,120,111,109,116,127,140,145,132,103,79,66,65,69,70
13,10,6,4,8,24,59,97,120,117,106,93,94,112,131,138,143,139,120,84,52,39,37,37
21,16,8,3,8,25,58,97,121,115,96,82,91,123,152,149,145,143,131,95,56,27,12,9
