12,13,13,14,15,18,27,35,57,102,130,144,146,145,152,142,135,127,119,119,118,105,87,77
11,11,12,14,17,20,26,33,49,88,127,146,150,147,148,141,136,127,117,115,116,109,96,86
9,9,12,18,26,25,26,29,40,68,114,141,150,150,146,139,131,121,110,106,109,110,105,97
8,8,11,20,31,27,25,26,32,49,91,127,145,150,148,137,126,114,102,97,101,107,107,99
8,8,10,16,22,20,20,23,25,31,62,104,133,144,147,138,127,114,100,93,95,101,101,94
9,8,8,10,12,14,18,22,24,28,46,77,111,135,140,137,128,116,104,96,95,103,105,98
8,8,9,11,13,15,19,25,35,53,71,87,104,119,124,124,123,115,104,98,95,101,102,93
8,9,12,15,18,20,24,37,60,89,106,112,116,117,111,103,102,102,98,97,96,97,93,85
7,10,14,18,21,23,31,55,88,114,123,129,132,128,113,89,78,78,83,88,96,95,88,83
7,9,12,15,18,22,38,69,101,113,114,124,134,136,128,102,74,58,58,70,91,95,90,90
5,6,8,11,14,23,46,77,100,100,97,107,117,124,129,116,90,62,46,45,59,69,75,80
3,4,5,7,12,30,59,86,97,88,91,114,125,121,122,119,99,70,46,34,31,33,40,47
1,2,3,5,14,40,75,97,96,82,90,126,140,124,116,118,104,77,51,34,21,13,12,15
0,1,1,4,16,51,93,110,99,80,86,119,136,125,116,118,105,81,55,38,25,12,4,1
0,0,0,3,19,68,114,128,110,85,75,85,101,113,117,116,103,81,57,41,31,17,6,1
0,0,0,3,22,81,131,146,129,106,89,88,100,116,120,117,103,80,55,38,27,16,7,5
0,0,0,3,22,82,137,160,154,140,118,111,117,124,121,112,99,78,54,39,28,22,28,40
3,4,5,8,21,66,120,154,164,160,141,133,132,129,118,107,96,78,56,42,41,53,75,93
20,22,23,23,26,45,83,119,141,148,141,137,134,127,115,105,95,80,62,55,74,105,129,136
57,62,60,52,44,38,44,60,82,105,117,124,123,118,111,102,90,78,75,94,127,148,148,135
95,96,91,82,72,55,44,38,40,51,66,78,88,95,95,90,74,70,94,138,155,153,137,118
120,119,112,102,93,74,57,43,33,28,31,36,44,53,56,53,49,72,124,164,160,143,123,108
133,129,120,112,106,88,69,54,43,32,23,18,17,18,18,16,30,81,147,170,153,132,113,101
136,129,121,116,111,97,76,58,48,41,31,22,14,8,5,4,28,87,153,166,146,127,108,92
