31,30,23,12,4,1,2,10,32,77,127,145,138,124,121,117,111,100,84,74,72,63,43,24
31,28,21,13,5,2,6,26,62,107,139,146,135,121,117,114,107,100,91,78,74,66,50,34
37,30,20,11,5,9,30,66,105,131,142,140,129,116,110,103,99,98,97,88,82,74,62,50
36,28,18,10,11,33,73,110,131,134,133,128,120,110,103,93,93,98,100,99,93,87,78,67
22,18,13,12,27,76,118,135,131,124,121,119,111,101,96,91,95,100,103,105,102,101,96,86
13,11,9,20,56,113,138,139,131,123,121,121,110,93,88,92,96,99,104,108,110,114,114,107
8,7,12,39,94,135,142,136,130,129,124,118,103,85,80,85,90,96,106,116,120,121,120,115
5,5,21,64,123,145,144,137,134,135,124,110,92,76,70,77,90,106,120,126,129,126,119,112
3,7,39,92,140,148,146,142,139,136,122,102,82,69,62,73,100,128,142,137,132,124,113,104
2,15,64,121,148,149,143,141,140,132,120,100,82,70,63,72,109,146,159,141,125,114,103,95
4,24,85,143,156,152,144,137,130,120,109,97,86,75,68,73,97,123,133,123,112,102,93,86
8,33,95,149,157,155,145,139,136,125,108,97,89,81,76,78,90,105,113,110,106,100,93,89
11,38,97,146,152,159,153,150,148,136,116,101,92,87,85,86,90,97,105,105,106,100,94,93
12,38,94,142,149,161,163,163,159,147,130,110,97,92,94,94,96,100,105,106,105,99,93,91
11,32,90,144,156,161,163,166,167,159,146,125,106,98,102,104,107,110,110,108,102,96,89,81
11,28,84,142,160,166,169,169,168,164,155,137,123,118,117,111,110,113,113,107,97,89,79,69
11,23,78,142,170,176,176,173,169,166,159,148,138,132,122,113,113,113,108,100,89,81,71,58
12,18,68,134,173,175,177,176,172,168,164,152,143,137,124,116,114,110,101,89,82,77,69,57
14,14,53,117,166,164,171,175,172,168,167,151,141,139,128,121,111,104,97,82,81,78,70,62
12,10,40,98,155,164,170,169,163,160,162,152,146,143,127,118,105,97,95,81,80,78,70,60
10,8,29,81,146,168,168,158,150,156,157,157,153,145,134,119,108,99,93,92,81,77,73,66
9,6,20,64,131,164,168,158,151,157,153,156,152,141,139,122,111,103,96,99,91,80,70,63
10,7,14,49,113,156,169,167,162,159,152,152,146,137,139,125,109,99,97,97,93,80,65,55
12,9,12,41,102,151,169,174,172,162,155,149,142,136,134,128,103,88,94,92,83,76,65,50
