74,76,79,81,78,70,71,102,149,179,178,165,149,135,127,118,114,117,124,133,142,148,146,140
88,87,86,85,81,71,69,98,146,180,178,165,149,135,124,116,109,107,115,127,138,145,145,142
109,104,97,89,81,69,62,86,133,172,170,157,143,129,116,107,98,94,99,114,129,138,141,141
122,115,103,92,80,68,54,70,113,155,157,148,136,123,107,96,86,82,86,103,120,131,136,137
119,113,103,92,80,69,52,60,99,143,150,144,133,119,102,87,77,75,81,100,119,130,131,130
117,111,103,93,81,70,50,62,106,148,148,140,130,118,99,81,70,67,75,100,123,129,126,123
120,114,105,94,80,65,49,69,116,151,149,139,129,116,97,80,71,69,73,90,105,112,113,112
121,115,104,89,70,53,43,71,122,152,149,138,128,118,100,83,75,72,72,79,86,94,100,102
123,118,104,83,60,43,39,72,124,152,149,138,131,124,108,92,81,75,72,75,78,85,93,96
134,130,114,88,63,49,45,77,129,155,152,146,138,128,116,102,90,82,79,80,80,86,91,93
150,150,133,108,86,68,60,89,137,157,154,149,142,134,125,111,99,92,90,91,92,98,101,98
159,159,144,124,109,87,82,110,149,161,158,150,144,140,135,122,113,108,106,101,104,111,112,105
164,162,148,132,120,97,102,133,164,169,165,158,151,146,143,132,123,119,116,112,115,119,116,108
171,165,150,134,121,98,114,148,175,177,172,168,162,154,149,140,130,123,122,121,122,121,116,110
181,171,157,141,122,99,117,151,175,176,175,170,167,165,158,149,138,131,128,124,124,122,120,120
190,181,167,149,126,107,121,153,178,178,169,169,170,168,163,158,144,134,132,123,124,126,123,116
189,182,169,151,131,113,121,150,177,177,172,171,171,170,165,161,147,139,141,131,125,125,120,110
179,176,165,148,131,113,116,144,173,177,173,171,172,172,167,161,151,146,146,137,129,124,116,104
165,166,159,145,129,110,111,137,168,177,167,167,170,170,170,163,159,153,143,136,131,127,117,105
153,157,158,153,142,122,113,128,154,163,159,160,158,158,167,162,162,154,139,137,127,128,128,121
151,161,174,180,174,151,122,111,114,114,118,129,138,143,150,153,154,150,144,145,134,133,134,129
157,168,180,184,176,153,122,99,82,68,69,86,105,119,123,131,130,133,145,153,142,136,134,130
144,154,163,163,154,140,124,107,85,57,43,49,66,82,92,103,108,121,142,150,143,136,132,130
111,121,135,141,134,132,134,131,113,77,49,35,36,50,68,82,101,124,142,139,140,138,134,132
