44,56,102,152,166,152,167,172,157,144,141,143,135,113,87,91,93,85,78,89,74,62,60,63
42,50,87,133,154,147,160,162,153,149,153,151,138,116,98,96,92,83,78,85,75,69,63,56
38,40,72,119,151,146,156,156,148,150,157,153,143,132,121,108,102,97,91,87,82,78,71,62
35,34,61,109,151,150,158,155,142,143,151,148,146,147,138,124,121,119,109,103,95,84,75,74
38,37,52,89,137,155,163,153,136,132,146,142,142,149,142,136,139,133,119,125,113,89,75,79
43,42,43,67,122,158,164,156,145,139,146,129,123,139,151,137,145,146,126,118,117,104,84,72
38,37,33,52,110,157,161,155,150,142,137,126,122,131,145,126,130,136,123,105,110,117,103,77
33,32,26,37,81,136,147,149,153,148,139,134,128,125,127,118,120,123,114,100,103,113,110,94
35,32,24,24,51,111,137,147,152,151,145,140,135,126,112,114,120,117,105,100,101,103,103,104
40,37,32,33,53,112,148,155,146,139,138,135,137,137,118,108,114,115,102,96,102,102,96,90
43,52,69,84,94,131,150,144,123,111,124,140,145,135,121,108,106,109,109,95,92,93,91,84
80,95,116,129,132,149,149,140,130,121,120,131,130,119,121,123,107,98,104,104,99,88,76,70
110,125,139,144,142,147,145,143,143,139,130,129,124,115,117,122,108,97,99,102,100,88,72,63
119,131,137,134,130,133,139,143,144,144,148,143,137,127,105,99,99,102,101,90,91,91,82,68
130,133,132,129,127,125,126,130,133,136,151,155,149,130,92,76,80,92,99,88,88,91,85,70
122,125,126,123,117,110,111,116,123,127,141,151,151,135,105,83,68,60,60,69,88,91,78,63
119,116,116,113,103,89,92,103,115,121,128,139,147,143,127,102,73,49,36,41,55,57,50,44
120,115,109,102,90,76,85,107,129,139,135,137,143,148,142,119,88,58,34,23,20,19,19,21
123,121,109,93,82,74,91,122,154,169,156,144,142,145,142,125,99,69,42,22,9,4,3,3
131,131,113,88,78,72,86,114,142,158,149,140,136,137,134,120,93,66,44,23,9,2,0,0
154,143,119,97,86,76,79,91,106,115,119,123,130,131,122,116,99,76,51,29,13,4,0,0
172,150,125,106,95,85,78,78,83,90,104,120,129,124,109,104,93,73,49,30,14,4,0,0
175,155,134,116,102,93,86,84,85,90,109,122,123,112,100,93,83,65,44,30,15,5,4,8
166,160,145,125,106,96,96,99,100,101,120,120,110,101,99,92,82,64,44,33,16,7,11,22
