8,11,13,10,6,5,17,53,96,118,122,131,122,102,101,103,97,83,69,70,66,62,63,66
9,11,12,10,7,5,13,43,86,119,125,125,118,108,99,93,88,74,57,53,47,44,53,69
11,12,11,8,7,11,26,49,77,109,132,134,127,120,109,88,72,56,39,30,24,26,48,79
14,13,11,9,15,39,71,85,86,102,140,150,137,121,115,96,73,54,40,24,16,19,47,87
15,18,19,23,42,93,135,136,114,114,145,154,131,100,103,113,102,82,65,41,28,23,44,80
21,33,49,70,97,137,163,151,124,121,140,138,117,96,96,115,110,93,75,54,40,32,39,56
63,81,106,128,143,152,152,138,123,126,143,135,109,88,92,103,103,90,68,51,43,35,31,34
127,139,152,157,155,149,135,118,111,125,133,129,112,95,98,98,95,84,67,53,48,40,30,26
171,170,168,162,150,137,125,111,107,122,117,118,117,109,103,97,89,81,73,61,56,49,38,30
158,153,161,168,155,122,118,121,124,125,113,111,114,110,93,92,83,76,76,66,63,58,49,38
150,148,151,152,143,133,120,117,119,115,109,110,118,118,97,94,86,77,72,64,68,68,57,43
157,153,144,137,139,140,123,120,129,129,129,118,115,115,102,98,86,76,71,64,70,66,53,40
164,154,137,129,135,130,123,128,139,143,147,134,124,122,118,108,91,79,75,67,69,60,48,42
163,147,131,125,125,112,119,131,139,142,149,145,140,138,134,119,101,91,85,73,69,59,50,52
156,142,128,118,110,106,111,124,134,132,136,136,139,141,131,121,114,107,97,85,75,62,56,60
148,138,123,110,100,95,95,104,112,109,114,128,144,151,144,147,137,116,94,85,70,59,58,64
124,124,115,102,92,89,91,99,105,101,101,124,148,157,157,160,145,120,98,83,63,56,58,60
100,104,101,91,85,85,93,107,116,111,106,122,139,148,159,162,148,125,102,80,63,59,56,50
89,88,85,82,80,82,96,122,143,139,128,122,121,130,153,159,151,131,103,79,72,65,54,42
87,84,81,81,83,81,101,145,184,181,154,128,118,128,148,152,141,125,109,85,78,68,54,46
92,87,79,72,71,78,103,152,195,196,161,132,124,129,131,135,126,115,106,86,69,55,48,48
86,82,76,71,69,76,95,131,166,170,143,123,124,132,124,125,122,112,96,80,62,50,48,50
78,79,78,75,72,74,83,102,123,132,123,119,125,133,130,129,127,115,94,81,64,54,49,47
78,84,84,78,72,71,75,85,99,111,118,128,132,131,139,139,131,118,104,93,73,58,47,40
