94,87,72,56,46,43,55,86,128,165,181,179,170,166,170,177,173,160,147,145,143,135,130,133
96,91,78,61,48,42,52,83,128,166,178,174,163,157,161,166,159,145,134,133,130,123,119,123
97,96,87,71,54,44,51,81,125,161,170,164,151,140,139,141,135,123,113,113,111,104,100,104
95,97,92,78,62,53,60,86,122,150,156,151,140,128,121,121,119,111,101,103,102,95,91,96
89,91,87,79,70,72,84,102,121,137,141,138,133,128,124,121,122,116,106,110,113,107,103,108
82,80,78,80,87,102,117,124,127,134,136,132,129,131,133,126,126,123,117,125,129,125,119,120
84,82,88,103,122,136,142,141,137,135,132,129,128,130,133,129,130,129,127,134,135,134,130,123
97,99,112,133,150,153,150,147,146,140,132,132,133,132,135,139,141,138,134,137,136,139,134,120
117,122,136,150,155,149,139,139,143,140,134,135,136,135,140,150,154,151,145,141,139,140,132,117
134,137,142,144,140,132,121,119,125,128,128,128,129,132,138,149,159,164,161,153,146,138,129,123
146,144,139,133,131,127,116,113,115,116,118,119,121,125,130,143,160,170,170,160,150,136,130,134
149,143,132,123,123,123,113,107,107,107,108,112,115,118,124,139,155,164,164,160,155,140,126,123
147,140,127,118,117,117,109,102,100,100,100,105,109,113,123,140,152,156,154,148,150,142,124,110
141,136,125,116,113,110,104,98,96,95,95,98,104,113,127,143,150,152,149,136,137,138,126,107
131,127,120,114,111,106,98,93,92,92,92,94,102,117,135,148,147,148,152,141,130,132,127,109
120,115,111,112,114,106,94,87,87,87,89,102,124,149,166,163,147,139,145,142,124,123,122,110
113,110,109,110,112,104,90,82,83,86,94,120,155,182,188,170,143,132,142,149,129,123,121,108
115,112,109,108,105,97,85,80,81,87,102,134,169,189,182,156,133,128,142,148,128,126,125,110
120,117,111,105,99,91,84,80,82,90,108,134,156,164,151,129,117,124,140,140,120,123,126,112
118,118,115,108,102,94,88,84,85,90,104,119,129,129,118,108,105,120,141,141,121,115,112,102
120,120,118,115,109,101,95,90,88,90,96,101,103,102,96,96,99,113,131,130,109,106,105,94
138,133,127,120,113,103,96,90,86,87,92,94,93,91,90,91,96,109,123,119,109,114,114,101
149,143,135,127,117,105,95,88,84,86,94,96,94,92,93,96,105,117,125,115,120,127,120,103
143,140,138,133,122,108,97,89,86,90,99,100,96,95,98,106,121,134,136,117,128,131,113,89
