65,58,47,39,42,57,93,135,167,181,178,170,161,159,166,172,168,156,141,135,137,136,128,120
71,63,50,41,41,55,91,133,166,179,174,164,154,149,153,159,154,141,127,122,124,122,115,107
80,72,58,46,43,55,89,129,161,172,166,156,143,133,130,134,132,123,111,106,108,106,99,91
86,78,65,54,52,64,92,125,150,157,154,146,135,123,115,115,118,115,104,97,101,101,94,85
82,76,69,67,72,85,103,123,137,140,140,136,132,128,122,118,123,122,111,102,110,114,108,96
74,74,77,87,102,116,121,126,133,137,135,129,129,134,135,126,126,126,119,112,124,130,124,114
84,91,104,119,131,137,134,132,134,135,132,127,128,133,136,126,125,127,125,123,135,138,133,128
112,122,138,149,152,150,146,143,138,132,130,129,129,130,133,131,133,134,131,130,137,137,135,139
143,150,159,162,155,148,150,150,143,131,131,135,134,131,135,143,148,145,139,135,136,134,137,145
155,156,154,149,139,129,136,144,143,136,136,139,138,136,142,152,157,155,151,146,143,140,141,145
147,145,142,135,127,115,119,125,127,129,127,128,129,132,136,147,157,165,167,160,153,147,140,133
133,133,133,130,122,111,113,115,117,120,119,121,123,126,130,141,155,168,175,168,159,151,138,126
122,122,126,127,120,109,109,110,110,111,112,117,119,118,124,136,151,165,172,167,163,157,142,126
116,116,120,123,117,106,103,104,103,102,105,112,114,113,121,135,149,158,161,158,158,159,150,132
114,115,117,117,113,104,100,98,96,96,99,105,109,113,125,139,150,154,153,145,137,144,147,139
117,115,112,109,104,98,96,95,95,94,96,98,103,112,125,140,149,153,154,152,133,131,139,142
112,113,112,108,101,94,91,92,93,90,91,94,103,119,136,148,149,146,148,157,139,125,128,141
107,111,115,111,100,90,87,88,89,87,92,105,125,146,163,165,153,139,137,154,144,124,119,132
108,112,116,111,97,85,82,84,85,86,101,129,161,185,192,180,156,134,129,148,147,127,115,124
109,109,109,104,93,81,79,82,86,92,114,151,183,199,195,173,147,128,127,153,155,135,124,134
105,105,102,96,87,79,79,82,88,99,123,153,177,184,172,148,129,121,127,149,141,121,119,140
106,104,99,93,86,81,80,82,88,102,122,142,155,155,141,122,112,114,128,150,139,119,117,133
111,108,103,98,91,87,85,85,89,99,112,122,127,124,113,104,101,107,125,151,141,120,111,117
116,114,110,104,97,94,92,91,92,95,101,106,107,104,96,96,98,104,119,148,137,111,99,105
