0,0,0,1,3,8,16,34,62,99,134,158,161,145,127,117,127,154,182,183,169,155,147,146
0,0,0,3,8,18,30,42,59,87,119,144,156,155,143,116,113,134,156,151,141,130,129,138
0,0,2,8,24,47,63,66,63,71,94,119,143,161,164,134,115,114,120,109,114,112,121,142
0,1,4,16,42,80,107,107,88,73,81,102,129,155,174,165,145,130,122,111,127,134,144,165
1,3,8,22,51,98,142,156,138,109,99,111,125,138,162,183,186,182,179,175,187,191,191,193
4,8,14,25,48,92,144,172,170,152,143,143,132,121,138,161,183,197,203,208,210,207,202,199
16,27,42,51,55,74,110,141,154,156,163,171,162,143,144,139,152,169,175,173,170,168,170,175
35,57,87,100,87,74,80,99,118,132,153,179,188,179,170,149,139,137,134,129,133,136,145,158
50,76,118,144,134,108,89,84,90,103,126,165,193,197,192,181,159,136,126,128,144,152,160,172
44,62,105,150,172,166,142,113,94,96,108,145,170,174,188,200,190,174,172,184,201,210,211,209
42,47,78,125,165,181,175,153,138,146,136,147,146,136,157,174,178,182,197,216,219,220,219,216
68,60,66,92,131,166,174,172,175,191,183,176,161,143,146,143,147,159,175,192,192,189,190,193
105,89,72,73,100,133,147,160,180,204,208,202,192,180,164,148,144,146,149,151,152,148,153,168
131,116,96,87,96,103,114,131,156,183,195,202,208,207,190,181,175,169,159,143,143,137,146,171
125,122,127,132,124,101,105,116,129,148,161,176,187,189,187,190,202,211,207,193,189,181,186,207
89,96,120,145,150,143,143,135,126,128,127,138,145,144,151,162,185,199,196,198,201,196,195,203
63,70,91,119,143,166,182,180,166,155,149,151,153,151,147,147,163,165,153,168,175,173,166,159
64,66,72,87,116,158,193,209,204,189,188,190,191,188,175,167,168,157,140,156,157,153,141,123
84,87,82,78,90,128,170,201,207,193,202,212,215,212,207,207,200,188,178,182,174,168,154,134
97,109,109,97,85,92,130,168,179,161,181,193,196,197,207,217,219,217,214,211,209,204,197,191
81,97,113,111,91,80,111,139,138,119,134,154,168,176,187,185,182,192,209,206,214,212,207,208
84,92,105,110,101,87,118,139,130,108,107,125,138,144,161,156,157,167,178,177,195,188,178,184
119,114,110,116,129,120,137,147,140,130,127,140,145,144,164,166,175,177,166,162,176,166,155,166
160,148,132,137,166,162,153,143,142,159,175,188,187,181,196,206,217,210,187,173,175,167,165,178
