94,89,76,58,46,53,60,64,65,66,70,82,81,65,56,53,47,39,28,15,9,6,9,15
100,98,86,65,46,44,48,54,57,59,64,79,80,64,51,48,45,39,29,16,8,5,7,11
96,99,96,84,64,48,41,41,45,46,48,61,66,55,41,39,39,36,28,16,8,4,5,7
80,86,97,102,93,70,53,44,41,38,35,42,47,43,32,30,31,30,24,14,7,4,4,6
67,69,84,102,110,96,81,67,55,44,35,38,41,39,30,26,24,23,20,13,7,4,4,6
81,70,67,76,88,89,92,88,74,56,48,49,50,46,38,30,25,21,17,12,7,4,4,5
98,83,67,60,63,65,79,84,71,51,48,51,51,47,43,38,33,28,21,14,8,4,4,5
100,96,86,72,59,51,60,64,53,37,36,39,40,39,42,43,41,36,29,19,10,5,4,5
84,97,104,96,78,62,56,49,39,27,24,23,24,27,34,41,42,40,35,25,13,6,4,5
64,81,97,102,99,94,74,55,43,36,29,22,18,19,26,33,36,36,34,27,16,8,5,5
57,64,74,85,96,100,82,64,56,50,41,32,25,22,24,28,28,28,26,21,13,7,4,3
69,66,62,62,65,69,63,59,58,54,48,42,36,32,30,27,23,20,18,14,10,6,4,3
85,81,69,56,45,40,41,46,50,49,50,48,45,42,40,33,24,18,14,11,8,6,4,3
93,96,88,70,50,37,34,35,37,40,46,48,48,48,48,41,31,22,15,11,8,6,4,3
89,100,100,86,66,50,42,38,34,31,40,45,45,44,47,43,36,28,21,14,10,7,5,4
77,83,84,84,83,65,54,49,44,32,33,36,35,33,37,38,36,30,24,17,13,9,7,5
61,62,68,78,83,62,57,63,63,44,36,34,31,27,28,29,29,27,23,17,14,11,7,6
50,48,56,68,68,49,53,68,74,55,45,42,38,30,24,20,20,20,18,15,13,11,8,6
53,48,52,56,51,40,46,60,66,57,53,55,52,42,27,17,13,13,13,12,11,12,13,14
73,67,59,53,46,41,40,43,47,49,53,59,62,55,35,20,13,11,10,11,12,22,35,44
101,94,78,61,51,45,39,35,35,37,41,49,57,55,38,23,15,12,13,20,34,64,92,102
106,103,88,71,63,53,44,39,34,28,28,34,42,44,33,22,16,17,29,54,90,121,132,125
85,85,80,74,71,61,55,49,40,29,23,23,27,29,25,19,24,40,64,97,140,156,142,119
60,59,62,67,71,66,64,58,46,34,27,21,19,19,19,18,37,71,103,122,153,156,133,111
