44,70,103,125,135,149,133,116,118,141,150,147,134,120,120,115,120,132,140,139,134,132,139,150
45,67,96,123,148,169,150,118,104,118,126,121,107,99,110,101,107,116,118,117,125,132,130,122
52,63,84,116,158,184,167,130,100,96,94,89,84,87,104,98,112,122,112,110,136,153,137,103
69,69,78,107,151,181,180,158,129,106,95,95,103,114,125,122,139,147,136,137,167,183,160,115
100,95,92,101,129,160,186,195,183,157,147,154,167,174,165,163,165,168,170,182,196,196,175,147
148,137,121,111,115,135,166,188,197,198,194,190,187,180,164,173,168,161,167,185,183,167,148,138
167,158,147,137,126,119,129,150,174,191,187,175,166,158,143,154,151,140,138,148,133,109,103,118
154,151,156,162,152,119,103,113,137,152,141,131,126,121,114,136,133,121,121,132,112,93,100,126
127,130,150,174,176,139,109,102,110,112,94,97,104,102,103,139,134,120,129,153,139,130,141,164
110,116,138,165,180,173,150,128,115,107,90,108,128,130,132,166,161,145,153,183,184,180,186,199
119,121,130,147,170,192,189,180,175,171,162,173,186,188,184,192,192,184,180,190,191,185,182,184
142,132,120,122,144,174,190,200,207,207,211,216,217,214,208,202,195,186,175,166,158,153,149,146
170,152,125,114,132,146,164,185,200,203,209,209,205,201,200,191,174,161,153,130,114,123,136,135
192,179,154,139,146,131,136,153,167,169,165,164,160,159,170,165,142,134,143,117,95,117,151,164
197,201,196,186,177,144,131,128,129,128,115,115,114,115,140,139,122,132,167,157,130,133,166,198
185,198,204,199,194,183,166,140,116,112,111,133,143,141,160,165,165,182,210,207,185,165,169,191
167,184,187,184,197,208,198,173,152,152,160,182,195,196,201,201,206,219,232,228,204,179,167,170
154,168,156,147,178,202,202,191,186,198,212,221,226,229,227,220,220,225,229,219,183,164,162,166
157,160,132,115,150,168,173,174,184,206,224,224,219,219,219,212,203,200,201,191,144,133,158,184
185,172,146,132,143,128,132,144,159,179,196,196,191,189,185,191,172,150,148,160,122,123,160,194
202,196,190,182,163,135,140,137,128,141,142,141,142,143,139,156,134,107,115,159,158,164,184,202
208,209,214,211,190,170,174,165,149,149,129,130,132,128,131,160,151,131,136,168,175,187,204,215
198,203,208,208,200,194,201,204,199,191,167,167,163,153,165,194,199,190,184,184,179,188,203,211
180,188,191,190,191,191,205,222,230,226,215,209,199,191,204,225,233,229,218,201,188,183,184,185
