95,82,62,53,66,87,109,131,140,127,106,106,105,87,59,37,19,8,5,6,9,10,8,7
103,92,71,58,66,89,112,127,129,114,96,102,106,91,63,45,26,12,6,6,8,9,8,6
115,109,92,79,84,93,102,112,115,103,90,101,109,96,68,53,36,20,11,7,7,7,7,6
115,112,105,102,105,92,83,91,105,106,100,110,116,104,78,63,47,31,19,10,7,6,6,5
100,94,96,106,111,89,76,84,104,119,123,125,125,116,96,74,57,44,31,17,9,6,5,4
107,97,94,101,109,113,110,102,102,119,134,134,128,121,107,81,63,53,44,28,14,6,4,3
112,111,106,99,101,134,145,126,106,124,144,143,134,125,112,86,67,60,56,40,19,7,3,2
102,111,114,107,105,140,157,143,124,135,150,147,135,123,112,92,75,67,64,46,25,10,3,2
85,98,112,120,124,137,151,151,141,137,147,144,129,112,106,99,86,74,66,50,33,17,6,2
81,89,106,126,141,133,144,151,140,119,136,143,126,100,97,101,89,75,67,57,46,29,12,3
84,86,90,100,116,111,124,138,136,123,149,162,145,116,110,104,81,63,62,65,59,41,20,6
64,68,76,89,104,103,124,141,143,142,171,171,150,133,140,123,90,68,67,68,59,44,25,10
54,59,75,97,112,110,129,146,155,166,182,166,146,145,161,132,99,85,88,77,57,42,30,17
66,68,86,111,126,119,130,149,167,180,178,159,150,159,163,125,99,102,115,96,63,46,36,25
81,83,96,115,126,122,134,156,176,178,171,172,181,182,157,114,99,112,129,114,80,59,47,37
84,87,99,115,125,125,139,155,160,153,162,183,193,178,139,121,129,141,134,102,73,58,49,42
78,84,97,109,112,121,146,154,148,157,173,181,171,146,121,125,140,145,127,89,64,51,43,37
68,75,87,97,101,119,146,144,136,164,178,171,152,132,124,137,136,121,99,77,65,53,40,32
56,60,71,85,103,122,132,122,120,156,164,156,148,145,139,145,126,91,64,66,72,63,45,35
43,42,54,82,114,120,112,101,108,145,151,140,134,133,119,113,101,80,62,65,70,61,47,41
43,42,52,72,90,89,84,89,103,118,115,108,102,95,89,79,75,77,82,76,63,49,40,41
50,49,56,68,72,67,78,93,98,88,84,84,81,78,90,88,83,88,96,82,59,42,37,40
57,52,56,67,73,68,78,87,87,79,80,79,74,77,99,106,102,97,94,74,49,39,40,45
58,49,49,66,87,81,70,66,75,95,98,85,74,76,90,104,105,96,82,57,37,36,46,53
