97,83,74,78,93,109,87,62,52,58,67,76,63,38,30,33,38,45,49,39,34,37,40,37
83,72,68,79,101,105,76,52,49,57,67,78,71,47,28,28,31,38,46,40,36,36,36,33
67,61,60,74,95,90,60,40,40,48,59,80,88,71,40,29,25,29,39,44,42,37,29,24
56,52,52,63,81,81,61,40,31,38,54,79,96,90,59,39,29,28,33,44,48,41,28,18
56,46,44,55,73,95,87,57,32,39,59,73,81,81,71,52,45,40,34,40,49,49,37,23
90,66,51,57,79,120,120,84,48,49,61,60,57,61,68,63,60,54,45,46,52,54,45,32
109,86,59,54,84,132,125,93,68,64,63,52,42,46,64,72,68,56,44,40,43,50,50,41
100,85,65,66,101,126,103,81,76,74,72,58,43,42,62,71,65,50,35,30,33,45,51,46
71,68,70,90,120,106,71,61,72,77,87,75,56,49,61,67,64,50,34,30,34,43,49,49
47,56,78,107,122,85,52,50,67,79,102,91,67,54,60,67,77,71,51,46,48,46,47,53
53,62,80,102,115,92,65,57,71,94,122,92,55,45,56,74,100,97,66,55,51,44,44,52
76,77,83,97,109,91,72,68,86,118,129,84,42,35,50,78,104,95,58,45,39,36,38,45
84,87,97,103,95,72,65,74,98,131,130,86,46,36,48,76,95,82,48,34,28,30,37,44
82,98,121,122,86,51,54,74,100,131,131,94,59,46,53,75,87,78,54,37,28,31,43,56
101,121,142,139,103,61,56,73,102,137,130,90,56,50,63,83,91,89,78,58,40,36,53,77
117,127,131,124,109,83,64,75,113,149,126,76,43,47,72,84,87,90,91,76,53,45,63,92
135,134,121,103,90,80,67,88,135,166,139,86,50,49,70,77,81,88,91,75,52,48,78,122
156,150,127,93,66,67,73,104,147,167,150,114,77,57,65,72,79,85,83,63,48,67,116,158
176,171,144,98,59,65,84,111,135,143,146,135,101,64,61,72,78,79,73,59,59,109,164,180
173,177,156,113,75,80,92,104,113,118,129,123,90,52,49,61,64,64,68,71,96,149,179,164
151,160,152,124,94,83,84,95,108,112,126,129,97,51,42,53,53,50,55,78,120,164,183,173
134,145,148,132,98,66,60,77,99,112,140,157,128,73,51,53,47,38,44,80,126,165,182,181
133,140,148,140,107,61,52,71,99,122,159,176,150,97,65,56,43,33,42,93,138,168,175,166
141,142,148,148,126,78,69,85,111,140,169,170,144,105,74,58,43,34,51,117,161,179,165,137
