84,85,86,79,61,49,53,65,72,68,91,124,142,148,160,131,97,69,55,60,54,51,55,63
106,110,114,107,87,61,53,59,67,65,82,115,130,132,149,128,97,68,50,48,47,47,47,48
123,134,142,136,115,80,71,77,81,70,66,90,109,115,124,102,77,56,43,36,37,40,39,33
114,131,143,138,124,101,105,113,105,82,61,74,95,106,98,71,52,45,45,40,34,35,37,34
83,102,114,113,110,119,132,133,117,93,79,87,101,103,87,65,50,51,63,62,43,34,40,49
80,91,96,95,98,111,112,106,100,100,98,102,101,89,82,93,92,90,92,82,56,36,37,51
96,100,96,87,84,93,87,79,83,99,92,86,82,78,83,115,131,129,113,81,64,51,47,54
105,109,104,94,89,96,88,71,66,83,75,65,63,67,76,104,124,127,110,75,69,66,62,61
99,107,106,100,102,115,109,81,56,62,62,57,54,56,60,73,86,91,85,65,64,65,64,61
86,94,92,88,96,119,121,94,61,55,62,62,55,47,45,54,58,57,54,50,47,44,42,43
84,97,91,77,82,112,113,93,71,66,70,69,64,54,41,44,44,39,36,40,43,38,30,25
82,104,116,108,94,102,97,83,72,74,83,83,79,71,51,50,47,38,30,34,49,52,40,25
82,100,125,131,110,93,85,77,72,79,93,96,97,92,68,63,56,44,34,34,49,56,47,34
92,93,109,123,110,83,77,77,79,83,90,98,105,102,75,67,59,52,47,40,41,42,42,40
109,104,104,105,92,65,66,81,91,85,72,80,89,80,58,55,51,55,64,52,37,31,34,38
98,98,105,110,103,81,77,85,88,72,52,54,55,47,40,46,48,56,64,48,33,30,32,33
74,82,96,107,107,102,95,91,87,73,48,39,36,34,34,35,37,41,43,34,33,36,37,34
54,66,79,87,89,103,99,92,89,86,64,46,38,38,36,30,30,30,25,21,30,35,34,32
45,55,62,62,60,80,85,84,89,99,88,66,53,51,45,33,34,34,25,17,21,22,23,26
41,49,59,61,54,62,67,70,78,94,95,75,63,66,61,43,40,39,30,20,18,16,18,24
60,62,68,72,68,60,52,48,53,68,75,62,60,74,77,59,48,42,35,29,26,23,24,28
85,81,77,75,71,53,44,40,41,46,51,43,45,59,65,54,45,42,40,34,31,29,28,28
98,86,72,66,67,50,45,50,53,44,38,33,34,39,42,37,37,39,40,31,28,25,24,25
93,76,57,53,65,57,53,65,74,56,40,35,35,33,29,29,34,38,35,23,19,16,16,21
