118,118,119,119,117,117,121,129,138,148,161,172,180,184,182,173,161,153,151,153,151,148,145,143
118,118,120,121,121,120,124,129,136,145,158,169,177,181,180,171,160,153,151,152,149,143,136,132
120,122,127,132,134,133,134,134,135,140,151,161,170,176,175,168,159,153,150,147,140,129,120,114
126,131,142,152,157,155,150,143,137,135,142,152,162,169,170,165,158,152,148,141,128,115,106,102
136,145,161,176,184,179,169,154,139,132,136,146,156,164,165,161,155,149,144,136,123,113,107,106
146,158,178,197,204,200,185,163,141,129,131,141,153,161,164,158,150,144,141,137,131,128,126,126
154,167,189,209,216,210,193,167,140,125,126,137,151,161,164,157,149,145,147,149,151,153,152,150
155,169,191,210,217,210,192,165,136,119,121,133,148,158,162,158,153,154,160,167,173,176,174,170
149,161,182,200,207,199,181,154,128,115,118,130,143,153,159,162,166,172,180,187,191,192,190,186
137,148,165,181,187,179,160,138,120,112,116,128,141,153,163,174,185,195,203,206,206,205,203,200
121,129,143,156,160,152,137,122,112,110,117,134,152,167,179,191,203,212,217,219,218,215,211,207
107,112,121,130,132,126,118,109,103,105,118,144,170,187,197,202,208,211,213,215,216,211,202,194
108,107,107,108,109,109,107,102,97,101,119,150,181,199,203,202,201,200,199,200,201,194,181,170
121,114,102,94,94,102,107,105,100,102,119,150,180,196,197,191,186,183,181,181,179,171,159,150
134,123,105,89,87,101,116,119,113,108,120,145,171,185,184,173,163,159,160,162,160,155,150,147
133,126,109,90,84,96,114,120,114,104,111,133,157,172,171,157,141,130,127,132,133,136,140,143
135,128,111,91,80,86,98,105,101,91,92,108,129,145,150,146,135,125,119,120,119,116,117,122
140,131,110,87,74,76,84,90,87,78,74,82,96,109,122,134,142,144,142,137,122,102,94,100
150,138,111,84,71,75,83,87,83,74,68,68,71,79,93,115,141,164,174,167,138,105,91,102
167,152,123,96,86,90,95,94,86,77,72,69,66,65,71,85,108,138,164,171,154,131,126,141
150,134,109,94,99,115,120,109,89,73,70,72,70,63,57,55,63,87,121,145,149,152,163,179
122,108,94,94,113,134,137,118,89,71,69,73,73,66,55,44,43,59,87,109,124,148,176,192
100,94,93,102,120,134,127,104,80,71,76,81,80,72,61,48,45,55,71,83,101,136,172,190
93,96,103,113,120,118,99,76,66,74,87,94,88,76,66,55,52,58,68,77,97,133,169,189
