43,51,62,89,132,157,151,143,161,211,238,242,228,204,181,194,178,167,190,228,231,231,234,236
47,49,53,81,139,166,143,119,134,190,226,238,230,202,162,166,156,155,183,226,228,227,229,231
47,45,46,77,144,179,154,120,114,148,193,224,231,207,161,159,160,166,186,218,218,220,223,222
43,43,49,79,137,182,181,155,130,129,166,207,226,214,187,184,189,186,179,186,186,195,205,206
37,43,58,81,111,160,196,202,183,165,172,190,204,212,220,220,213,188,151,136,139,151,170,185
27,36,56,70,76,123,183,214,216,210,185,153,149,181,220,225,217,193,160,146,144,132,140,175
31,37,54,70,82,125,176,208,219,221,188,144,138,174,210,209,206,202,195,194,188,163,159,187
40,39,49,73,108,148,172,190,208,220,199,173,167,177,172,154,166,195,218,226,222,204,195,206
45,38,41,74,131,165,156,160,185,203,202,203,202,183,133,105,133,181,211,218,223,223,223,224
40,34,38,73,132,153,129,125,148,162,170,195,210,193,142,128,154,177,175,174,192,214,229,235
43,39,42,63,98,114,123,137,143,125,140,187,221,220,195,186,188,161,111,106,151,195,218,223
40,39,42,49,59,78,130,171,173,147,159,183,205,217,221,213,203,168,119,112,152,176,173,160
28,30,37,43,46,72,143,195,203,186,185,165,163,192,224,213,198,180,161,159,171,160,129,102
16,21,31,45,64,99,152,191,207,205,194,150,137,173,212,189,169,171,188,199,191,160,122,95
19,21,26,46,89,136,148,160,180,194,203,184,176,189,189,135,115,138,179,207,205,185,163,153
20,20,22,42,92,147,141,130,149,191,204,205,211,211,179,112,110,150,187,200,185,169,172,189
21,21,23,38,76,122,132,130,144,177,165,176,205,220,193,144,153,186,194,164,135,140,169,195
20,21,24,34,54,83,118,145,162,165,126,141,177,199,195,183,198,215,203,149,122,145,176,181
17,18,22,30,41,56,100,153,182,168,125,139,156,155,169,192,210,219,211,176,165,187,194,168
11,11,15,24,38,55,93,142,178,181,165,170,156,130,143,180,189,190,201,210,208,210,202,183
9,9,12,18,31,59,104,136,144,146,172,191,181,158,164,170,139,123,155,208,222,217,203,193
13,14,14,16,24,55,111,139,126,108,152,193,204,192,190,177,130,110,147,199,199,180,171,177
18,19,19,19,23,48,98,132,131,108,133,164,187,199,206,197,162,145,163,179,146,113,115,144
19,22,23,24,29,46,73,113,143,142,132,124,140,178,210,214,197,182,172,151,97,58,70,117
