40,40,45,54,66,83,100,116,131,143,147,144,139,137,139,140,140,139,137,133,126,117,107,98
41,41,45,53,66,83,101,118,133,144,146,142,139,138,141,141,140,139,137,132,123,114,105,97
42,42,45,53,68,86,103,120,134,141,141,139,139,140,142,141,140,138,135,130,121,112,103,98
44,44,48,57,73,92,107,123,135,138,137,137,140,143,144,143,141,139,134,129,121,112,104,99
46,47,52,65,83,102,116,129,138,139,136,138,142,145,147,146,146,143,136,129,124,116,107,100
50,52,60,75,95,115,129,138,143,142,140,141,143,146,149,149,149,145,136,129,124,118,109,101
56,59,70,87,107,126,139,145,146,144,142,141,141,143,146,148,148,144,136,128,123,117,109,101
61,67,80,97,116,132,144,148,147,144,141,138,137,138,142,143,144,141,135,128,123,116,106,99
66,72,85,103,120,136,146,149,147,142,139,136,135,135,137,138,138,137,134,130,123,114,103,95
68,74,87,104,122,139,149,151,148,142,139,137,136,135,134,134,134,134,133,130,123,112,100,91
67,73,87,106,126,144,153,154,151,147,144,143,141,138,136,135,134,134,133,129,121,110,99,92
67,74,91,113,133,150,158,160,157,154,152,151,148,143,140,138,137,136,135,131,124,113,102,96
69,78,97,120,141,157,165,167,164,161,159,156,152,148,145,144,143,143,142,138,131,121,110,103
74,85,105,128,149,164,171,172,170,166,162,158,154,152,151,151,152,153,152,150,142,131,119,112
81,92,113,136,156,171,176,176,173,169,163,159,157,156,158,160,162,164,164,160,150,138,126,117
87,98,119,142,161,175,180,178,174,170,166,164,163,164,166,168,171,172,171,166,155,142,129,120
91,103,123,146,164,176,181,179,175,172,172,172,172,173,173,174,175,176,175,169,158,145,133,125
93,105,125,146,164,175,180,181,178,177,179,181,182,180,177,174,173,173,174,171,162,151,139,132
94,105,124,145,161,172,178,182,183,184,187,189,188,183,176,169,165,166,170,173,169,159,147,139
92,102,120,141,158,169,177,182,186,189,192,191,187,180,171,161,158,161,170,177,177,168,153,142
91,101,118,139,158,170,177,183,188,192,193,189,182,172,163,156,156,164,173,178,179,171,155,141
92,101,119,140,158,172,180,185,188,189,188,182,173,165,158,156,162,171,177,176,175,167,153,140
93,103,121,142,160,175,184,187,186,184,180,174,167,162,160,163,171,178,181,176,171,162,151,142
94,104,123,144,162,178,187,189,185,180,174,169,165,163,165,172,179,183,183,176,170,160,151,145
