101,101,101,101,105,110,89,54,27,21,30,44,58,65,55,43,39,45,57,59,51,45,41,37
130,125,112,102,104,113,95,59,29,23,30,40,50,54,47,35,32,39,50,52,49,47,44,39
145,136,113,92,88,97,92,67,42,43,49,50,48,45,38,25,24,31,38,38,42,47,45,37
133,124,97,72,66,67,72,64,58,76,85,74,59,48,37,23,22,26,28,24,32,43,43,34
111,101,78,58,54,44,40,43,62,100,113,96,73,60,49,36,33,32,26,18,26,37,39,31
104,99,86,73,65,48,34,32,49,81,96,82,66,61,63,58,52,44,33,24,30,36,34,27
82,86,88,85,75,62,61,62,64,69,70,58,48,51,63,65,61,51,39,34,40,43,38,30
69,83,96,96,82,82,105,114,98,70,55,41,33,38,55,60,57,48,41,40,47,51,45,36
84,104,116,109,90,91,128,143,118,76,58,46,36,34,46,49,44,38,36,37,46,52,50,42
122,139,140,119,93,76,97,111,99,74,76,78,66,49,45,39,31,27,29,29,35,43,48,46
121,140,137,110,78,50,48,58,65,69,89,112,108,76,51,35,29,29,30,27,25,35,47,51
82,104,117,104,71,40,27,32,48,64,77,105,111,85,56,43,44,46,42,35,27,32,41,46
43,63,88,94,72,47,30,32,50,66,61,76,85,74,53,45,53,58,52,43,36,36,37,37
30,43,66,81,74,59,45,47,62,70,50,49,53,51,40,35,44,53,51,45,44,43,39,32
47,57,71,78,71,65,57,61,70,65,47,40,36,31,24,19,26,36,41,42,46,50,47,39
92,97,96,87,73,58,49,57,71,69,64,60,49,32,22,18,20,24,27,33,42,50,52,49
118,124,117,98,79,51,37,42,57,68,83,93,85,63,41,31,25,20,19,26,34,42,48,52
104,118,115,98,79,47,29,28,41,63,92,112,115,99,67,48,36,28,22,23,27,32,39,46
64,81,90,84,71,48,31,25,34,58,86,106,121,118,82,58,47,42,35,25,22,25,29,32
35,46,60,68,67,57,44,35,39,57,77,93,110,113,76,55,50,52,48,32,22,22,23,21
24,31,47,63,71,75,76,64,49,52,68,78,89,90,60,45,47,55,58,45,33,28,25,21
38,39,51,67,77,88,103,92,63,50,57,56,56,55,39,36,43,53,59,53,46,40,35,31
76,64,62,71,78,85,111,109,78,55,51,39,31,28,26,31,38,44,47,48,49,48,45,43
117,88,69,69,74,72,104,112,87,61,53,37,25,23,25,32,34,31,29,36,44,49,51,50
