196,184,156,134,137,142,145,133,115,111,135,151,149,132,112,89,61,39,33,51,71,68,48,31
177,164,140,127,135,140,131,113,99,104,122,134,131,117,104,89,67,48,40,50,66,64,50,40
143,129,117,118,131,134,118,95,84,96,113,127,123,103,88,81,80,80,75,65,63,62,60,60
113,99,98,111,126,130,118,101,89,93,107,124,119,93,71,68,89,116,124,98,74,64,66,69
105,91,90,104,119,127,129,125,114,100,99,110,107,85,62,59,87,132,160,140,100,70,56,53
121,109,96,91,96,105,118,130,128,107,99,102,97,77,62,66,90,126,159,163,129,80,43,31
142,131,113,100,98,106,115,118,111,93,99,109,101,79,66,74,94,117,135,140,120,80,44,32
159,149,129,113,113,121,120,110,93,78,94,108,100,75,62,73,90,100,98,90,85,72,56,49
164,154,130,111,113,124,121,106,86,69,84,98,93,73,60,69,80,79,64,45,50,62,68,66
151,138,111,87,83,99,105,98,81,67,79,93,95,85,72,69,71,65,49,32,36,53,65,66
116,114,102,88,84,94,97,91,82,79,92,105,106,90,66,58,65,71,63,43,38,44,48,44
125,129,121,107,100,104,101,95,91,91,97,105,104,85,54,46,62,80,83,66,56,54,49,41
144,140,123,105,105,118,116,103,89,83,85,91,89,72,48,46,63,78,82,85,83,75,62,49
139,124,97,83,96,126,127,103,76,65,72,79,74,60,54,60,71,71,67,91,102,90,67,51
110,94,79,80,100,118,112,88,67,67,84,86,72,57,68,84,90,79,68,89,101,80,49,34
112,113,119,124,118,105,93,81,74,81,96,94,78,66,80,93,95,82,67,72,79,63,41,30
128,137,143,135,112,90,83,82,82,83,90,85,76,73,82,89,87,72,52,48,56,58,54,52
124,129,129,117,97,79,77,84,87,80,77,71,68,71,78,81,75,58,38,33,48,65,76,78
92,93,98,101,94,77,73,80,86,79,71,61,56,59,70,75,69,53,36,37,59,79,90,93
70,81,101,114,105,81,70,73,80,79,72,57,44,44,57,70,70,59,49,53,71,82,93,109
75,78,92,107,106,86,77,76,78,79,81,69,52,45,53,68,70,62,57,62,63,61,86,130
105,94,91,97,100,87,88,90,87,81,86,79,66,58,59,66,64,57,54,58,48,40,68,123
130,113,101,99,98,88,92,97,95,84,90,87,79,71,68,61,57,53,51,51,38,28,49,91
130,120,113,110,103,89,87,92,94,85,94,93,85,76,70,55,52,56,56,47,34,25,36,60
