45,62,91,120,142,158,146,115,92,102,134,171,198,200,173,129,103,102,122,149,164,153,124,98
51,69,103,138,162,177,167,130,93,86,116,157,186,191,170,132,105,96,105,126,142,139,119,98
66,85,119,154,181,198,191,153,103,76,94,131,161,173,168,142,109,84,80,98,117,126,121,108
79,92,114,141,168,192,193,166,124,93,88,105,128,148,161,156,126,91,74,85,107,127,130,119
82,82,83,92,116,147,159,157,147,134,101,88,94,114,138,163,158,126,94,89,110,133,136,121
99,92,80,73,78,98,115,137,159,158,108,74,62,69,94,142,164,142,96,76,90,111,120,114
146,141,117,83,62,72,90,120,148,151,114,84,64,56,70,109,131,116,77,60,73,92,108,117
161,165,144,103,73,84,100,116,128,131,118,100,85,79,88,99,106,94,67,59,74,89,103,116
127,139,135,114,99,120,133,122,104,102,110,102,97,107,122,106,96,86,71,71,89,101,108,112
70,84,100,109,113,142,153,123,79,68,82,82,87,107,126,98,78,71,72,82,101,113,116,115
51,59,73,86,96,119,127,106,74,65,69,71,81,97,108,86,59,47,57,80,99,108,111,112
54,54,62,74,86,103,113,108,96,91,84,81,86,98,105,93,66,48,54,78,99,99,89,85
82,74,73,84,101,114,115,112,112,114,104,95,98,111,119,113,88,66,64,79,97,88,66,55
126,113,102,108,127,137,118,100,100,112,106,99,104,119,127,120,103,85,76,81,95,81,56,43
162,146,126,120,132,137,105,75,72,90,88,87,93,101,98,86,90,91,82,82,95,82,63,60
132,125,117,116,125,126,99,71,66,83,79,80,87,88,72,62,79,92,85,81,92,90,82,81
72,77,88,102,113,118,102,92,97,106,86,82,93,101,87,77,89,94,80,72,80,89,94,95
46,54,73,92,104,112,108,117,134,136,101,88,99,114,112,105,102,91,74,71,77,85,91,94
85,87,92,98,104,109,107,120,140,141,110,95,96,105,113,113,102,85,74,89,91,85,81,83
160,156,140,121,116,115,99,89,94,108,104,94,84,78,84,92,92,86,88,113,107,89,77,74
187,189,171,145,133,124,88,59,55,76,95,85,70,66,74,78,83,86,91,109,101,85,76,77
150,154,145,133,131,124,88,61,57,71,94,80,63,67,86,82,79,79,83,98,96,84,82,92
88,89,89,94,106,111,96,85,85,91,112,99,77,75,96,90,80,73,76,96,98,90,93,111
50,49,51,60,77,97,103,104,107,112,136,131,103,80,93,91,82,73,76,103,106,96,102,123
