66,70,79,88,97,105,104,116,136,140,105,80,82,109,144,149,119,80,60,65,93,122,122,96
64,71,81,91,101,107,110,118,129,130,108,82,75,93,125,135,115,81,54,52,80,110,114,95
81,83,86,91,100,107,112,118,127,136,123,92,71,80,112,126,118,93,66,57,79,102,109,104
114,104,88,80,90,102,110,119,134,152,148,120,94,90,114,123,124,113,93,78,85,97,110,123
146,124,88,66,77,97,107,119,137,157,170,167,145,120,118,116,125,129,116,89,80,88,112,140
150,138,108,82,84,101,104,108,118,132,171,192,164,108,84,94,118,127,106,69,60,77,105,125
150,152,142,124,115,122,114,106,108,126,169,179,137,76,57,79,107,117,102,71,63,82,101,103
151,161,170,169,157,137,109,93,97,117,148,150,115,71,61,82,102,115,114,92,80,97,113,105
162,171,189,201,190,143,94,70,76,96,115,124,118,102,94,99,105,118,130,117,106,124,141,133
180,190,205,211,198,152,95,59,55,77,96,114,134,145,131,120,111,118,135,131,137,157,169,160
190,197,197,189,179,167,136,98,83,110,134,133,144,164,158,146,132,127,131,127,136,139,136,133
157,162,158,150,154,172,172,149,129,143,161,145,143,161,164,143,128,118,106,99,109,103,96,102
102,109,112,116,133,172,191,182,163,156,153,133,129,144,147,119,114,110,91,79,91,91,88,96
64,72,83,94,113,164,191,191,171,144,116,99,104,122,121,103,117,126,107,86,95,107,113,117
77,81,83,81,90,144,178,186,164,118,78,63,78,105,113,122,152,169,151,116,107,119,136,143
137,138,130,113,106,140,171,181,163,126,105,79,79,106,126,145,178,197,180,134,107,105,114,120
185,178,165,145,125,123,141,152,149,146,157,125,106,123,149,147,163,184,182,141,107,87,79,78
202,192,172,144,110,86,95,108,124,159,198,173,140,138,153,120,115,138,155,129,103,78,60,55
192,187,163,120,74,52,60,78,108,160,210,200,167,145,136,84,67,90,118,106,96,80,68,66
175,179,165,127,84,67,72,96,131,167,202,205,183,153,130,79,61,82,112,101,93,86,85,91
173,167,157,146,135,129,132,147,161,162,160,166,162,143,121,80,70,105,150,134,101,80,80,89
172,161,160,170,184,186,192,193,174,133,104,108,115,110,100,75,75,121,176,158,107,72,65,72
151,157,175,197,211,214,220,209,169,110,78,79,84,83,88,77,75,109,158,146,98,66,56,57
117,150,191,214,215,212,213,198,160,110,93,93,87,80,95,90,72,80,113,110,79,63,59,54
