34,38,38,34,31,33,37,38,34,25,20,22,22,16,11,9,9,10,12,15,13,8,4,3
33,37,38,34,30,32,31,30,29,26,23,24,23,19,15,13,10,10,12,16,13,8,4,3
33,36,35,32,31,34,27,22,22,26,27,28,28,28,26,21,15,13,14,16,12,7,4,3
32,33,31,30,35,39,30,22,20,24,28,31,33,35,35,29,21,17,17,16,10,6,4,3
25,27,27,31,39,44,38,29,23,22,25,30,33,35,35,31,26,21,18,15,9,5,4,3
21,27,32,36,42,45,42,33,23,17,19,24,28,29,31,29,26,23,19,16,11,6,4,4
27,33,39,42,43,43,42,35,23,14,13,14,17,21,27,27,27,25,20,15,10,7,5,4
35,40,44,44,42,39,39,34,23,14,11,10,11,16,24,26,28,26,20,12,8,6,5,4
38,41,43,43,38,31,32,30,23,16,14,14,15,17,22,26,29,27,20,11,7,5,5,4
32,35,38,38,32,24,23,24,22,20,22,24,24,22,22,29,33,30,21,13,8,6,5,4
32,33,35,35,33,26,22,20,21,26,29,29,26,21,23,38,46,38,23,15,11,8,6,5
35,35,34,35,36,36,33,27,25,31,35,31,24,20,27,47,56,44,21,13,12,10,8,6
39,38,37,37,38,45,45,37,29,30,36,33,27,25,32,51,57,43,18,11,11,10,8,6
42,42,41,39,37,46,49,40,27,21,30,34,34,33,36,46,49,38,19,11,10,9,7,5
42,42,41,37,32,41,43,34,21,14,23,33,39,39,37,37,39,35,24,14,9,7,5,4
43,41,39,34,28,38,40,34,23,18,21,26,29,30,30,30,32,30,25,17,11,7,5,5
42,41,40,37,30,36,39,35,28,26,24,21,18,17,19,23,26,27,24,19,13,9,7,6
41,41,42,40,32,31,33,33,33,34,30,24,17,12,12,17,24,27,25,19,14,10,8,7
42,42,42,40,32,25,23,27,34,41,40,34,26,18,14,17,26,30,25,17,12,9,7,7
46,45,42,38,32,24,20,25,37,46,46,42,35,27,21,22,29,30,22,13,9,8,7,6
47,45,41,38,36,27,22,24,32,40,41,39,35,31,26,25,28,27,20,12,9,8,7,6
44,42,40,39,38,29,24,21,22,28,34,35,32,28,28,28,26,23,19,13,11,10,8,6
41,38,37,37,35,29,25,19,15,20,33,37,31,25,30,31,25,19,17,14,14,13,10,7
39,36,33,31,29,29,28,21,15,20,38,42,34,27,33,32,23,14,13,15,16,15,12,9
