16,15,15,16,20,25,29,32,35,37,37,34,29,23,20,19,18,17,15,14,15,17,18,19
15,13,13,14,18,23,28,32,35,36,35,32,27,23,20,19,17,15,13,13,14,15,16,17
13,13,12,13,15,18,24,30,34,34,32,30,26,22,20,18,16,14,12,11,11,12,13,14
14,14,14,14,14,15,20,27,31,32,29,27,25,23,21,18,16,14,12,10,10,10,11,12
19,19,18,16,14,15,18,23,27,28,27,25,24,24,21,20,19,17,15,12,10,10,11,12
25,25,22,17,13,14,16,19,22,24,25,25,25,24,23,23,23,21,18,14,13,12,12,13
29,29,25,21,17,16,16,17,20,22,24,24,25,25,25,25,25,23,21,19,18,17,16,15
30,30,28,25,22,20,18,20,23,25,25,24,23,25,26,27,26,25,24,24,24,23,20,17
29,30,30,29,28,27,27,29,31,31,27,23,21,23,25,27,27,26,27,28,28,26,22,17
29,29,29,30,34,38,41,41,38,33,25,20,19,20,23,25,27,27,28,29,28,24,18,13
30,29,29,33,41,50,54,49,40,29,21,16,15,16,19,23,26,28,28,28,24,18,11,7
29,29,30,36,44,51,53,47,36,25,17,13,13,13,16,19,22,23,23,21,17,12,6,3
28,28,31,36,41,45,44,39,31,22,16,13,12,12,13,14,16,16,15,14,11,7,3,1
28,29,31,33,35,36,36,33,28,23,19,16,14,13,12,12,12,11,10,9,6,4,2,0
30,30,31,32,31,32,33,32,29,26,23,20,18,15,14,12,10,9,8,7,4,1,0,0
30,29,28,28,30,32,34,34,32,29,27,24,21,18,15,12,9,8,6,5,3,1,0,0
31,28,26,25,28,32,35,35,33,30,27,25,21,17,15,11,9,7,5,4,3,1,0,0
30,27,23,22,25,29,31,30,28,26,25,23,19,16,13,11,8,6,5,4,2,1,0,0
27,24,21,20,21,22,23,22,20,20,19,18,16,13,11,9,7,6,4,3,1,0,0,0
23,21,20,19,17,17,15,14,13,13,13,12,11,9,8,7,5,4,3,2,1,0,0,0
24,22,20,18,15,13,11,9,8,7,7,7,6,6,5,4,3,2,1,1,0,0,0,1
23,21,18,15,12,10,8,6,4,3,3,3,3,3,2,2,1,1,0,0,0,0,0,1
19,17,14,11,8,6,4,3,2,1,1,1,1,1,1,1,0,0,0,0,0,0,0,0
14,12,10,7,5,3,2,1,0,0,0,0,0,0,0,0,0,0,0,0,0,0,0,0
