140,139,135,134,139,142,152,167,183,194,203,207,209,208,203,195,188,179,165,149,141,145,149,147
147,145,141,140,144,144,147,152,157,160,169,179,184,185,180,173,167,158,146,135,132,136,139,138
149,145,139,134,136,137,135,130,124,120,127,139,146,146,146,145,140,133,125,120,121,126,129,128
136,132,124,120,124,129,125,115,105,101,104,114,118,119,127,136,132,122,116,113,116,121,123,123
112,110,109,113,123,134,129,118,112,112,114,118,121,126,140,156,149,131,119,113,115,118,121,124
103,106,118,132,139,141,138,138,144,151,154,155,157,161,171,180,162,133,112,111,112,111,111,113
104,108,118,127,129,128,129,135,148,163,175,182,182,174,160,145,127,111,101,102,104,105,107,109
107,109,112,116,119,124,127,130,139,159,177,188,189,179,155,126,108,99,97,99,101,103,108,116
127,125,123,126,135,148,152,143,138,152,171,182,186,183,168,145,127,117,114,119,122,122,126,133
174,168,163,166,178,193,195,177,155,152,168,178,183,183,179,174,163,153,155,166,172,169,160,152
176,171,173,181,192,199,197,187,172,157,157,165,170,167,161,163,161,161,166,173,177,169,148,129
145,143,144,149,154,153,149,147,142,133,127,130,138,145,148,154,155,154,153,154,162,160,144,126
132,131,129,124,116,105,101,101,102,102,99,99,108,125,140,150,149,142,136,132,139,142,135,122
142,141,136,124,104,87,80,80,82,84,86,86,92,107,130,149,152,146,140,134,136,139,132,120
142,143,138,127,113,96,84,80,83,87,91,92,92,97,116,151,172,179,180,178,179,181,171,152
185,185,181,173,157,125,99,92,103,120,130,133,130,127,132,151,166,173,176,187,205,215,203,180
204,205,205,199,182,156,139,136,146,163,172,177,178,178,178,180,183,182,182,195,213,217,194,159
183,186,190,188,180,172,171,172,177,188,196,204,210,215,216,210,204,199,197,199,199,184,151,116
142,145,150,155,162,167,172,174,178,187,197,207,215,222,224,218,211,209,210,199,174,139,105,86
121,123,130,138,147,153,154,158,165,177,189,197,202,208,212,210,208,207,207,204,174,127,92,88
124,126,130,137,146,147,148,151,156,164,171,173,175,177,178,175,176,181,187,190,176,145,125,129
136,139,143,148,154,152,153,153,153,154,159,163,165,167,169,163,162,167,171,168,168,166,168,176
150,152,157,161,165,165,167,170,169,165,165,169,173,178,184,179,177,178,175,161,164,180,196,204
158,159,163,167,172,178,184,192,197,191,180,180,186,193,203,201,201,202,193,172,171,186,201,207
