114,114,114,115,116,113,114,114,113,113,117,149,177,175,145,116,100,94,94,99,106,108,108,108
114,114,114,115,115,113,113,113,113,113,118,155,183,176,144,116,101,95,94,99,106,108,108,109
114,114,114,114,114,114,113,113,112,112,118,160,189,177,145,117,101,95,94,99,106,108,108,109
115,115,115,114,114,114,114,113,112,112,119,163,190,178,146,117,101,95,94,99,106,108,108,108
115,116,116,116,115,115,114,114,113,113,119,163,190,177,144,116,102,96,95,100,106,108,107,108
115,115,115,115,115,115,114,114,113,112,119,163,190,176,144,116,102,96,96,100,105,108,108,108
116,116,115,114,114,114,114,114,113,111,118,161,188,175,143,116,102,96,96,99,104,107,107,107
117,117,116,114,113,114,114,114,112,111,119,161,187,174,143,116,102,97,95,99,105,107,107,107
117,117,116,115,114,114,114,114,113,112,119,163,189,176,145,118,103,98,96,99,106,109,108,108
116,116,116,116,115,115,115,115,113,113,120,164,191,178,147,120,105,99,98,101,108,110,109,109
115,115,116,116,115,115,115,115,114,114,121,165,192,178,146,120,106,101,99,102,108,110,109,109
115,115,115,116,116,116,116,116,115,114,122,166,193,178,147,121,108,103,100,102,108,109,108,108
115,115,116,116,116,116,116,116,116,114,122,167,193,179,149,123,110,105,101,103,108,109,108,108
116,116,116,116,116,116,115,115,115,113,121,167,196,183,154,128,114,107,103,104,109,110,109,108
117,116,116,116,115,114,115,115,114,112,123,172,203,193,167,143,124,110,102,103,109,111,110,109
117,116,116,115,115,115,115,114,111,111,139,191,220,213,196,177,152,126,104,96,104,109,110,110
117,117,116,115,115,115,113,111,115,132,176,217,232,225,214,201,184,162,138,117,109,107,108,109
117,117,117,116,115,116,118,129,150,180,218,236,239,233,226,219,212,202,186,165,145,128,116,110
117,117,117,117,116,119,136,164,197,221,231,231,229,226,222,219,217,214,209,199,182,157,129,108
115,115,116,114,114,124,148,171,183,186,184,180,177,176,171,170,170,169,163,153,139,125,106,90
99,100,100,97,94,96,103,109,111,109,106,108,109,105,95,95,99,97,88,80,76,70,65,63
84,86,85,80,78,78,78,77,74,73,72,75,72,61,55,59,64,58,45,43,45,42,40,45
78,80,78,73,72,71,70,68,67,66,64,64,60,53,57,68,72,61,46,49,53,46,41,47
79,80,79,76,73,68,62,59,60,59,51,51,55,63,77,93,95,81,64,71,74,64,56,60
