94,96,101,108,115,108,103,100,99,98,101,109,121,130,127,131,134,142,157,168,168,164,154,139
92,92,94,99,104,100,98,97,97,97,99,103,112,121,121,131,140,151,162,164,161,161,155,142
91,90,91,93,96,95,96,96,96,96,96,97,100,106,108,116,125,134,141,138,136,139,138,130
93,92,92,93,94,96,98,99,99,99,98,96,96,98,100,101,103,106,109,108,109,112,112,110
94,94,94,94,96,99,102,105,108,108,105,104,104,105,105,102,99,97,95,95,97,99,99,97
94,94,95,98,102,107,111,113,114,114,111,110,109,110,112,111,108,104,101,98,97,96,95,94
97,98,101,104,107,110,111,112,112,111,111,110,109,109,110,110,109,107,105,103,102,101,99,97
100,101,103,106,107,108,108,108,108,108,109,108,107,106,107,107,106,105,105,104,105,103,101,101
103,104,105,106,106,108,108,108,107,108,109,109,108,106,106,106,105,104,103,102,104,104,103,102
109,112,113,112,113,117,118,116,113,114,114,113,111,109,109,111,112,110,106,107,108,108,108,107
120,122,123,123,125,128,128,126,123,123,122,120,117,114,115,126,136,137,132,129,121,118,117,115
120,121,122,123,124,126,129,132,134,132,128,125,125,127,128,137,145,148,147,146,135,127,123,119
133,136,140,143,143,143,151,160,165,161,152,147,150,156,155,151,149,152,157,161,151,140,132,127
162,168,175,180,183,184,190,199,204,198,188,182,185,193,190,177,168,170,181,186,178,164,153,149
183,183,188,198,207,209,208,210,212,207,204,203,207,214,214,211,212,218,226,226,217,202,190,187
175,171,174,184,191,189,188,192,198,200,201,205,213,221,226,229,233,238,241,241,237,230,224,225
195,187,185,188,187,180,182,193,206,214,214,215,219,227,233,234,236,240,243,241,241,239,236,233
214,206,198,193,188,183,186,200,217,228,224,219,218,222,226,227,228,233,237,232,230,228,225,223
208,203,194,186,183,185,186,195,211,220,211,206,203,204,207,209,213,216,217,212,206,199,198,203
191,188,186,186,185,180,177,180,188,191,182,177,180,185,187,187,186,181,175,173,169,163,162,168
199,196,195,192,184,175,172,167,161,154,148,145,148,154,156,150,143,134,126,123,123,126,127,126
207,201,191,180,172,170,166,159,151,143,141,141,143,143,136,129,123,118,112,110,114,119,121,116
211,202,186,176,177,182,179,176,172,165,159,159,162,161,148,143,144,147,148,146,151,156,155,149
213,202,192,193,204,210,210,211,210,198,180,178,183,186,180,178,182,192,200,197,201,207,205,195
