74,64,54,42,26,15,41,78,102,103,98,94,93,95,93,95,91,85,81,82,81,82,83,81
72,65,62,57,39,17,34,72,104,106,99,93,90,91,93,99,98,91,84,84,83,87,91,91
47,44,48,52,45,22,24,53,84,89,85,85,86,88,92,102,103,95,85,83,83,88,93,92
18,18,22,30,34,21,18,36,59,65,66,74,83,87,88,95,96,89,80,79,81,84,86,85
10,10,10,13,14,13,17,38,62,64,62,69,79,86,84,83,78,73,72,74,75,77,78,78
10,9,10,12,11,12,21,62,107,107,86,78,83,93,101,88,74,68,71,74,74,73,73,74
23,23,29,34,32,30,32,60,98,109,97,85,83,91,103,91,80,77,83,92,95,90,87,90
47,50,58,64,60,56,54,63,79,90,91,84,82,91,104,96,91,93,100,114,127,127,121,120
73,77,83,85,80,78,77,76,75,77,81,80,83,92,104,100,103,109,113,127,145,150,143,134
86,90,91,89,86,86,86,85,83,83,83,82,83,86,93,99,109,114,115,122,129,129,121,109
93,93,92,91,90,89,86,82,80,81,81,79,78,79,82,88,91,92,94,100,109,112,103,89
97,95,92,89,87,85,84,83,83,81,80,80,80,81,84,88,88,87,89,93,101,105,99,88
95,93,89,86,83,81,83,87,89,86,83,86,90,93,94,94,93,91,92,94,97,99,97,91
88,87,85,82,80,80,82,87,90,88,86,91,97,100,100,99,97,96,95,94,92,92,91,91
86,85,82,79,78,77,80,81,80,80,81,84,87,91,92,95,100,101,99,94,92,91,91,91
80,80,82,85,83,77,77,77,76,76,77,77,79,83,86,88,95,99,98,95,96,95,94,95
81,80,84,88,84,75,72,73,75,77,77,77,77,78,78,80,86,90,91,93,97,94,90,91
95,95,96,95,91,85,82,82,85,88,86,83,81,79,78,78,80,82,83,88,92,87,81,81
120,122,116,109,109,114,114,110,106,106,102,94,91,94,94,89,86,85,85,88,86,81,76,75
138,139,132,124,128,139,144,137,124,117,114,107,110,122,124,111,107,111,114,108,97,89,85,84
124,122,119,118,121,124,126,121,111,105,103,99,103,111,113,104,106,118,129,124,112,105,104,106
88,85,84,87,91,92,97,97,92,89,89,88,88,92,95,95,103,116,126,126,118,114,117,123
56,50,47,49,53,54,68,79,82,84,96,102,99,93,96,103,110,115,117,122,112,104,105,113
43,34,29,28,26,26,48,70,82,90,119,139,134,116,114,123,125,119,114,120,102,82,76,83
