93,88,85,94,123,179,212,214,202,194,186,180,179,179,172,164,146,121,101,96,98,98,95,90
94,93,91,96,118,152,169,167,155,149,143,142,145,152,158,155,139,117,99,94,98,98,96,95
101,101,97,96,103,110,112,109,104,103,102,104,109,116,127,125,116,108,105,106,113,114,113,114
109,109,104,98,94,84,81,79,79,82,86,91,92,93,99,98,95,99,114,125,130,130,131,134
117,117,116,114,108,99,96,92,87,87,92,95,94,91,92,94,92,98,115,131,127,124,127,132
139,140,144,147,141,133,129,123,113,103,96,90,86,84,86,92,90,89,94,100,98,97,97,95
152,153,160,164,158,149,148,144,133,120,106,96,94,99,103,107,105,100,94,92,86,84,82,79
148,147,147,146,142,141,148,147,136,124,112,103,105,115,121,118,114,107,97,91,84,83,85,88
134,129,120,113,112,122,136,140,134,127,118,112,116,127,132,125,120,114,103,95,92,94,103,115
121,114,103,96,100,112,122,133,142,143,137,128,130,140,143,137,138,133,120,112,111,118,133,147
101,99,96,95,100,102,103,111,121,128,138,140,140,141,142,132,128,129,130,128,132,140,150,159
93,92,92,96,105,105,105,111,122,135,152,150,144,146,153,147,145,149,155,152,156,158,163,172
125,125,123,124,133,136,141,149,158,166,177,171,163,165,174,175,178,182,185,182,184,181,181,187
175,178,174,168,171,174,183,192,197,196,196,191,187,188,193,196,201,204,205,209,210,205,198,194
189,191,191,187,180,176,179,185,189,190,188,189,191,192,192,193,196,200,207,215,215,211,198,184
189,189,190,188,182,177,173,175,180,181,177,183,190,190,186,188,187,185,186,194,201,201,190,178
188,188,187,185,182,181,175,175,180,180,183,191,195,194,198,199,192,184,181,182,183,180,176,175
183,184,185,186,191,194,190,190,191,188,195,203,205,206,219,220,210,196,183,172,163,158,160,165
174,176,180,190,203,209,209,207,203,198,202,208,211,216,226,226,216,198,173,153,144,143,145,148
172,171,176,185,194,198,203,205,202,199,201,203,204,204,199,188,173,155,139,132,130,132,134,135
184,185,188,191,193,189,189,192,194,193,190,180,168,161,157,154,146,135,126,120,115,118,126,130
189,189,187,183,177,168,163,160,158,157,154,146,141,142,147,155,157,150,138,131,129,134,137,135
169,166,160,153,146,138,133,131,130,131,132,133,138,147,157,173,181,177,165,159,161,160,152,139
137,133,127,121,117,114,115,123,134,139,143,147,151,157,164,181,191,192,188,184,183,173,153,134
