123,124,124,120,115,118,123,120,114,114,119,117,112,107,105,106,106,108,111,112,113,114,114,114
111,113,114,112,108,111,115,113,109,112,115,114,110,107,107,109,110,111,114,113,112,113,114,114
103,105,108,108,106,106,107,106,106,110,112,109,107,107,108,110,111,112,113,112,112,112,112,112
101,102,105,107,106,103,103,103,104,108,108,106,106,107,108,110,110,109,110,110,110,109,109,109
99,98,99,101,99,99,100,100,101,104,103,104,105,108,111,113,110,107,106,106,106,106,107,108
97,97,98,99,98,100,101,101,101,103,104,105,106,109,112,114,112,110,109,107,107,109,111,111
94,94,95,96,97,99,101,101,102,103,103,106,108,108,106,106,107,109,112,109,109,112,116,117
98,98,98,98,99,101,102,102,103,104,102,104,107,106,102,101,105,111,115,111,110,116,121,121
111,111,110,109,109,110,110,109,109,108,106,106,107,106,105,105,110,116,122,121,119,124,128,126
126,126,124,122,122,126,127,123,119,117,115,114,114,114,114,115,117,123,131,135,135,138,139,134
122,121,120,119,119,123,123,120,116,114,114,115,116,115,115,117,119,120,123,123,122,122,122,121
117,115,114,114,117,120,119,116,114,114,113,114,113,111,110,112,113,112,111,113,114,114,114,114
121,119,119,122,127,134,135,132,130,133,132,129,124,118,114,117,115,113,112,113,115,116,117,117
138,137,140,146,151,154,155,152,151,158,158,153,145,139,136,136,131,126,125,123,121,123,124,124
166,165,171,178,175,156,145,141,145,153,158,158,158,160,163,159,149,143,140,136,130,128,129,128
174,171,175,180,175,152,138,130,127,129,134,136,139,147,155,154,151,150,152,152,150,151,150,147
172,169,166,162,156,149,149,146,137,130,130,131,134,138,141,143,146,151,155,156,157,158,157,152
169,165,159,152,148,153,165,167,158,149,148,151,154,153,145,145,149,153,154,155,155,155,155,153
168,162,158,157,156,165,176,178,171,166,170,176,181,179,165,161,161,160,158,157,155,153,153,154
167,160,154,153,158,175,186,184,174,168,170,176,179,176,170,169,166,165,166,163,157,150,146,145
157,153,149,147,150,163,170,167,160,159,162,166,171,176,180,176,168,163,160,149,136,126,122,123
136,135,134,134,138,142,143,141,141,144,147,151,157,165,172,173,168,162,157,149,139,137,141,145
131,131,131,133,135,130,126,129,136,138,138,139,142,146,152,160,163,163,162,160,161,169,177,178
148,148,149,148,143,130,127,135,145,145,138,135,134,132,135,147,157,163,167,170,178,187,190,187
