119,120,119,114,102,74,54,66,99,118,114,129,142,143,140,144,138,112,81,88,125,137,130,125
120,119,117,107,85,57,51,78,113,120,119,133,145,146,143,143,124,91,72,101,131,134,128,132
121,116,106,85,56,44,71,109,133,130,132,140,146,148,142,127,99,82,91,126,135,130,129,138
109,102,82,56,37,56,102,136,146,144,146,144,144,142,127,102,90,100,125,144,135,129,131,136
80,70,49,37,52,92,123,140,149,154,151,145,137,124,100,90,110,134,143,141,133,130,129,126
47,41,38,57,100,120,129,141,152,152,150,145,127,103,92,110,129,136,133,129,128,129,127,123
29,31,56,98,132,130,136,144,149,150,150,133,110,99,109,116,123,131,133,124,122,123,123,120
35,53,95,132,139,130,139,146,147,147,134,113,103,110,121,120,122,128,133,126,120,117,115,114
74,101,135,148,134,133,143,150,147,135,112,103,110,122,123,128,129,129,129,130,121,115,111,107
139,149,154,148,139,145,158,158,140,114,109,118,125,125,126,135,133,129,130,131,122,120,116,103
160,159,153,147,147,156,158,141,118,114,127,128,127,128,129,132,132,130,128,122,119,115,109,103
158,155,150,147,152,160,148,123,111,128,142,139,132,129,128,134,132,126,123,120,122,115,112,120
151,149,148,149,154,157,135,116,118,141,146,140,132,128,127,130,123,120,126,130,125,119,123,134
145,145,148,152,155,147,126,120,132,142,138,130,126,126,124,114,108,117,134,138,123,124,134,138
140,142,150,158,156,130,121,129,139,135,123,120,122,124,115,99,104,121,132,122,113,124,136,135
145,145,151,155,145,126,130,138,138,130,125,127,129,126,120,112,122,127,115,97,109,130,138,129
149,150,151,146,132,130,135,139,137,130,127,130,133,132,128,128,130,119,97,97,121,137,138,130
154,155,149,136,127,135,136,136,136,133,131,131,135,139,137,137,127,109,98,119,139,142,137,135
159,157,143,131,134,139,137,133,133,137,138,137,140,146,144,138,121,109,118,143,150,144,138,140
160,146,131,130,143,141,135,129,127,136,143,147,150,152,150,134,120,122,137,145,142,139,142,149
146,134,129,135,143,138,135,134,135,141,148,154,158,156,143,120,118,130,141,139,137,139,145,153
129,130,136,139,134,130,133,140,145,147,150,155,156,145,122,108,120,136,137,130,132,138,144,148
134,139,142,138,127,127,134,146,153,150,148,143,133,115,97,106,126,137,132,124,129,138,142,140
159,153,143,134,130,131,139,151,157,149,144,127,102,82,81,114,133,135,128,122,130,140,141,134
