181,190,199,204,207,217,226,234,238,236,233,228,224,217,208,208,220,229,225,216,201,175,139,108
148,156,165,171,177,187,197,208,217,221,220,218,216,211,200,197,209,215,201,177,155,130,102,82
118,121,125,127,131,138,149,161,172,179,182,184,188,190,184,180,191,191,163,127,106,94,88,88
104,103,102,102,103,112,124,134,140,144,148,156,169,179,179,177,182,178,155,126,113,113,126,142
103,102,103,107,117,133,148,152,150,151,154,165,181,195,198,195,188,186,190,187,180,182,197,213
120,119,120,128,147,168,177,176,173,176,175,178,185,194,201,196,183,177,183,189,199,214,224,226
167,165,163,170,187,200,196,187,184,182,172,166,170,182,192,189,179,170,167,166,175,188,192,184
195,192,191,195,205,213,203,192,187,184,173,167,172,184,190,187,181,175,170,168,168,170,167,161
178,182,186,190,195,204,199,191,187,190,188,188,194,201,200,193,188,186,187,190,187,183,179,177
132,145,158,167,172,182,184,182,184,195,202,206,211,215,216,207,198,193,194,202,205,211,212,205
112,121,133,146,157,161,159,158,165,177,178,178,187,206,221,224,221,218,218,223,224,224,220,213
100,102,107,119,138,152,156,160,169,174,161,151,153,169,187,206,218,224,224,225,224,219,217,219
97,96,100,112,132,157,171,184,195,196,178,160,149,149,155,176,192,200,203,209,211,206,205,213
106,106,114,128,143,167,190,208,217,216,203,186,170,160,153,159,161,161,167,183,192,186,182,187
128,127,135,146,154,168,192,204,201,191,182,176,176,177,172,164,150,140,143,159,166,156,145,142
152,147,145,147,150,158,173,172,160,156,164,175,185,192,191,185,166,148,141,142,135,127,122,122
179,170,156,147,147,153,156,147,141,154,173,183,189,195,200,200,185,170,165,162,149,139,137,139
203,194,173,154,146,147,144,141,149,170,184,186,186,191,203,210,202,195,194,188,175,169,168,168
217,213,196,171,148,141,138,147,165,181,183,181,181,187,202,213,212,209,209,194,184,182,183,180
212,213,205,185,161,146,141,151,167,178,181,180,177,177,190,204,201,197,197,187,173,168,164,157
165,168,164,151,136,126,125,129,136,144,147,147,146,147,152,161,158,157,161,160,145,137,133,129
121,124,124,120,115,113,114,115,115,117,115,111,112,118,122,126,128,132,137,137,126,120,119,119
106,108,110,112,114,116,114,109,105,102,97,90,91,98,103,106,113,122,128,128,123,121,122,124
115,115,118,122,126,125,116,106,98,95,91,86,84,88,93,98,106,118,129,131,129,129,131,133
