57,65,91,123,139,125,122,127,127,111,94,107,132,158,184,195,189,175,163,148,110,99,120,147
76,82,99,120,131,122,128,132,123,102,88,109,146,178,196,196,178,158,142,123,101,111,130,131
103,95,86,86,96,110,131,133,114,95,99,131,169,191,187,177,146,116,103,96,108,130,127,96
116,93,65,51,61,94,129,133,113,102,123,154,177,179,156,143,108,79,79,101,135,140,112,77
105,84,63,53,57,88,128,140,126,118,133,143,147,142,120,115,89,74,96,145,163,135,104,104
92,82,78,77,74,97,135,151,134,100,84,78,83,97,110,114,92,88,122,160,151,129,124,138
94,98,100,96,90,115,146,151,122,77,70,67,69,84,112,113,105,123,158,156,130,130,142,143
113,123,126,118,111,131,144,138,112,81,91,88,76,76,101,109,129,160,175,137,121,133,143,132
140,145,142,135,132,136,131,122,109,91,105,96,74,61,73,99,147,178,165,122,123,133,134,125
155,147,136,132,137,128,123,120,104,70,73,67,55,46,48,79,137,164,143,125,126,128,131,136
129,125,124,129,134,126,133,119,84,57,61,56,50,49,46,62,109,144,141,133,123,122,132,143
116,122,126,123,118,130,135,109,71,57,61,59,54,50,47,49,81,120,139,132,123,130,147,161
133,138,134,124,122,136,119,87,63,58,62,62,56,49,46,41,60,97,130,130,129,143,160,166
159,150,135,131,142,132,95,68,57,53,58,57,51,46,44,39,50,82,123,139,143,151,152,142
149,130,124,135,141,108,87,71,56,46,49,48,44,43,44,42,48,77,125,157,158,143,117,94
116,106,116,129,116,97,87,72,53,44,44,46,46,44,45,45,44,60,93,124,123,103,77,59
107,117,128,121,93,84,69,54,46,45,44,45,46,45,43,43,43,46,55,69,73,67,55,46
129,140,131,102,73,64,49,40,42,44,43,43,44,44,42,40,41,40,36,36,42,45,44,43
154,142,107,69,53,46,41,43,45,43,40,40,40,40,41,40,40,41,42,37,37,38,38,39
142,110,64,35,37,41,45,49,48,43,38,36,36,39,42,40,41,44,46,41,40,39,37,35
83,63,38,27,35,43,46,47,48,43,38,36,36,39,41,42,42,43,43,42,43,42,37,31
35,33,31,32,37,42,42,43,45,44,39,37,37,36,37,39,40,39,38,39,42,41,36,30
20,25,32,37,38,38,38,40,42,44,41,39,36,33,32,35,36,35,34,36,40,40,34,29
29,31,33,34,35,33,36,38,40,43,42,40,37,32,30,34,35,34,34,37,42,40,34,28
