182,185,183,177,169,165,166,173,180,182,183,190,201,212,216,214,204,194,194,207,214,221,225,223
174,174,170,164,159,159,159,164,171,172,172,177,189,203,212,213,204,193,190,203,211,218,222,223
172,169,162,154,150,152,153,157,162,165,163,163,170,182,192,194,189,182,179,187,193,197,200,203
172,169,161,152,148,149,151,154,157,160,159,157,158,163,169,169,167,165,166,169,173,174,175,177
162,161,155,150,148,149,150,152,154,155,155,156,156,157,159,158,156,157,161,164,167,169,169,168
145,145,143,141,140,139,138,141,145,147,147,148,151,155,158,159,160,165,173,179,179,176,172,169
142,145,150,154,152,149,150,151,151,150,150,151,156,160,156,151,152,157,163,169,169,168,170,175
158,164,177,186,184,178,176,172,166,160,159,160,168,176,169,159,156,157,157,161,162,161,164,171
182,189,204,215,214,201,194,186,177,169,168,168,176,188,190,184,179,176,174,174,175,171,168,169
193,199,209,215,213,196,185,179,175,170,174,170,169,179,198,203,204,204,206,204,202,198,194,189
193,196,198,197,192,181,174,171,170,168,174,174,169,169,183,191,192,197,206,208,207,207,203,195
171,171,167,163,159,159,160,162,163,159,159,161,159,158,166,166,164,169,180,179,178,182,182,177
165,166,164,158,153,158,163,167,169,166,163,164,166,167,171,169,165,164,165,162,163,166,167,165
182,187,189,183,175,174,177,179,180,182,182,184,185,185,185,185,185,180,174,175,179,180,178,178
192,195,197,195,187,177,175,173,170,172,180,183,181,173,164,166,174,182,187,198,208,210,209,211
180,178,177,180,182,174,170,165,155,146,142,140,140,141,140,150,168,190,210,222,231,233,234,235
195,190,184,184,191,194,188,179,170,162,153,152,162,174,181,189,201,217,231,238,241,241,239,237
221,218,207,199,203,215,213,207,205,204,198,201,212,226,232,234,237,240,243,244,244,238,227,216
236,236,226,212,208,219,226,231,235,238,237,239,242,244,244,242,240,237,234,232,231,220,201,184
231,234,232,223,214,214,222,230,236,239,240,239,235,229,221,213,207,202,195,189,184,176,163,151
212,218,219,212,200,192,195,200,201,200,200,201,198,186,167,154,147,141,132,124,119,116,113,109
164,169,171,168,160,153,151,153,154,153,156,162,161,148,125,111,107,104,97,91,90,92,94,94
121,128,134,136,134,127,121,121,124,126,131,139,139,128,110,99,96,94,91,91,94,98,101,103
113,122,136,144,141,129,120,119,121,123,129,135,132,122,112,105,101,97,95,99,104,108,113,116
