60,57,60,59,50,52,60,65,70,79,88,91,85,71,58,46,57,74,76,56,45,56,75,85
57,56,58,57,50,49,53,59,68,79,89,88,79,66,56,53,65,74,69,51,48,61,78,90
67,66,62,56,46,38,41,53,67,77,85,81,71,62,59,66,77,76,60,47,54,64,76,88
79,74,65,52,39,28,35,54,71,79,80,76,71,68,69,81,91,83,59,51,62,68,74,83
74,65,55,45,34,30,43,64,80,83,76,75,79,80,78,89,100,91,68,65,72,75,78,86
70,54,40,36,41,51,63,78,86,77,63,58,60,66,77,85,89,85,78,79,79,82,87,92
71,51,38,49,78,95,92,86,80,67,53,44,44,52,65,66,69,77,85,85,82,85,89,90
78,62,63,89,126,134,107,82,72,68,62,57,55,56,55,53,61,77,89,82,78,82,89,93
93,85,97,129,155,141,94,66,67,79,83,85,81,70,58,60,73,87,89,77,75,82,90,96
117,109,112,129,141,108,61,47,66,85,97,100,93,82,78,84,95,97,86,78,83,90,92,90
104,99,104,116,114,74,48,47,62,78,103,118,118,106,93,95,100,96,88,94,95,91,86,84
95,98,110,120,115,92,85,89,95,103,124,138,136,118,100,96,94,94,101,117,108,95,90,93
93,96,103,111,115,118,126,132,133,134,138,144,141,126,105,98,93,99,116,127,115,103,101,105
98,95,91,91,100,117,132,139,140,141,135,135,136,131,116,107,107,115,126,123,114,110,110,111
116,112,105,95,89,94,101,102,103,116,121,122,126,131,128,125,128,132,131,122,114,110,109,106
113,111,109,110,108,103,96,89,87,95,101,102,105,113,123,125,129,132,133,128,123,121,120,118
105,104,109,116,118,112,101,96,97,99,96,91,90,97,112,115,118,122,123,122,127,132,135,136
94,98,107,115,117,117,108,105,108,109,104,97,95,99,108,103,102,106,110,111,122,133,140,145
78,86,97,106,113,117,110,103,105,112,114,113,115,118,115,101,96,100,105,108,118,128,136,143
52,54,65,85,106,107,95,92,104,117,119,119,124,131,130,125,120,116,115,122,129,135,138,140
92,79,72,80,95,95,90,96,112,122,122,123,126,129,127,129,127,124,125,135,136,133,128,126
128,116,101,93,94,87,91,101,108,109,113,121,125,122,118,121,121,121,125,134,128,117,111,111
120,117,108,101,98,89,95,104,104,94,97,110,116,111,107,115,119,119,120,125,117,106,104,110
83,82,83,91,102,97,99,107,108,92,84,96,103,99,99,118,127,125,120,120,112,109,114,124
