91,84,78,75,79,88,91,85,76,75,75,73,72,71,72,72,72,71,70,69,71,71,71,70
83,80,77,76,77,82,85,82,77,77,77,75,73,72,72,73,74,73,72,71,73,75,75,76
79,78,77,76,74,76,78,78,77,77,77,75,73,73,77,86,94,98,98,94,91,89,90,92
77,77,77,75,73,74,76,76,75,75,73,73,76,84,97,111,119,123,125,119,109,102,100,101
76,75,74,73,72,73,75,77,77,76,73,78,93,114,135,139,133,126,124,119,108,100,95,94
75,74,73,71,69,69,72,79,87,95,102,118,140,160,172,166,152,136,119,105,100,98,93,87
69,69,71,76,80,84,92,102,113,124,139,154,163,171,182,183,184,179,162,139,130,132,124,102
72,74,83,98,113,119,122,132,144,154,165,168,165,167,184,196,203,202,193,179,174,176,163,134
93,97,110,129,146,149,147,153,165,172,172,165,159,164,185,200,200,192,188,190,195,194,179,157
130,131,137,145,149,150,153,157,161,164,163,162,160,162,173,181,178,171,165,163,167,165,155,146
141,140,141,141,137,134,135,133,131,134,148,170,174,154,134,130,135,141,143,136,133,131,127,122
132,130,127,125,122,118,116,117,118,122,140,172,178,148,115,107,119,136,145,130,116,110,109,108
121,122,123,123,124,121,116,118,123,126,135,157,160,138,115,112,122,136,140,125,109,102,102,104
120,124,129,133,133,130,122,120,124,126,126,131,131,126,127,132,132,129,124,117,108,104,104,105
129,129,130,128,123,120,109,100,99,105,112,113,114,122,138,148,138,125,121,125,118,113,110,109
158,157,156,153,146,140,134,128,122,117,118,118,116,115,119,127,120,113,117,127,117,111,110,110
179,185,193,194,186,177,179,182,182,175,174,174,168,154,133,123,122,128,137,141,127,115,115,121
197,207,214,210,196,187,195,208,218,219,218,219,215,202,177,153,149,158,167,165,149,135,135,142
211,216,212,195,172,165,174,189,203,209,210,214,218,218,215,197,182,179,184,184,174,167,167,171
208,211,209,195,173,164,165,169,172,172,173,181,187,191,197,199,188,175,170,178,187,194,198,197
212,215,214,200,171,149,140,131,121,116,118,124,129,132,137,146,148,146,148,161,175,182,184,184
189,189,186,171,143,119,108,98,87,83,84,86,89,93,95,98,103,110,121,134,149,161,172,181
137,133,128,123,113,105,108,107,103,101,103,105,109,115,116,112,108,112,124,135,149,164,181,195
87,80,80,90,105,120,140,152,153,149,155,162,170,178,180,170,157,152,157,168,181,191,202,211
