78,89,91,86,86,85,93,105,108,95,88,95,114,124,103,91,111,128,124,116,105,90,87,99
91,94,92,87,86,85,92,105,112,105,102,108,121,128,114,103,112,124,124,116,106,97,96,101
104,101,96,92,92,92,92,100,109,109,111,109,109,112,114,109,106,110,115,110,106,106,104,98
111,106,100,96,97,100,97,96,100,103,110,101,90,92,104,103,96,94,100,101,102,105,101,91
111,110,103,95,92,101,105,99,92,96,104,96,87,89,98,96,89,86,88,93,95,91,86,84
110,111,105,90,76,87,104,102,92,97,95,89,86,89,92,94,88,81,83,94,97,90,82,81
112,111,101,80,61,72,87,88,85,93,87,82,81,81,81,89,90,90,94,104,103,100,95,90
110,108,92,67,51,66,75,75,78,93,94,90,86,83,84,91,94,96,101,107,106,109,108,100
105,104,84,59,51,70,77,76,80,96,106,107,102,99,103,104,100,96,94,97,101,109,112,106
103,104,88,66,63,79,88,93,96,98,108,116,117,116,118,116,108,96,85,83,90,101,106,106
111,111,100,87,86,94,97,104,112,110,110,114,115,111,107,115,116,108,97,92,93,92,92,93
118,117,111,105,104,107,104,106,112,112,103,103,106,105,99,108,116,117,112,107,102,101,101,102
119,118,118,118,115,113,108,105,107,108,95,94,99,100,95,100,107,110,110,109,106,109,113,113
105,110,120,125,119,114,108,108,112,110,98,95,97,98,94,95,94,93,94,98,101,108,112,108
73,91,113,125,122,113,107,113,124,124,115,107,102,98,93,94,92,88,87,87,94,102,100,90
60,75,103,124,120,98,89,94,104,110,121,123,115,103,97,96,94,96,100,94,96,102,101,91
44,54,81,106,111,92,84,85,85,77,91,99,98,94,100,98,98,108,122,116,105,97,94,94
39,41,51,69,83,82,87,94,90,64,61,62,61,65,85,96,106,116,125,121,108,91,81,84
49,41,31,33,50,59,79,104,109,78,57,43,36,41,66,89,107,107,94,96,98,87,74,69
56,43,34,37,48,36,50,80,96,77,62,54,57,70,88,88,81,65,50,60,79,86,85,83
58,43,38,49,60,38,41,58,67,53,48,62,88,108,101,71,50,43,48,61,79,95,103,105
46,35,33,43,50,30,28,34,36,27,28,49,80,99,78,41,28,42,71,89,93,95,93,89
36,27,24,28,27,16,22,30,31,23,25,34,51,65,53,34,39,70,111,131,107,83,70,67
39,27,22,20,13,9,30,49,52,39,43,33,32,45,54,56,73,108,148,162,110,68,59,70
