197,197,197,195,194,195,195,195,195,196,196,196,196,195,196,196,196,191,179,160,119,80,71,90
197,197,196,194,190,192,194,195,195,195,196,196,196,196,196,196,196,189,174,148,112,86,85,104
193,192,192,189,183,189,194,195,195,195,196,196,196,196,196,196,196,188,168,136,106,92,99,113
185,183,182,180,177,185,186,186,187,190,193,194,192,191,194,195,194,185,163,132,107,95,98,107
173,168,165,167,171,174,165,161,166,174,181,180,176,176,185,187,186,177,158,135,110,90,83,86
155,145,141,146,153,147,134,132,144,156,156,148,145,152,166,169,166,160,147,126,96,72,63,67
106,97,94,97,103,104,112,126,139,141,127,122,127,135,137,135,130,122,113,99,81,69,67,70
74,67,60,59,62,72,97,117,123,117,102,104,111,115,113,111,104,96,89,85,81,80,81,80
74,63,51,44,46,59,86,103,103,95,89,93,98,99,100,103,97,88,85,86,90,93,92,88
86,69,51,42,44,55,80,98,101,94,90,93,97,99,100,103,97,90,89,90,94,99,100,94
80,64,48,41,42,52,74,93,102,98,96,100,107,110,105,110,105,100,102,102,106,112,111,102
60,52,44,41,44,53,71,91,104,108,110,115,122,125,115,121,116,111,115,114,115,121,120,110
71,66,61,61,67,74,83,93,102,111,122,127,133,135,124,129,123,117,120,119,118,123,122,112
118,110,100,98,107,112,107,99,97,107,124,131,136,137,128,132,125,119,120,120,117,121,120,110
154,146,133,128,138,141,127,105,93,102,121,128,133,136,129,133,127,120,121,122,120,124,123,113
114,114,122,136,146,145,133,109,92,100,118,125,131,136,128,132,125,118,120,123,124,127,124,112
75,76,105,141,154,151,139,114,92,97,115,123,132,138,129,133,124,116,119,123,126,130,127,115
55,55,90,133,145,140,132,112,93,97,115,123,134,143,131,133,125,117,119,123,126,131,128,115
46,48,79,114,120,114,114,106,95,99,116,122,133,142,129,131,123,116,119,120,122,128,124,109
38,42,72,104,111,107,108,101,91,96,110,110,116,125,118,122,116,110,113,115,115,116,110,97
24,29,49,72,81,87,92,88,81,84,93,92,93,101,105,103,96,92,94,97,103,101,89,77
33,32,38,49,58,66,68,66,64,66,73,71,70,74,81,74,68,67,67,65,77,74,61,50
77,72,68,69,74,76,74,73,74,76,82,76,70,70,70,61,59,59,57,52,64,62,51,43
131,127,121,118,117,112,109,109,111,114,118,106,93,88,81,72,73,74,70,69,76,74,67,64
