118,112,100,89,95,135,164,181,179,150,115,115,126,128,127,122,112,108,117,128,111,89,98,134
108,110,101,88,85,121,150,166,162,135,108,117,131,133,127,115,101,99,113,128,108,84,87,116
85,97,102,90,76,94,116,126,119,106,104,119,133,135,128,106,78,73,98,127,109,81,72,85
60,80,97,93,69,66,75,77,74,81,106,124,133,135,130,98,57,47,79,122,113,85,67,68
46,64,90,94,65,47,48,48,53,79,114,134,140,138,131,91,49,39,70,112,115,97,82,83
35,60,94,101,68,49,50,57,68,93,123,143,150,145,132,83,41,35,67,104,117,113,109,114
22,51,93,109,82,69,73,79,86,105,132,146,149,144,128,80,40,36,70,114,128,126,125,128
25,55,98,118,104,98,101,97,95,112,136,145,145,139,126,85,48,43,76,126,144,146,142,139
46,76,113,131,124,122,119,106,96,113,133,142,143,140,132,95,62,56,84,136,161,168,162,151
68,99,133,146,135,129,123,105,92,108,124,133,140,146,139,105,76,72,98,146,171,184,179,161
62,97,143,165,148,130,120,101,85,91,106,117,125,130,123,105,89,87,110,157,181,197,191,167
36,70,130,167,146,113,97,80,65,61,68,81,94,98,90,84,78,77,97,145,173,195,192,164
19,50,115,160,138,96,73,60,48,38,39,54,67,69,63,62,59,58,74,122,150,176,177,151
19,47,104,142,121,79,54,43,36,25,27,41,48,44,43,42,39,40,54,93,116,142,148,129
26,48,89,109,82,43,25,20,17,11,12,19,20,15,16,15,14,21,38,60,78,103,112,97
38,59,83,82,45,18,12,13,11,6,8,15,13,5,6,6,9,14,25,39,58,80,85,69
53,74,85,68,28,11,15,17,13,11,17,23,17,5,7,8,7,8,16,32,54,74,76,61
63,83,89,64,24,10,18,19,12,14,25,28,18,7,9,9,6,4,12,30,53,75,77,61
63,83,89,64,22,8,15,15,7,11,26,25,15,6,8,6,4,4,11,28,49,76,82,62
62,79,83,61,23,9,16,17,12,17,31,30,18,6,3,3,3,5,12,28,48,77,86,66
76,85,84,63,32,21,29,32,29,32,39,39,31,21,18,20,22,24,26,34,46,70,77,59
88,91,85,65,44,37,47,55,54,50,51,50,45,42,43,52,63,66,61,55,58,66,63,47
98,95,83,65,53,53,68,83,84,72,71,67,62,59,64,85,107,115,104,88,84,77,59,39
107,98,79,62,59,63,86,105,107,93,92,86,75,67,74,105,134,145,133,116,112,96,66,40
