107,108,109,110,111,112,113,118,125,130,136,138,134,127,125,123,124,124,123,123,126,129,130,130
108,108,109,110,110,112,113,116,120,124,128,131,128,124,122,122,122,122,121,121,122,124,125,123
108,109,110,110,111,112,113,114,115,117,119,120,120,119,119,119,119,119,119,120,120,121,121,120
110,111,111,112,113,113,114,114,114,114,115,115,116,117,118,119,119,120,120,121,121,121,120,119
114,114,115,116,116,116,116,117,118,118,118,119,120,121,121,122,123,124,124,124,124,121,116,111
117,117,118,119,119,119,119,120,121,122,123,124,125,125,125,126,127,127,125,122,117,112,106,103
117,117,117,117,118,118,118,118,119,120,121,122,123,124,123,122,120,116,112,108,107,110,114,115
115,115,115,116,116,116,117,117,118,119,119,120,119,118,115,112,108,105,105,106,109,116,122,124
116,117,117,117,117,116,116,117,116,116,115,113,110,106,103,102,102,105,110,115,118,121,123,123
119,120,120,119,117,116,114,112,108,105,101,97,93,91,94,101,110,116,118,120,119,120,120,120
100,103,107,107,104,103,101,100,99,96,94,94,97,100,105,109,116,120,121,122,122,122,122,122
86,89,94,99,99,100,100,100,102,105,106,108,110,113,115,117,120,122,121,122,122,121,121,121
91,92,95,99,101,103,105,106,110,116,118,119,119,119,120,120,122,122,121,121,121,120,120,120
105,105,104,104,106,108,112,113,116,120,122,122,121,120,120,121,122,122,121,122,124,123,123,123
107,108,108,109,111,115,119,120,119,122,125,125,123,122,122,121,122,124,125,124,127,128,128,128
112,112,114,115,115,115,117,118,117,118,122,124,123,122,120,119,121,124,127,127,128,128,128,129
113,114,116,118,118,116,117,118,117,118,120,122,123,123,121,121,122,124,127,127,128,128,128,128
101,102,105,110,114,115,116,117,117,119,120,122,123,124,124,124,124,125,125,126,127,127,127,128
85,85,86,91,99,103,105,106,108,111,115,119,122,124,126,126,125,125,125,126,126,126,127,127
94,90,83,76,74,77,80,82,84,88,94,104,114,121,124,126,127,127,127,128,129,129,129,130
108,107,103,98,94,92,94,95,94,91,89,89,94,101,108,115,121,125,128,130,132,133,133,133
111,110,110,108,105,104,104,104,102,99,95,91,89,89,91,93,99,106,110,114,118,122,124,126
109,108,108,108,107,107,107,107,106,105,106,104,101,96,93,89,90,93,95,96,101,105,108,111
112,111,109,109,110,110,111,112,112,112,113,115,114,113,112,109,104,101,98,93,94,97,98,97
