75,78,82,82,80,81,83,85,87,89,91,96,106,114,109,99,97,97,92,85,77,67,70,86
76,80,83,84,83,85,86,87,88,91,93,96,101,105,102,96,96,96,93,86,77,67,68,82
79,81,83,85,89,92,91,90,89,91,92,92,91,92,94,94,95,95,94,92,85,70,64,71
82,83,83,84,89,93,93,91,87,85,85,83,83,86,93,96,95,93,91,93,93,77,60,56
82,83,81,79,81,84,88,88,83,77,75,76,82,90,96,97,94,87,81,83,89,83,63,46
77,78,77,75,75,79,85,86,82,76,74,77,85,92,95,90,84,77,71,69,74,79,70,52
71,73,75,76,77,79,84,85,81,76,76,80,85,89,90,83,77,72,69,68,72,77,75,65
72,74,76,78,79,78,83,85,82,77,77,78,81,86,90,88,84,80,77,79,82,87,90,88
78,79,80,79,78,76,81,84,81,77,76,77,83,92,99,102,98,91,86,88,92,98,104,107
83,82,81,79,76,73,77,78,75,71,74,82,94,105,108,109,104,93,83,86,90,95,101,106
73,73,73,74,73,70,69,64,59,60,70,80,91,100,96,89,87,86,86,93,96,96,98,103
73,73,73,73,71,67,60,60,66,76,81,86,94,98,87,73,80,92,98,104,104,101,100,103
79,78,76,73,69,66,63,70,85,99,99,100,105,107,95,82,91,105,110,110,109,106,104,104
85,83,79,75,74,76,81,91,105,115,112,112,116,118,110,101,106,113,113,107,107,107,105,103
87,86,85,87,92,100,107,113,118,119,116,115,114,111,102,99,103,107,104,99,98,99,99,97
84,86,86,88,99,110,114,111,107,108,109,107,104,101,101,103,106,106,102,99,100,100,98,95
79,82,84,90,102,115,110,95,84,89,96,98,96,95,102,106,109,110,109,108,105,103,101,99
79,82,87,95,106,117,111,94,81,87,94,97,96,97,104,108,109,111,113,110,101,98,100,100
84,86,92,101,108,118,118,110,102,102,102,101,101,103,107,108,107,105,104,100,90,88,92,96
85,85,88,95,105,114,116,113,109,107,103,101,101,103,103,101,97,93,92,93,87,86,87,87
73,74,79,89,102,110,106,102,100,100,97,92,89,91,93,92,88,85,87,94,89,86,83,80
74,75,79,88,100,103,95,90,91,93,92,87,84,87,89,89,87,85,88,101,97,91,87,83
80,81,84,91,100,98,91,87,88,88,88,86,87,92,94,93,92,91,95,109,106,101,96,90
82,82,86,94,101,99,96,93,89,84,84,85,92,99,101,99,98,98,102,113,113,110,103,94
