67,67,62,55,47,44,42,44,51,62,71,79,85,90,91,89,86,82,78,76,68,54,42,40
66,65,59,52,48,50,52,55,60,68,75,81,86,91,92,89,85,82,79,76,66,53,43,41
60,60,57,55,57,62,67,70,73,78,82,84,86,89,90,88,85,83,82,77,65,54,47,45
56,58,60,63,67,72,77,80,82,85,87,87,87,87,87,86,84,84,83,77,66,57,53,50
60,63,67,70,72,73,77,81,83,84,86,87,87,86,85,84,83,82,80,74,67,63,60,56
63,65,67,69,71,72,74,78,80,80,82,83,84,83,83,82,85,87,84,76,72,70,67,62
74,75,77,78,79,80,80,80,81,81,81,80,78,78,80,81,85,88,85,80,79,76,72,68
84,84,85,86,86,86,86,85,85,85,84,81,79,80,83,84,87,89,87,86,86,83,78,76
89,89,88,88,87,86,87,87,87,87,86,85,85,86,89,90,91,91,91,91,91,88,85,83
92,90,88,88,87,85,83,82,81,82,83,84,86,88,90,91,92,93,92,91,92,90,88,86
96,93,89,87,87,87,86,83,80,79,79,79,81,83,84,86,87,89,90,92,92,90,85,82
104,102,99,97,96,96,94,91,89,89,88,89,90,91,92,93,94,95,97,98,97,94,92,89
120,119,117,116,115,113,112,110,109,110,110,110,110,110,110,109,108,107,107,106,103,101,99,99
134,133,132,131,130,129,128,127,127,128,129,129,127,125,125,123,119,116,113,109,106,103,102,103
129,129,129,128,127,126,126,126,126,127,128,128,127,126,124,120,117,114,111,108,106,104,104,104
115,116,117,119,121,123,125,126,126,126,128,129,130,132,132,131,131,131,130,129,130,131,130,130
113,118,126,133,136,138,140,142,144,147,150,151,151,149,146,146,148,150,149,147,145,141,135,131
103,108,118,128,133,135,138,141,142,143,147,147,142,134,130,130,133,134,133,130,124,117,110,105
80,79,83,92,99,103,108,111,109,102,101,101,95,87,85,86,87,88,88,85,81,78,75,73
65,65,67,73,79,83,86,88,83,67,60,62,67,71,72,69,65,63,65,66,69,71,72,72
72,73,75,78,81,81,79,75,68,59,59,67,73,74,71,67,64,65,68,72,76,79,81,82
74,74,74,74,74,71,67,64,63,63,69,75,76,74,71,70,70,72,76,80,83,85,86,86
66,66,65,63,61,58,56,59,64,69,73,74,72,70,70,73,76,79,81,85,86,87,86,85
59,59,58,57,55,51,52,60,69,73,71,69,67,68,71,75,78,81,83,86,87,87,86,86
