57,52,46,43,43,46,54,64,73,80,87,91,90,87,85,80,77,74,66,50,42,38,37,36
51,49,48,50,53,56,62,69,76,82,88,91,91,88,84,81,79,74,63,49,42,40,37,36
54,54,57,63,68,71,74,79,83,85,87,90,90,87,84,83,82,75,63,51,46,43,39,36
63,64,68,73,78,81,83,85,87,87,87,87,87,85,84,84,82,75,63,56,52,47,42,38
71,71,72,75,78,82,83,84,87,87,88,86,85,84,83,82,78,72,65,63,59,53,47,44
69,70,71,73,75,79,80,81,82,84,84,83,82,82,85,87,82,75,71,70,65,60,57,56
78,79,79,80,80,81,81,81,81,79,78,79,79,81,86,87,83,80,78,76,71,67,66,67
86,86,86,86,86,85,85,85,83,81,79,81,82,85,88,88,87,86,86,82,78,76,76,77
88,87,87,87,87,87,87,86,85,85,85,87,89,90,91,92,91,91,91,87,84,83,81,80
88,87,86,85,83,82,81,82,83,85,87,89,90,91,92,92,92,91,92,90,87,83,78,73
86,87,87,87,86,82,79,78,79,79,82,84,85,86,88,89,90,92,92,89,84,80,74,70
97,97,97,96,94,91,89,88,88,89,91,92,92,93,94,95,97,97,97,93,91,88,84,82
116,116,115,113,111,110,109,109,110,111,110,110,109,109,108,107,106,105,103,100,99,98,96,93
131,130,129,129,128,127,127,128,129,129,126,125,124,122,119,115,112,109,106,103,102,102,100,96
129,128,127,126,126,125,126,128,128,127,126,125,123,120,116,113,110,108,105,104,104,104,103,100
119,120,121,123,125,125,126,127,128,129,131,132,132,131,131,131,130,130,130,131,130,131,129,127
135,135,136,138,141,142,144,148,150,152,151,149,147,147,148,150,148,146,144,140,135,131,127,122
131,132,133,136,139,141,142,145,147,147,140,133,130,131,133,134,133,129,123,116,109,103,99,95
94,96,100,104,108,112,107,102,101,100,93,86,85,86,86,88,88,85,81,78,75,72,72,73
73,76,80,84,86,88,78,66,59,63,68,71,71,68,63,64,65,67,70,72,72,74,76,78
78,80,82,81,78,73,65,59,60,69,74,74,71,67,64,65,69,73,77,80,81,83,84,84
74,74,73,71,66,63,62,64,69,76,76,73,71,70,71,73,77,81,84,85,86,86,86,84
62,62,60,57,56,60,65,70,73,74,71,70,71,73,77,79,82,85,86,86,86,85,81,76
56,56,54,51,53,63,70,73,71,68,67,69,71,75,80,82,84,86,87,86,86,83,76,67
