110,111,117,126,135,127,125,132,138,137,141,150,157,157,151,150,148,146,145,142,140,129,116,110
123,123,124,128,130,124,122,129,136,136,140,148,154,156,153,152,149,148,148,148,146,135,121,113
136,134,131,129,128,123,121,126,133,133,138,144,149,151,148,147,148,151,150,146,146,139,128,119
145,140,133,129,128,128,125,127,132,133,137,142,145,145,143,141,145,149,144,134,136,135,129,121
147,141,132,127,129,133,131,132,136,138,140,142,144,145,144,143,143,140,131,122,123,122,119,115
142,138,132,128,130,135,135,136,140,144,143,139,141,148,147,146,145,143,138,135,130,122,116,115
139,138,138,137,135,137,135,137,144,148,144,139,140,142,134,136,136,137,139,142,138,127,117,113
137,137,138,138,135,139,140,143,149,152,143,138,136,131,120,118,119,126,137,142,138,130,122,119
134,132,132,133,134,143,147,148,150,151,143,136,132,127,118,111,110,118,132,135,131,129,130,131
129,128,128,132,142,153,150,145,143,144,144,139,136,135,131,126,120,120,125,126,121,123,132,141
139,138,134,134,142,151,146,143,147,152,144,135,135,139,136,134,129,127,127,124,119,118,124,136
153,148,142,139,141,145,141,139,144,149,142,138,139,141,132,128,128,130,129,125,124,119,115,117
145,142,141,141,141,141,136,133,135,138,139,142,146,144,133,127,131,135,133,128,131,130,124,118
112,115,121,128,134,134,128,124,124,124,131,139,143,143,138,134,140,144,139,133,139,145,144,139
82,85,90,99,111,117,117,114,110,109,118,125,128,129,133,135,144,148,145,141,146,150,151,151
111,108,105,108,116,124,131,132,127,122,127,136,142,142,139,132,134,140,143,140,141,146,151,152
128,127,124,123,125,131,140,144,142,139,144,154,160,159,154,141,131,131,138,139,141,147,151,150
129,130,129,128,128,133,139,143,144,144,151,161,167,165,160,147,133,128,134,136,139,144,146,144
129,128,123,121,123,126,130,133,135,137,143,154,160,157,151,143,133,128,131,131,132,136,139,139
139,136,127,117,115,117,123,126,125,127,134,145,151,150,142,133,129,129,132,134,136,140,144,147
135,137,133,125,118,117,120,121,120,122,129,136,139,137,130,128,132,139,143,141,140,143,149,155
131,132,128,121,119,127,133,130,123,120,123,125,127,126,123,126,134,142,143,138,134,136,140,145
124,123,118,114,116,132,143,140,129,121,119,119,122,125,124,125,133,137,133,123,119,119,120,121
117,117,114,111,115,128,139,139,131,123,120,120,125,131,129,127,129,129,121,107,104,104,103,99
