62,68,67,59,49,53,55,43,31,41,63,68,66,67,72,69,64,63,65,61,57,57,60,64
64,67,65,57,48,51,55,48,36,37,55,64,67,67,72,69,65,64,65,62,57,55,58,62
62,64,62,55,48,49,56,54,43,33,41,56,66,70,71,69,66,66,66,64,60,57,58,60
58,59,59,56,48,50,57,58,50,37,32,46,63,71,70,68,67,68,68,67,64,61,60,61
51,53,57,56,48,49,57,60,55,48,35,40,54,66,68,67,67,68,70,69,65,63,63,62
34,39,49,54,48,47,55,59,58,55,39,33,37,45,50,56,63,70,75,73,68,65,63,61
31,33,41,48,47,47,55,59,58,55,41,30,26,28,32,39,50,65,76,74,69,66,63,60
47,44,46,49,48,49,56,60,59,55,46,40,35,29,25,28,38,54,70,72,68,64,61,59
64,62,59,56,53,52,57,60,60,56,52,55,53,42,26,24,30,42,58,69,68,63,59,58
66,66,63,59,56,54,57,59,59,57,55,59,60,50,29,23,24,31,44,62,69,64,57,55
64,63,61,58,55,56,58,60,59,55,52,56,60,56,36,24,22,24,31,47,61,58,49,47
62,61,59,55,53,55,57,60,60,55,51,55,61,60,46,31,23,22,24,33,49,49,43,42
59,59,56,52,52,54,57,61,62,57,53,54,59,61,55,44,35,29,28,32,48,55,53,52
57,55,51,48,51,54,58,62,63,60,55,53,55,58,59,58,51,44,41,44,59,70,72,70
57,54,46,41,47,53,56,61,64,62,56,54,54,55,58,62,61,58,57,59,64,71,74,73
59,55,43,34,37,45,52,57,61,62,60,57,56,56,57,60,61,60,58,59,64,68,70,70
53,50,40,31,31,37,46,54,61,63,63,60,58,58,57,59,61,60,58,57,59,60,60,60
48,49,42,33,29,33,40,50,59,63,62,61,59,57,57,58,60,59,57,57,54,54,54,54
51,53,49,39,29,31,36,45,54,60,60,59,58,56,57,59,59,56,53,55,53,53,54,55
57,57,54,45,32,31,34,41,49,56,59,59,58,56,58,60,59,52,44,46,49,53,56,58
55,53,53,48,36,33,35,41,48,53,56,58,59,58,58,61,60,55,50,52,53,53,55,57
54,51,51,49,41,38,40,44,48,51,51,53,56,58,58,60,61,60,59,61,58,54,54,57
57,53,53,52,46,45,45,47,49,50,47,46,49,55,58,61,62,64,64,64,61,57,55,56
62,57,55,54,50,49,48,48,49,50,45,41,42,49,58,63,65,65,64,63,62,58,56,55
