82,83,84,84,79,70,65,69,81,90,94,90,85,82,83,82,83,83,84,85,87,86,85,84
82,82,82,81,78,73,68,68,75,82,89,90,86,83,84,83,83,83,84,85,87,86,85,84
85,84,83,81,78,76,73,72,74,76,81,86,87,86,87,87,86,84,83,84,85,85,85,84
90,89,86,83,79,78,77,77,77,77,77,79,82,84,86,88,88,87,84,84,84,85,86,86
91,90,89,86,82,80,78,77,78,78,77,74,73,75,78,83,86,87,87,88,88,88,88,88
92,91,90,88,84,81,78,74,72,74,73,71,69,68,69,71,77,83,87,90,93,94,94,92
92,91,91,90,87,85,81,76,71,71,71,69,67,65,65,66,68,71,75,80,86,90,91,90
93,92,91,90,87,86,84,80,75,72,71,70,69,67,65,65,66,68,71,73,78,81,81,79
92,91,89,87,84,85,85,83,79,75,73,73,73,72,69,67,70,74,76,73,75,75,73,70
89,89,87,84,80,81,84,84,81,76,74,74,75,76,77,74,75,80,83,77,74,75,75,71
86,87,87,84,81,82,83,83,81,76,75,77,80,82,85,85,83,82,82,77,75,76,77,77
92,93,92,89,85,85,86,88,87,84,84,85,88,91,93,92,88,86,84,80,79,81,83,83
103,104,103,99,94,92,92,93,95,95,96,94,93,94,95,94,90,87,86,83,82,84,87,86
108,110,110,108,106,100,95,93,96,100,103,100,95,93,93,94,91,88,87,87,85,85,86,86
99,102,107,111,113,106,91,83,86,96,102,102,98,93,90,92,92,91,91,94,94,92,89,88
103,100,98,97,101,107,95,77,69,85,103,109,105,98,96,94,93,93,97,104,109,104,93,87
102,100,93,88,89,102,102,85,66,65,81,99,111,114,114,107,100,97,101,109,118,115,103,93
95,95,92,86,84,96,102,95,78,62,61,78,97,110,118,117,112,108,106,111,113,109,103,100
83,85,88,87,84,88,93,97,94,81,67,66,72,83,100,113,118,114,106,102,95,84,84,96
76,76,78,79,77,79,83,92,99,95,87,83,80,79,87,95,99,94,82,75,72,62,60,71
77,78,81,82,77,73,68,72,82,88,86,88,89,87,84,78,73,70,69,71,76,65,57,62
82,83,88,91,89,80,71,70,75,77,73,77,81,78,71,66,65,69,76,78,75,60,49,51
87,86,86,90,95,92,86,83,83,80,72,73,75,71,67,69,72,75,75,68,58,46,40,43
92,86,76,74,86,98,98,96,96,96,89,85,83,81,79,83,80,70,57,42,36,35,38,41
