121,112,108,111,114,111,121,139,154,157,155,142,129,126,137,152,156,150,143,143,141,143,153,165
129,123,118,116,115,110,114,125,138,146,155,155,148,141,137,144,148,143,135,135,137,141,148,155
126,124,122,119,117,111,107,109,116,126,143,155,158,150,132,126,125,122,118,120,124,129,136,142
115,116,117,118,120,115,109,105,107,114,128,141,147,142,123,110,105,104,103,105,109,113,120,127
111,111,113,118,125,127,123,121,123,124,129,131,130,125,116,110,109,107,102,102,103,106,110,112
113,116,121,129,139,142,141,139,138,136,137,138,136,129,123,123,130,131,121,112,117,121,118,109
110,112,117,126,133,133,132,132,136,145,154,156,150,140,131,133,144,151,145,133,130,132,127,115
109,110,114,123,132,128,125,127,135,145,156,158,151,142,138,142,151,159,160,150,142,143,140,129
115,116,119,129,143,140,134,137,144,145,151,151,147,144,146,151,155,159,164,158,150,151,149,140
123,126,131,140,154,157,149,151,159,157,154,157,158,156,158,159,158,158,161,159,152,151,147,137
125,130,135,142,151,158,157,155,154,150,149,156,163,164,157,159,158,156,157,157,156,154,148,141
138,143,150,155,157,160,161,156,150,147,147,150,156,158,154,157,154,151,152,154,157,157,151,142
139,144,153,161,163,161,162,158,152,151,149,147,146,147,148,151,151,149,150,152,157,156,149,141
117,124,134,144,151,152,153,154,154,155,152,148,144,142,143,146,150,152,152,155,157,152,145,142
91,97,104,109,115,124,130,136,143,150,150,151,152,151,148,151,155,156,155,159,160,155,150,148
116,114,114,114,114,119,127,134,138,142,140,140,140,141,142,152,156,152,147,153,159,157,151,148
140,134,129,126,126,129,134,139,142,143,143,142,143,145,146,152,151,144,140,145,153,153,150,151
154,149,143,139,138,139,142,146,150,149,148,151,155,158,158,156,151,146,143,143,143,145,148,150
164,158,152,148,145,146,148,152,155,153,150,155,163,168,168,164,159,156,153,146,136,139,145,142
167,159,149,147,153,152,147,148,154,159,156,156,160,165,167,163,159,157,153,144,135,138,139,131
162,158,151,147,147,146,136,133,140,151,151,153,157,161,160,159,158,156,153,147,141,139,136,130
154,153,153,152,147,140,132,129,135,145,149,152,156,158,152,151,151,151,150,148,143,135,132,135
147,145,144,144,143,137,136,136,138,143,145,149,152,151,143,142,144,146,147,145,139,131,132,142
143,139,128,122,131,137,142,143,141,140,139,142,144,141,134,137,143,147,146,139,134,130,135,148
