130,130,129,127,126,124,125,127,126,123,120,121,125,126,117,122,124,122,123,130,127,126,130,136
125,127,128,129,129,127,126,126,126,122,119,121,127,131,124,126,125,123,125,130,126,123,127,133
125,126,127,127,127,124,121,121,122,119,117,120,128,137,136,134,127,122,124,127,123,123,129,135
126,125,123,122,119,117,115,116,118,117,116,118,127,137,140,136,126,119,120,123,123,127,135,141
121,120,118,116,115,114,113,114,118,119,118,119,122,127,132,128,121,116,118,122,126,131,137,140
121,121,121,120,118,117,116,117,118,121,123,124,124,125,132,126,117,112,114,118,126,128,125,122
122,122,123,124,123,122,120,119,119,121,127,130,130,131,138,130,116,108,109,114,124,126,122,120
127,124,123,125,128,130,128,125,123,124,129,134,134,134,137,133,121,112,111,113,120,121,119,120
137,133,129,129,133,137,137,133,130,129,131,135,137,134,132,134,129,122,118,116,118,116,114,115
150,146,141,137,136,137,138,137,134,132,134,139,142,141,137,137,134,130,126,122,120,117,114,114
151,150,146,141,135,131,131,131,130,129,133,139,142,144,146,145,143,139,133,132,133,130,127,128
147,147,146,141,133,128,128,127,124,123,131,139,141,140,142,146,149,147,142,141,144,143,140,140
146,149,149,141,132,127,129,129,125,122,130,138,139,136,137,144,149,149,145,145,149,150,150,149
151,156,154,144,132,127,130,132,129,127,131,135,136,135,136,142,146,146,145,147,150,153,155,155
155,158,155,145,132,125,126,129,130,131,133,134,135,137,139,143,146,148,149,153,153,154,155,155
152,152,151,144,131,122,123,130,135,135,135,135,136,139,142,148,152,151,148,147,147,144,140,137
157,153,150,147,138,127,127,135,144,145,144,143,145,148,148,153,155,151,142,137,137,135,131,129
161,157,155,153,147,137,136,142,150,152,152,152,153,155,153,153,153,150,142,135,136,136,135,133
158,159,160,158,153,144,142,147,152,153,153,154,156,156,152,149,150,151,148,145,145,146,143,137
155,159,161,159,153,143,140,146,153,152,148,152,155,154,153,150,153,155,153,150,150,149,143,134
159,162,163,160,154,145,136,136,144,148,145,148,150,150,150,145,142,138,136,141,146,150,148,142
149,154,158,159,156,149,137,130,132,137,138,143,147,144,137,132,131,132,134,141,146,154,159,157
138,140,148,156,157,153,143,133,127,126,126,132,137,135,126,126,131,138,143,151,155,162,166,165
136,133,139,151,156,154,148,140,131,121,115,116,122,126,126,133,141,145,148,161,167,169,166,161
