186,191,193,190,189,196,196,194,191,187,177,175,175,173,168,165,161,154,144,137,130,120,110,104
156,169,184,192,191,192,192,189,184,179,168,159,156,155,149,147,148,145,136,128,129,127,121,113
112,124,144,161,166,167,174,179,178,171,161,151,146,142,134,133,140,145,140,129,129,130,126,119
71,75,88,103,114,118,132,147,155,154,148,148,148,144,137,135,141,147,145,134,132,129,123,119
44,43,44,50,56,62,71,88,107,119,120,130,142,148,145,140,135,131,125,120,132,129,120,117
32,32,33,34,36,38,40,51,70,90,87,92,100,104,101,93,86,75,65,71,107,122,118,111
50,47,46,43,37,33,31,38,51,61,57,65,73,74,71,67,65,56,43,54,97,122,122,115
78,76,72,67,59,51,42,38,39,40,43,61,74,73,73,73,74,65,50,59,101,125,125,118
83,82,79,76,75,71,59,46,35,30,45,72,86,85,87,88,90,81,65,69,107,126,124,118
45,45,44,46,55,65,65,55,40,30,52,80,91,84,86,89,92,88,77,73,103,120,120,116
39,41,40,38,38,45,54,51,38,33,63,88,94,88,90,94,95,90,81,77,103,115,113,110
80,85,80,63,44,46,51,45,34,36,74,99,103,98,99,101,99,91,80,76,104,115,109,106
91,96,93,75,51,48,48,39,29,39,76,102,108,104,103,104,102,93,79,71,104,119,114,107
56,59,63,59,45,40,39,33,31,47,73,93,102,102,100,103,106,100,84,69,99,119,119,110
29,32,38,39,34,31,29,32,45,68,77,84,91,96,96,104,114,113,96,75,94,111,112,105
31,33,36,36,33,29,29,39,59,79,81,83,91,100,101,105,115,118,107,85,95,108,111,105
45,48,53,55,48,35,31,43,66,86,88,91,98,105,103,105,114,122,118,99,96,108,116,109
60,58,60,63,56,38,32,45,69,86,85,86,92,97,95,101,114,127,127,110,100,106,113,110
64,57,51,49,43,32,31,46,67,74,65,62,67,73,75,86,109,128,132,115,104,101,103,106
57,54,50,42,31,27,29,39,49,52,42,37,40,48,51,58,86,120,135,115,103,99,102,104
64,67,64,49,29,26,28,32,36,41,38,36,40,49,54,52,69,102,129,120,108,104,104,103
65,69,65,49,31,29,30,32,36,44,46,46,49,53,57,52,63,94,127,126,114,106,103,103
60,60,53,41,32,31,34,39,46,53,58,60,61,62,61,55,64,93,128,133,121,110,106,106
55,50,40,32,31,32,37,47,55,59,65,70,72,72,69,60,65,93,130,137,129,120,114,112
