118,118,118,120,122,125,128,132,135,140,144,147,149,151,151,149,149,151,154,157,154,148,138,126
121,120,120,120,121,123,124,126,128,131,134,137,141,144,145,146,147,149,151,154,154,151,144,136
124,123,122,123,123,123,122,122,123,124,125,128,130,132,135,138,140,141,142,146,150,151,149,146
125,125,125,126,127,126,123,122,123,123,124,125,126,126,127,131,133,133,133,137,142,144,145,146
125,126,127,129,131,130,128,127,127,128,129,129,129,128,127,129,130,130,129,129,132,134,134,134
127,127,127,128,131,132,131,130,130,129,128,128,129,129,127,128,128,128,128,128,129,130,130,130
122,122,121,122,125,126,127,126,125,122,121,122,123,124,123,123,122,122,122,123,123,124,125,124
121,120,119,119,120,121,122,122,121,119,118,119,121,120,120,120,118,118,119,119,119,119,119,119
125,124,122,121,120,120,121,122,121,121,120,122,123,122,121,121,120,120,120,119,119,119,118,119
126,126,125,125,124,124,124,124,124,123,122,124,125,125,122,123,123,123,123,122,122,122,122,122
121,122,123,123,123,123,123,123,124,125,125,125,125,125,124,124,123,122,121,120,121,121,121,122
118,118,119,120,120,120,121,123,123,124,126,124,123,123,123,123,123,122,122,123,123,123,124,125
119,119,120,121,121,121,123,126,127,127,129,129,128,129,129,129,129,129,130,130,130,129,128,129
124,124,125,126,126,127,128,131,132,132,133,134,136,137,138,136,136,136,135,136,135,133,131,131
130,130,130,130,130,130,130,131,132,131,130,130,131,133,135,134,132,129,128,128,130,129,128,129
130,129,128,127,129,129,127,126,127,126,126,126,126,128,129,129,128,126,124,125,127,127,128,129
129,128,126,126,128,129,127,125,125,125,124,125,126,126,126,127,128,127,126,126,128,128,129,130
127,127,126,126,128,129,127,126,126,126,125,126,127,127,127,126,127,128,127,127,128,128,128,127
123,124,125,125,125,125,125,125,126,125,124,125,125,125,125,124,124,125,125,124,125,125,124,122
120,120,120,120,120,120,119,118,119,118,118,117,117,117,116,116,117,118,118,118,120,121,122,120
115,114,113,113,114,113,112,111,111,111,111,111,111,110,110,111,113,113,113,114,116,118,119,119
113,112,111,112,113,113,112,112,111,111,112,112,112,111,111,113,114,114,113,114,116,117,118,117
115,114,113,113,115,116,116,115,115,116,116,116,117,117,116,117,118,117,117,118,119,119,119,119
117,116,115,115,117,117,117,117,117,119,119,120,121,121,119,120,121,121,121,122,121,120,121,122
