121,122,125,128,132,134,139,143,146,148,150,151,150,149,150,153,156,156,151,145,133,127,126,124
121,122,123,124,126,127,130,133,136,139,143,145,146,146,148,150,152,154,153,149,140,136,134,130
123,124,123,122,122,122,123,125,127,129,132,135,137,139,140,141,144,148,151,150,148,147,147,145
127,128,126,124,122,123,123,124,126,126,126,127,129,131,133,132,135,139,143,144,146,149,151,153
131,131,130,128,126,127,128,129,130,129,128,127,128,129,131,129,129,130,132,134,135,137,140,143
130,131,131,131,130,130,129,128,129,129,129,128,127,128,128,128,128,129,130,130,130,130,132,134
123,124,126,127,126,125,123,121,121,123,124,123,123,122,121,122,122,123,124,125,124,123,124,124
118,119,120,122,122,120,119,118,118,120,121,120,120,119,118,119,119,119,119,119,119,119,120,121
120,120,120,121,122,121,121,120,120,123,122,121,121,121,119,120,120,119,119,118,119,119,121,123
125,124,124,124,124,123,123,123,123,125,125,123,123,124,123,123,122,122,122,122,122,122,123,125
123,122,122,123,123,124,125,126,126,125,125,125,125,124,122,121,120,121,121,120,121,121,121,121
120,119,120,121,123,124,124,126,126,123,123,123,124,124,123,122,122,123,123,122,124,125,126,127
121,121,121,123,126,127,127,128,129,128,129,129,128,129,129,129,130,130,130,128,128,130,132,132
127,126,127,129,131,132,132,132,134,135,138,138,136,136,136,135,135,135,134,132,131,131,130,130
130,130,130,130,131,132,131,130,130,130,133,135,135,132,130,128,127,129,130,128,129,127,124,122
128,128,128,127,126,126,126,126,127,126,127,128,129,129,128,125,124,126,127,127,129,128,125,122
127,128,129,127,125,124,125,125,125,126,127,126,126,127,128,126,125,127,128,128,129,130,128,126
127,128,128,127,126,126,126,125,126,127,128,127,126,126,128,127,127,127,128,128,128,127,126,125
126,126,125,124,125,125,125,125,125,125,125,125,125,124,125,125,124,124,125,125,123,121,120,121
121,121,120,119,119,118,119,118,117,117,117,116,116,117,118,118,118,119,121,122,121,119,118,118
115,115,113,112,112,111,111,112,112,111,110,110,110,112,114,113,113,115,117,119,119,119,118,119
113,113,112,112,112,111,111,112,112,111,112,111,112,114,114,113,113,115,117,118,118,118,118,119
115,115,115,116,116,115,115,116,116,116,117,116,116,117,118,117,118,118,119,119,119,119,120,121
117,117,117,117,117,117,118,119,119,121,121,120,119,120,121,121,122,122,121,120,121,123,123,123
