87,84,84,86,83,79,89,102,106,100,96,100,98,87,80,83,86,84,81,88,100,100,93,89
91,90,90,89,84,82,91,101,104,99,93,99,104,99,88,84,87,88,85,89,98,96,90,88
91,92,91,86,80,84,89,94,95,96,89,96,105,107,98,89,90,95,95,91,94,91,85,85
88,92,90,83,79,86,89,88,89,92,87,92,101,107,106,96,95,100,103,95,94,93,89,87
91,96,98,92,85,89,93,94,92,91,87,90,96,103,108,102,97,98,102,101,100,103,104,99
106,107,103,94,85,88,98,101,98,93,87,90,95,101,106,102,95,93,99,103,98,99,105,110
116,108,95,85,86,96,109,116,114,105,97,97,99,100,102,103,100,96,96,101,99,95,99,108
109,100,89,83,87,98,112,124,128,121,113,107,104,103,101,101,102,99,96,99,103,101,100,103
101,100,98,94,89,93,104,117,127,126,122,115,111,109,104,97,98,99,96,96,103,107,105,101
112,117,117,108,92,87,91,100,107,108,114,115,116,114,108,96,93,92,88,89,92,99,104,103
104,105,105,102,92,88,89,92,94,94,101,102,103,106,109,101,94,89,84,84,90,97,103,108
95,95,95,92,87,86,90,94,93,89,93,93,93,98,105,104,98,91,87,87,92,97,103,110
90,90,89,84,76,77,86,93,94,90,89,88,88,92,100,104,102,97,92,92,96,101,106,111
91,89,88,83,73,72,81,90,94,92,89,87,87,91,96,101,105,105,100,98,103,107,109,108
100,96,95,95,90,84,87,94,98,95,95,95,94,94,95,99,108,114,114,112,113,113,106,95
107,102,101,102,100,94,92,97,103,106,112,121,123,116,106,103,111,118,119,116,110,100,89,82
107,102,99,99,100,98,102,111,123,135,149,160,160,150,131,120,124,129,120,99,91,99,112,119
116,109,101,100,104,112,127,144,157,166,178,186,187,180,164,143,133,129,119,89,93,119,146,156
132,125,116,114,123,138,160,177,180,173,174,182,188,190,185,162,130,113,112,101,120,145,160,159
125,129,135,143,154,164,168,163,149,134,133,148,159,162,164,156,119,95,104,119,131,143,152,155
122,135,149,155,150,148,135,118,108,108,109,118,121,116,110,106,97,99,116,128,129,133,137,135
148,154,157,147,126,113,100,92,95,104,104,99,92,86,86,93,102,113,126,130,127,129,132,130
174,168,151,124,100,89,87,91,98,102,96,88,86,95,113,125,128,128,129,129,120,115,113,112
176,165,134,101,86,88,95,100,99,92,79,80,100,132,160,166,152,136,131,128,108,90,79,75
