134,134,133,130,129,126,124,123,122,121,123,126,124,121,120,118,113,109,108,108,108,104,101,102
132,132,131,130,129,128,126,125,124,124,126,127,125,122,122,122,119,116,116,116,117,117,119,126
138,137,135,134,133,132,129,128,128,130,130,129,127,125,126,128,127,126,129,137,145,151,158,166
149,148,145,142,142,140,138,135,134,136,136,135,132,129,131,137,142,146,153,164,176,181,183,184
161,159,155,152,153,155,155,151,147,146,146,144,140,137,136,147,163,174,175,176,180,175,162,150
165,164,162,160,161,162,165,163,161,161,160,157,155,150,136,137,154,161,150,136,129,118,99,83
166,167,169,170,170,169,170,169,168,169,168,167,170,168,149,122,117,112,95,83,75,66,57,49
173,174,177,179,179,178,176,176,176,177,176,176,179,179,159,118,96,80,62,54,50,46,46,50
187,187,188,189,190,188,186,184,183,181,176,172,172,171,159,129,109,92,75,69,70,69,74,85
200,199,197,196,196,195,193,189,180,168,156,146,141,140,142,139,137,129,118,116,120,123,127,135
183,183,184,185,184,185,184,175,157,137,125,119,111,101,97,100,109,115,119,132,141,138,127,120
149,148,150,148,139,135,136,135,131,125,113,104,98,93,92,101,117,127,128,130,128,117,101,90
132,129,127,121,108,105,109,116,125,135,131,124,123,129,132,137,143,141,130,121,112,99,86,77
141,137,134,128,119,119,126,134,144,156,161,158,160,168,171,164,153,137,122,115,110,101,91,85
157,156,158,161,158,150,154,161,166,167,167,157,150,149,147,142,133,124,120,120,120,112,103,99
166,166,169,171,168,157,152,147,141,134,135,129,124,123,126,130,128,126,126,132,136,138,137,135
173,172,170,170,170,164,151,136,124,119,122,124,125,127,133,140,147,151,150,149,147,143,132,119
162,158,154,159,170,170,156,142,135,133,133,139,147,154,159,159,161,159,150,135,123,111,94,76
136,129,128,143,170,171,163,160,162,160,156,159,166,170,168,153,139,126,110,88,72,63,55,47
124,118,119,137,165,170,166,162,161,165,171,171,160,139,116,94,78,70,66,59,54,53,55,58
149,147,141,138,148,150,140,124,111,112,122,118,102,80,64,56,54,57,61,57,57,79,107,121
150,153,145,136,133,123,98,75,67,75,83,80,68,54,45,46,53,62,67,59,56,79,111,126
132,135,133,129,125,107,70,47,48,63,69,68,62,54,49,52,58,66,68,56,47,55,74,88
120,121,122,123,123,110,71,47,48,61,67,67,62,56,55,57,61,64,63,50,38,36,45,57
