52,55,61,67,73,88,116,136,138,128,124,127,135,150,173,159,113,74,68,90,116,133,132,119
52,54,60,72,89,108,123,134,139,134,127,128,136,152,173,167,133,101,94,106,115,132,148,151
56,55,59,79,114,132,131,129,132,135,127,123,128,146,169,173,156,134,117,104,88,96,121,140
59,58,64,89,130,141,137,130,128,131,125,116,119,137,162,175,172,156,127,90,63,58,72,89
58,64,80,105,130,132,136,138,137,132,124,116,119,135,157,172,177,162,128,85,71,60,51,49
70,88,111,127,133,129,131,136,141,144,131,119,121,137,153,160,168,162,129,86,70,60,50,47
108,120,127,128,132,131,131,134,139,143,132,122,124,139,157,157,161,148,109,66,55,51,47,46
133,138,135,129,130,132,134,135,137,140,134,128,130,144,161,159,154,131,87,51,44,45,45,44
138,141,140,136,132,131,137,140,139,140,140,137,139,150,162,161,152,120,73,45,43,44,43,43
139,141,143,141,138,134,137,140,140,140,144,145,146,150,158,164,159,126,72,43,42,43,43,42
136,137,134,131,132,132,131,130,131,134,135,134,134,140,156,174,177,143,82,43,41,45,45,45
133,137,135,130,130,133,131,130,132,138,134,129,128,137,156,177,181,153,98,48,45,49,49,47
131,137,139,137,133,136,135,131,132,138,134,126,119,122,142,172,182,164,118,59,47,49,50,48
136,139,144,144,139,140,139,131,125,128,132,126,113,108,129,166,185,178,143,79,54,48,48,47
150,149,146,141,141,142,142,133,120,121,133,138,132,129,146,174,191,192,170,112,74,57,51,50
151,147,126,108,114,135,143,140,133,132,141,147,145,143,152,174,186,187,172,130,101,87,82,78
143,138,106,74,81,125,146,151,148,139,137,141,144,144,148,168,180,184,173,138,113,107,109,110
147,143,110,75,76,122,147,156,156,148,136,138,142,144,145,166,184,190,179,143,118,113,120,126
159,158,138,110,100,120,138,148,155,161,149,143,145,146,143,162,183,193,181,144,115,106,113,120
148,152,152,136,102,90,109,131,150,168,159,145,139,138,127,131,144,160,163,129,93,83,94,105
148,151,151,131,89,83,104,127,143,154,149,142,134,125,112,98,87,97,121,128,113,96,90,95
149,146,129,98,70,88,113,130,133,125,117,121,120,111,105,100,87,87,108,131,141,123,99,89
131,118,88,59,54,87,115,130,126,105,84,104,124,123,116,117,112,112,124,138,163,155,128,110
100,78,52,38,45,77,107,125,125,105,71,105,149,159,137,120,119,130,142,146,172,179,165,149
