157,157,149,141,142,164,170,170,167,163,158,158,159,160,164,154,136,120,109,95,107,123,134,138
138,148,157,159,159,172,178,178,175,169,165,169,173,174,176,171,163,154,138,106,101,108,117,121
121,126,133,140,148,161,176,186,187,182,179,184,191,192,187,184,182,176,159,123,106,105,109,113
131,124,111,102,103,118,144,167,182,192,192,193,196,197,190,184,181,177,165,140,129,126,127,128
161,156,132,93,59,62,85,115,147,180,191,182,176,178,180,174,170,170,166,152,151,158,160,155
142,145,148,127,74,52,60,75,96,129,149,139,129,136,152,154,157,161,157,131,123,139,156,156
130,129,141,143,111,64,48,46,55,77,98,92,82,86,102,112,123,134,136,121,111,120,131,130
130,124,130,143,141,102,75,60,58,72,102,101,84,72,74,76,83,97,110,110,106,109,112,108
136,130,128,137,150,140,122,105,96,105,137,142,122,97,87,74,69,79,98,105,104,101,98,93
138,138,136,135,138,145,144,141,136,131,140,148,144,130,123,109,101,107,119,117,108,94,81,75
140,145,147,140,128,132,139,143,144,146,145,143,139,136,137,135,141,140,126,109,109,109,107,106
150,155,159,153,138,132,136,143,152,165,170,165,159,157,159,150,155,152,128,105,111,123,137,149
149,151,155,155,146,136,131,136,151,169,180,179,175,175,178,167,166,161,144,128,132,141,153,167
138,135,138,142,142,135,127,130,142,156,168,172,173,176,184,181,178,175,169,166,166,162,161,166
131,130,134,138,136,135,137,140,143,148,157,161,164,169,175,174,174,175,175,174,176,174,174,178
147,151,158,162,158,155,153,149,146,149,152,153,155,159,165,163,163,164,164,160,161,166,174,183
153,156,163,170,172,172,167,159,153,157,155,156,163,172,179,177,172,167,160,149,142,145,157,170
149,148,152,157,162,168,169,162,156,162,159,160,165,174,184,185,180,173,166,156,143,132,133,144
141,139,138,138,138,147,154,153,150,156,158,157,152,149,158,166,170,170,170,170,162,141,124,124
131,129,129,127,125,131,136,137,138,144,156,159,147,130,126,135,147,154,156,161,171,166,152,144
118,119,122,125,126,132,136,137,134,133,140,151,152,143,133,130,130,131,136,153,168,171,167,164
117,119,125,131,134,136,142,144,141,138,143,151,160,163,157,147,137,131,136,151,162,165,166,167
125,127,133,138,137,135,144,149,147,147,156,157,162,171,173,165,157,150,150,156,162,163,161,161
132,133,138,139,133,130,141,147,145,149,165,159,155,164,174,170,170,168,162,161,171,170,163,157
