135,138,135,126,117,120,123,117,106,108,127,145,144,130,125,128,127,120,114,120,129,128,129,138
128,131,134,136,139,145,142,130,114,103,112,129,136,127,118,121,122,117,113,129,148,149,143,144
120,122,128,138,150,161,160,151,139,125,121,128,132,127,119,124,129,124,117,130,144,144,136,132
115,118,123,131,141,153,157,158,156,153,147,143,141,137,129,136,145,142,129,128,123,120,117,112
116,119,123,127,128,132,136,141,148,157,161,159,158,154,142,143,155,159,148,136,119,111,112,113
119,123,130,136,137,135,132,134,144,158,164,161,159,157,147,141,145,151,155,150,143,137,136,140
131,135,143,150,151,146,141,141,147,156,163,161,158,156,156,149,146,151,155,148,144,143,145,148
136,138,145,153,155,153,148,144,144,150,157,155,150,149,157,154,152,155,155,142,141,144,148,150
138,135,136,139,142,145,143,136,134,145,152,144,135,136,146,149,152,154,151,140,139,143,146,147
149,139,126,117,116,124,127,124,128,147,155,139,123,120,129,136,140,142,141,138,133,132,135,138
144,137,126,115,111,122,134,136,138,152,164,154,131,114,117,123,126,130,134,133,127,126,131,137
146,142,133,121,112,118,132,138,138,147,157,153,134,114,116,121,121,121,125,127,124,120,121,127
157,153,145,134,123,121,129,132,134,142,147,144,134,127,131,134,128,120,118,121,121,116,114,117
167,164,159,154,147,138,133,130,132,142,143,135,134,145,152,150,140,126,116,116,116,114,112,114
164,163,166,171,174,162,146,137,139,144,142,134,136,150,154,149,146,138,124,118,113,111,111,113
161,160,160,165,170,167,155,145,143,147,147,143,141,144,145,138,139,143,143,136,120,109,105,105
167,164,160,160,163,164,165,164,163,164,163,161,159,158,158,158,157,153,147,143,129,113,102,98
163,163,160,159,161,166,177,184,184,181,177,173,173,174,174,176,170,158,147,147,142,128,111,101
140,146,150,151,154,165,177,185,187,181,174,169,170,174,172,169,161,153,149,151,153,143,127,116
117,121,123,122,123,132,144,154,157,154,153,155,156,157,155,150,144,141,142,141,144,142,134,129
114,116,116,113,109,114,123,128,127,124,128,132,133,131,128,125,120,117,118,123,129,131,132,133
108,111,112,111,109,115,126,132,129,122,122,123,124,126,123,114,109,110,114,117,119,121,125,128
115,117,119,122,125,129,136,142,142,136,132,130,130,130,126,117,116,121,125,119,113,113,118,122
136,137,139,142,145,141,137,140,146,146,143,141,137,129,123,123,128,133,133,120,108,107,114,120
