108,115,121,125,127,129,132,131,129,129,137,144,142,135,132,133,132,132,132,127,123,124,127,130
104,108,110,109,105,104,107,111,113,113,121,133,137,133,128,126,124,123,123,121,117,117,119,123
98,97,92,86,80,78,80,87,96,101,108,120,127,126,122,119,114,111,112,113,114,113,113,116
99,95,89,83,80,80,80,86,96,103,108,113,116,116,114,111,107,103,102,106,109,110,111,113
112,110,109,109,111,114,114,114,115,115,115,111,108,107,105,105,103,99,97,99,100,104,109,112
116,114,111,113,120,121,119,115,111,109,108,108,112,115,112,110,110,109,105,102,95,96,104,111
111,111,109,111,117,118,114,109,105,105,111,115,118,119,117,118,119,118,115,112,107,107,112,117
107,108,109,110,112,115,114,111,108,109,115,116,115,113,114,117,118,117,116,117,119,119,120,121
107,109,112,113,113,116,119,119,116,115,114,111,107,106,110,112,112,110,111,114,120,122,120,117
109,110,115,121,122,123,126,124,119,116,113,110,108,109,113,115,112,110,109,110,114,116,114,112
115,115,117,120,123,126,131,131,126,120,117,111,107,106,111,112,109,109,113,111,114,115,113,109
112,113,115,117,121,127,129,131,132,131,129,120,109,104,109,113,111,112,117,115,119,119,116,112
107,107,108,109,113,121,123,126,132,137,136,129,118,109,111,116,115,115,119,119,123,124,121,118
107,105,103,101,102,112,117,121,128,132,132,132,127,119,113,117,117,116,117,119,123,124,124,122
114,111,108,104,102,108,116,123,127,127,123,126,128,120,108,112,117,116,113,117,120,121,120,118
125,126,122,114,108,112,121,128,127,120,114,119,124,120,109,108,114,118,114,114,115,116,117,117
127,128,126,121,118,118,123,127,126,117,112,119,125,124,118,113,117,121,119,116,112,111,115,119
120,121,122,123,126,125,124,124,123,118,117,124,129,129,127,121,120,123,123,121,116,111,111,117
117,116,118,123,131,130,126,122,121,122,124,128,130,130,128,122,120,121,121,122,120,113,108,109
126,125,124,125,130,129,127,125,124,124,125,123,121,119,116,110,110,111,111,110,115,111,106,106
131,130,127,125,127,127,128,127,123,119,115,110,107,106,105,101,100,100,98,100,109,109,100,91
126,126,125,124,124,125,124,120,114,110,107,106,107,107,104,101,97,93,91,94,101,102,96,89
116,117,120,122,123,121,119,114,109,106,107,110,113,114,111,106,98,91,89,91,92,93,95,97
110,111,115,120,121,118,116,114,111,107,110,115,116,114,115,111,100,91,89,90,87,88,95,105
