103,100,101,108,116,123,131,147,164,171,163,157,153,150,142,123,135,157,153,104,103,127,139,127
104,103,104,108,115,119,127,139,153,162,158,154,150,144,138,123,128,147,152,112,102,119,132,127
107,109,109,109,110,114,120,127,135,144,149,152,150,142,133,126,128,138,144,127,114,117,121,117
112,116,116,110,106,109,113,115,118,126,137,146,148,142,129,128,129,131,133,137,133,127,119,112
117,121,121,114,106,105,108,109,110,116,124,132,138,137,128,122,122,122,124,134,140,139,133,125
115,119,121,117,108,105,106,108,109,112,116,120,124,127,127,122,119,118,119,122,127,131,135,138
114,114,115,114,110,106,107,108,109,111,117,119,120,121,125,123,120,120,121,123,129,135,141,145
116,114,111,110,108,107,108,109,109,110,116,118,117,116,118,121,123,126,132,135,141,147,150,152
118,117,112,107,105,107,109,111,111,110,114,116,116,113,114,123,131,138,145,150,151,154,157,157
115,117,115,110,105,107,111,114,114,112,117,122,124,122,124,136,147,152,153,155,154,153,154,157
117,117,116,112,108,108,112,114,113,114,122,132,138,139,142,152,161,160,155,156,156,154,153,154
127,125,120,115,110,111,113,114,114,112,119,131,140,141,139,144,151,151,145,146,155,157,156,155
134,129,123,117,112,113,112,112,113,112,118,134,146,145,135,130,133,133,130,134,150,156,155,157
131,125,120,116,110,111,109,108,109,114,123,141,154,155,144,131,124,121,118,124,143,151,152,154
122,119,116,110,102,106,108,105,105,115,125,136,147,154,159,150,136,124,118,120,136,148,150,147
120,120,118,112,108,113,116,113,108,110,117,120,122,131,149,152,142,134,134,135,139,145,148,146
121,122,121,119,119,120,122,122,122,123,125,123,120,124,137,142,137,135,139,142,138,136,139,143
121,122,123,123,123,121,120,123,128,132,136,134,131,130,131,135,133,130,130,131,130,128,130,136
121,122,122,120,117,114,111,112,118,124,132,136,135,134,132,136,136,130,119,115,120,126,130,130
123,122,121,117,110,105,102,103,105,107,113,120,126,132,135,138,141,136,125,119,124,131,134,132
121,119,116,112,105,100,96,94,95,97,99,105,113,123,130,131,133,131,126,124,125,130,134,135
121,119,115,109,103,98,94,90,90,95,98,103,110,118,127,127,129,130,131,132,132,134,138,138
122,122,118,111,106,102,101,99,98,102,105,108,112,116,123,124,129,134,138,142,142,143,144,142
122,123,120,114,110,111,114,115,113,112,110,112,113,113,116,119,129,138,143,148,150,151,150,147
