27,27,26,26,27,27,27,27,28,28,28,27,26,25,25,25,24,25,26,26,27,28,28,27
27,27,26,26,26,26,26,27,27,28,28,27,26,25,25,26,26,27,28,26,26,26,26,25
26,25,25,26,25,25,24,25,26,27,26,27,27,28,31,36,40,41,38,30,27,27,28,29
28,28,28,29,30,30,30,33,36,34,31,31,35,40,47,56,62,62,55,41,35,37,40,41
42,41,41,43,46,49,52,59,63,58,49,47,52,61,68,76,80,78,70,56,54,58,61,57
71,71,71,72,76,82,87,90,92,90,78,67,65,69,73,79,83,81,74,68,67,73,75,68
87,87,86,86,87,91,94,94,92,87,78,68,62,61,61,65,73,78,75,69,65,70,75,75
87,88,88,88,88,90,91,89,85,79,73,66,62,59,56,56,64,72,75,71,66,67,70,71
77,78,81,83,84,86,87,87,85,81,76,71,67,66,63,61,62,68,74,75,73,71,69,64
64,64,68,73,76,80,84,87,90,91,84,79,75,73,72,72,68,67,70,76,77,77,74,68
63,62,65,69,73,74,77,80,84,90,84,80,78,76,73,72,73,72,71,77,78,77,77,76
72,71,70,72,75,75,74,74,78,88,87,83,80,78,77,75,76,76,74,77,79,80,81,82
82,80,78,77,79,79,78,77,81,89,92,89,85,82,82,80,80,79,78,79,81,84,87,86
86,84,82,81,81,82,84,85,86,90,94,93,89,87,87,86,85,84,83,83,82,85,87,88
85,85,85,84,83,83,85,84,82,84,89,91,90,89,90,89,89,89,88,87,82,79,80,84
87,87,87,87,86,88,91,91,88,90,96,97,94,90,89,89,90,91,92,93,91,86,84,86
90,90,90,90,92,94,98,99,99,100,103,103,100,95,92,92,91,90,88,89,90,89,87,87
95,93,92,92,95,94,95,97,99,99,99,100,101,100,99,99,96,92,88,86,88,88,88,87
99,97,93,90,90,86,84,84,85,86,87,91,95,100,104,104,101,97,95,93,92,91,91,91
98,95,89,85,83,79,77,76,77,78,82,84,87,92,97,99,99,99,101,102,101,100,100,101
97,95,89,82,79,80,81,82,83,84,85,81,78,77,81,85,88,90,93,96,97,97,97,97
94,93,88,81,80,84,86,86,85,84,84,79,74,73,75,77,80,82,83,84,87,90,92,92
90,90,88,86,85,87,87,85,83,82,81,78,76,77,78,79,79,79,79,81,83,86,88,89
85,86,90,93,91,88,87,84,82,81,82,80,80,81,83,83,81,79,82,87,90,90,88,86
