58,61,66,67,61,56,62,70,75,77,83,88,92,97,100,96,87,76,67,57,48,43,41,40
59,60,64,68,66,61,61,64,68,71,77,81,84,87,90,87,79,70,63,54,48,46,46,46
66,63,63,65,68,66,65,65,64,65,72,77,77,75,76,75,72,67,62,56,53,53,53,53
74,70,65,62,67,71,74,75,73,68,71,77,77,72,70,69,69,67,63,60,60,60,60,61
77,76,72,67,67,73,81,89,89,81,74,77,81,78,74,69,68,68,65,63,63,66,69,70
75,78,79,77,73,73,78,83,85,80,70,68,72,76,74,70,71,74,74,67,62,62,67,72
76,79,84,86,83,79,80,81,80,77,73,71,72,75,75,74,75,77,78,74,71,67,64,63
85,86,90,92,91,86,86,85,82,77,77,78,79,79,79,80,81,81,81,80,79,75,72,71
94,94,95,95,92,89,89,89,86,80,79,81,84,86,85,85,87,87,85,85,86,88,90,90
96,96,98,97,92,86,86,87,86,83,78,79,85,90,89,87,87,89,91,93,98,104,103,99
94,94,96,97,94,88,86,86,86,86,83,79,81,85,88,87,89,93,98,103,107,109,107,103
95,92,92,93,93,89,88,87,86,88,87,84,82,83,85,85,88,94,97,97,95,96,98,101
95,90,87,88,93,91,91,90,89,91,94,91,88,87,88,87,87,89,90,89,87,89,93,96
94,91,86,87,94,94,93,94,95,96,104,103,97,93,94,90,85,82,83,87,92,95,93,86
96,99,98,95,96,94,90,94,102,104,116,122,112,97,90,85,82,81,83,91,97,94,79,61
122,123,116,104,98,95,92,96,103,108,116,127,126,111,93,82,80,82,86,89,84,70,50,35
130,134,131,124,117,108,100,97,101,109,114,122,125,119,109,99,94,93,92,83,66,52,42,36
105,115,124,128,129,123,115,108,107,112,113,111,106,104,109,112,107,97,84,68,52,50,55,57
65,78,95,109,119,126,126,120,114,111,107,93,77,69,82,101,104,88,64,51,45,55,68,74
57,65,77,89,99,111,113,104,91,83,80,72,59,48,51,74,83,75,60,52,40,42,51,56
81,84,91,95,93,91,83,71,59,51,59,65,62,53,52,63,64,60,59,58,43,36,36,36
95,93,91,86,74,65,61,59,57,57,72,79,72,57,55,63,62,60,60,55,42,33,30,29
83,78,72,63,54,51,58,70,79,85,95,93,74,50,47,58,65,68,66,55,42,34,30,30
59,55,50,48,50,55,68,84,98,105,102,91,67,41,34,45,60,70,71,62,47,36,31,31
