50,56,64,72,79,96,118,135,137,126,136,156,168,165,157,153,155,159,166,171,164,152,143,139
41,44,49,54,59,71,86,106,119,118,124,138,151,159,159,154,149,144,140,136,130,131,139,146
33,34,36,38,40,44,54,76,97,100,96,105,115,122,124,116,109,102,92,81,75,92,121,140
35,34,32,31,32,32,38,58,76,73,65,74,81,79,77,70,66,63,57,42,37,63,102,127
53,48,40,34,33,32,36,47,53,45,47,62,70,65,62,59,60,63,59,41,36,63,103,125
87,81,70,58,49,38,34,34,34,33,49,70,80,80,84,81,82,83,75,51,45,75,115,134
72,75,79,81,76,58,45,34,27,30,57,84,91,83,85,88,89,92,89,71,58,79,114,133
43,49,58,68,72,65,54,39,27,32,65,90,94,83,82,88,90,92,92,81,67,79,108,129
30,31,33,39,50,58,55,40,28,38,76,93,92,86,85,91,92,92,91,83,70,80,106,126
49,43,37,39,48,53,47,33,29,49,91,103,97,91,92,98,98,97,96,86,73,84,107,121
85,68,50,45,54,53,41,29,30,56,97,112,109,103,101,104,103,100,94,83,66,80,110,128
82,69,51,43,49,48,34,25,30,56,90,108,111,107,103,103,103,101,96,84,62,74,108,133
62,56,44,36,40,37,28,28,43,64,83,96,102,102,98,100,105,108,106,93,68,71,101,131
45,41,34,30,31,28,28,43,64,78,80,84,91,95,95,97,108,118,117,104,79,73,95,126
33,30,28,27,26,28,41,61,78,84,79,81,90,99,100,98,106,117,120,111,90,77,92,123
52,48,42,35,28,30,43,63,81,89,85,88,97,105,106,103,106,115,123,122,108,88,92,121
72,69,60,45,30,30,46,69,87,92,90,94,102,107,104,102,106,115,125,128,120,97,91,112
68,67,58,43,30,30,49,74,88,83,79,81,88,93,90,93,101,116,130,132,125,105,95,103
47,45,38,31,27,30,48,68,75,63,53,51,57,64,67,73,86,109,134,138,126,112,102,102
48,39,30,26,27,30,39,49,53,45,35,32,37,44,47,49,56,83,124,142,126,106,97,99
60,44,29,23,26,29,31,35,39,39,33,32,38,47,53,53,50,65,101,132,127,112,104,105
58,44,30,26,28,30,31,34,40,45,41,41,45,51,58,57,51,60,90,126,131,121,109,103
47,38,32,31,30,33,35,40,47,54,55,56,56,57,60,58,52,60,89,126,136,129,114,103
37,35,33,32,31,34,39,44,51,60,67,69,68,67,64,59,51,59,89,128,139,133,120,110
