124,122,118,115,113,111,121,133,140,139,140,145,159,173,171,161,151,147,151,158,150,144,143,145
135,133,131,129,124,115,118,128,139,144,144,148,161,175,173,164,153,149,153,154,139,133,140,150
144,143,144,145,142,132,129,131,138,146,146,152,163,173,173,167,157,150,148,141,126,123,133,144
148,148,151,154,154,152,148,144,141,144,145,151,161,168,171,172,163,151,139,127,120,122,129,132
152,151,150,151,154,159,161,156,148,141,139,147,157,166,171,176,171,155,134,120,122,129,132,127
157,149,139,136,141,150,153,150,142,134,136,150,166,173,170,168,168,158,135,116,120,126,126,121
151,144,138,138,141,142,137,127,119,124,138,147,159,170,168,159,164,163,144,120,120,123,126,128
151,148,149,153,156,153,144,126,111,116,132,135,143,158,163,155,160,163,150,123,119,121,129,139
150,152,157,165,170,169,164,148,130,125,131,129,133,146,153,152,157,161,151,126,118,119,129,141
138,142,149,157,163,164,165,163,160,158,151,144,143,145,142,147,158,163,153,134,124,118,120,128
142,141,143,149,157,160,158,156,159,165,158,152,151,152,144,146,155,162,159,150,140,132,131,136
149,147,145,147,151,152,146,141,142,148,140,134,133,138,141,148,154,158,157,145,137,138,142,142
145,145,144,143,140,138,132,126,124,126,124,122,123,127,132,140,146,152,151,135,127,136,143,138
125,129,134,135,129,127,127,126,125,124,126,133,137,134,129,129,137,147,148,131,122,129,134,128
99,106,119,128,131,139,147,155,158,150,142,152,158,153,146,138,142,151,153,137,125,124,123,116
90,97,108,115,121,136,149,159,161,152,135,137,144,146,146,142,147,156,159,144,130,125,122,116
100,102,105,106,108,122,138,148,147,138,125,125,131,132,126,120,122,134,149,147,135,127,123,121
120,116,109,103,103,113,126,134,136,137,137,143,145,138,124,111,102,107,126,139,135,124,117,117
137,130,118,109,108,114,119,124,133,148,162,173,173,161,149,135,115,105,114,127,130,121,111,109
133,132,127,121,116,116,116,118,123,131,143,156,163,164,163,160,153,146,142,136,133,130,125,123
140,137,134,131,129,122,118,119,123,125,125,132,141,146,148,153,158,159,158,154,154,147,137,131
145,144,143,143,139,127,120,120,126,129,128,129,131,133,136,147,158,164,164,159,163,156,139,126
149,150,154,155,146,132,124,126,134,138,138,136,132,129,133,146,158,164,164,157,159,156,146,136
154,155,162,165,152,137,131,135,143,145,140,136,132,130,136,145,154,162,164,157,149,154,162,163
