118,118,129,143,147,137,124,120,130,149,142,138,140,137,117,98,92,99,111,120,121,118,114,114
118,118,130,145,149,140,129,123,128,139,132,132,135,132,115,99,92,94,101,110,113,111,107,105
121,121,129,139,144,139,133,128,126,128,124,127,129,124,113,104,99,95,93,95,96,95,93,92
126,125,127,131,133,131,132,130,126,124,126,129,128,124,119,114,110,103,94,88,87,85,86,89
129,127,127,127,125,121,124,128,129,130,134,134,135,137,136,128,121,114,106,98,97,97,99,102
117,115,117,121,122,122,127,132,133,133,133,137,145,151,149,140,133,127,120,113,111,114,115,111
121,121,125,130,132,133,134,132,128,127,125,133,147,156,152,142,137,133,127,121,120,125,125,116
140,141,143,144,143,141,139,133,126,125,120,127,141,151,148,140,137,136,132,125,123,128,129,123
151,151,150,147,144,143,141,135,128,127,123,125,134,142,140,134,132,135,136,130,126,125,125,123
134,134,134,133,133,137,142,136,126,124,127,130,133,135,129,122,121,128,136,135,130,122,113,107
123,126,131,133,128,126,128,125,120,121,128,132,134,133,126,119,118,121,124,126,125,118,107,98
125,127,131,129,117,110,108,106,109,120,131,130,125,123,123,122,123,122,116,111,110,107,101,96
130,130,128,119,106,102,104,107,113,124,133,128,120,117,120,126,128,123,114,106,106,104,100,97
132,130,123,111,101,103,116,127,132,132,130,126,120,116,119,129,129,122,114,111,113,110,103,98
127,128,124,115,106,106,124,143,150,138,125,118,115,115,120,131,129,121,115,109,113,112,103,93
133,131,128,126,122,116,120,131,139,134,120,112,114,121,126,132,131,125,118,110,116,119,111,100
132,126,122,122,124,120,123,129,134,134,126,121,123,130,134,133,128,121,116,113,122,125,120,112
117,115,113,113,114,116,122,127,132,135,134,132,131,130,127,122,116,111,111,113,121,127,126,121
96,103,110,109,103,104,109,114,120,127,131,133,126,114,103,100,99,102,108,107,111,120,124,119
88,94,102,102,93,91,92,94,97,102,106,111,108,94,81,87,97,104,106,103,105,107,107,105
81,83,87,91,90,88,88,87,83,82,83,89,91,85,74,84,101,110,109,105,103,102,101,101
84,86,90,97,101,101,104,105,101,93,86,84,84,84,79,88,104,113,113,112,110,108,106,104
92,95,100,106,112,115,119,122,121,113,100,92,88,87,90,97,107,113,115,115,116,115,113,111
97,99,102,106,112,115,117,120,122,118,107,102,96,92,97,106,111,113,114,111,113,115,115,114
