83,73,55,40,35,43,77,117,139,131,124,128,132,127,113,105,99,101,110,114,117,119,128,140
82,72,57,44,37,34,52,89,126,141,132,128,125,120,112,105,99,100,106,109,111,113,121,130
84,79,72,67,60,44,38,54,92,137,149,142,128,116,111,108,103,103,109,109,106,106,111,116
98,99,102,104,98,78,52,40,60,112,153,160,146,126,118,115,111,113,121,119,109,105,106,108
122,125,132,136,129,115,86,59,55,86,132,163,168,152,135,127,123,127,135,130,118,111,112,115
118,121,127,128,120,118,105,92,91,106,118,140,158,163,159,152,142,136,134,129,126,127,135,144
122,114,107,105,104,107,104,105,118,133,126,132,147,163,172,170,162,152,144,134,132,138,147,153
117,102,93,94,102,105,106,115,131,144,137,136,145,161,176,182,179,172,162,149,142,142,145,146
108,97,94,104,115,118,122,130,139,142,142,144,149,158,170,183,187,185,178,164,153,146,142,142
115,111,113,123,134,137,139,143,146,141,142,146,150,151,153,167,176,180,178,171,164,157,154,157
143,138,134,137,144,140,134,136,143,143,143,145,146,142,138,147,154,161,170,178,180,174,166,164
163,154,142,140,150,146,138,141,152,155,152,150,147,141,135,141,143,148,159,176,185,183,175,167
162,156,145,142,152,152,150,154,164,169,166,165,162,156,151,155,150,146,151,167,176,180,178,174
144,147,144,139,141,146,157,166,173,178,179,180,180,178,172,172,163,151,147,156,161,168,176,181
126,128,125,117,110,122,153,172,177,179,179,181,183,182,175,169,160,152,148,151,153,158,168,178
106,102,99,102,110,133,163,175,172,172,173,175,176,175,168,160,151,144,144,150,154,155,159,167
98,97,106,125,147,162,172,173,168,167,166,166,167,169,167,160,148,139,139,146,154,155,155,159
103,110,124,144,163,167,168,169,169,169,167,166,166,170,173,168,153,140,137,145,155,155,153,155
111,121,130,136,139,143,153,166,176,176,175,173,173,174,178,175,159,142,138,145,156,154,149,153
109,116,124,130,135,139,148,161,173,177,175,174,172,169,167,163,150,136,131,137,146,144,144,154
125,130,141,151,153,140,136,141,150,152,150,147,141,133,130,132,131,126,118,114,114,118,136,163
143,141,148,160,164,148,133,121,116,119,131,139,134,119,110,112,121,127,123,109,100,102,121,148
141,142,152,165,169,157,140,119,99,96,118,143,149,133,112,111,127,141,137,117,107,105,110,118
123,135,159,178,175,158,150,132,106,89,110,144,163,151,122,119,141,156,145,123,117,116,109,98
