113,109,101,94,93,91,102,109,103,93,119,153,162,145,135,132,118,90,61,63,82,89,87,84
109,108,103,99,98,95,101,103,98,97,121,148,155,141,130,127,118,95,68,64,76,81,83,85
101,102,103,103,100,96,92,89,91,102,121,136,141,135,127,123,120,106,80,66,69,73,78,85
94,94,97,100,98,93,84,81,89,106,116,125,131,132,129,126,126,118,95,70,67,67,71,78
96,90,88,92,96,95,91,91,98,106,111,123,134,138,137,137,136,129,111,75,66,63,62,64
107,97,91,94,102,104,105,107,109,107,113,131,146,149,146,145,146,145,132,89,67,60,59,57
106,98,94,97,104,111,119,120,113,104,109,131,148,150,147,143,139,140,135,97,64,57,62,62
99,94,89,89,98,114,127,126,112,100,106,127,142,145,147,139,128,125,126,102,62,49,55,59
90,85,79,79,91,113,126,124,111,101,107,123,136,143,148,140,123,115,120,113,69,42,42,51
79,77,75,79,92,109,114,111,107,107,112,122,135,147,153,147,129,120,129,135,86,46,38,52
73,73,74,78,84,91,88,86,93,106,112,118,130,146,152,148,137,133,140,145,95,48,38,57
72,72,72,74,76,77,72,72,83,99,106,111,125,145,153,150,144,142,145,145,99,52,40,60
72,70,70,70,72,73,71,73,83,96,100,104,119,141,151,146,144,145,147,144,104,59,44,61
71,69,69,71,75,79,81,84,91,98,97,100,115,136,145,139,137,142,148,146,114,71,51,59
71,72,76,81,89,95,99,100,98,96,95,101,118,138,146,139,135,140,148,150,127,84,53,52
73,81,91,102,113,113,109,104,99,98,101,112,130,146,152,148,146,148,150,147,128,89,56,47
77,90,105,115,119,114,104,98,100,109,115,124,138,152,157,154,152,152,149,136,122,91,60,46
73,88,106,115,112,108,100,97,106,123,125,128,138,149,155,156,155,154,149,131,122,99,69,51
64,76,93,105,105,107,105,106,117,133,128,128,134,142,149,155,158,158,153,135,134,115,82,58
58,65,82,98,106,111,109,113,125,139,132,134,137,138,142,150,156,159,156,141,142,128,93,60
60,67,82,98,105,109,107,109,120,136,136,142,147,149,150,155,157,157,155,146,149,139,106,70
68,76,89,100,104,107,107,106,113,129,134,139,146,152,155,162,160,157,154,147,152,148,122,87
73,80,91,99,104,111,114,112,113,127,133,136,141,148,153,163,164,160,156,148,147,143,121,91
73,75,83,95,106,117,125,124,123,130,137,140,142,145,149,161,165,165,162,150,138,126,103,76
