53,53,60,82,113,119,125,131,137,140,139,136,136,140,141,125,112,109,110,98,90,82,81,90
52,51,60,85,115,118,118,121,127,134,136,135,134,132,128,117,115,119,119,105,94,84,84,94
62,55,61,88,125,127,117,110,112,118,126,133,133,125,115,110,121,132,128,111,95,84,85,95
80,68,63,85,128,137,125,112,106,105,112,125,130,123,112,110,126,137,129,109,90,77,76,83
96,84,68,74,114,137,133,125,118,108,105,112,118,117,114,117,126,130,121,100,79,67,63,62
93,93,84,81,101,125,128,128,129,124,114,105,101,104,111,120,127,129,122,103,82,71,67,64
82,92,98,97,99,116,121,125,130,130,121,101,88,92,106,112,119,124,121,106,90,79,72,65
75,90,103,105,100,111,121,127,129,131,124,104,88,88,103,102,106,114,116,106,98,88,78,72
75,88,102,105,100,108,125,132,130,129,125,109,93,90,106,101,101,106,111,106,105,96,84,80
72,85,100,106,102,107,126,134,129,128,124,108,93,92,111,113,111,113,115,110,112,103,88,80
68,78,93,102,104,114,130,136,133,134,133,116,97,93,115,121,123,125,124,119,119,109,90,73
67,73,83,95,107,124,136,139,138,139,137,120,99,93,116,121,122,123,123,121,122,117,98,74
69,73,80,91,106,127,137,140,141,146,142,125,102,94,121,125,124,123,123,122,122,124,114,94
71,76,82,90,103,124,136,139,142,151,150,135,110,99,125,134,133,131,130,125,124,129,131,122
68,74,79,86,103,126,140,140,137,147,152,146,126,108,119,133,139,139,137,133,131,134,137,137
55,62,71,84,106,130,143,139,132,138,145,146,133,116,111,117,126,134,137,132,130,134,137,137
39,49,68,91,114,133,141,135,126,129,137,139,134,126,122,122,123,126,129,124,124,130,133,132
26,38,67,100,122,134,141,136,126,127,134,135,134,133,135,136,131,126,126,122,122,127,128,125
21,33,66,104,125,134,143,142,135,133,137,137,135,133,136,143,141,134,131,128,127,128,125,118
22,32,64,103,127,136,145,144,136,134,138,139,135,131,130,135,137,138,136,134,133,132,126,116
26,32,60,99,129,141,147,145,138,136,139,141,138,133,133,136,138,140,141,137,135,135,129,120
27,30,52,90,127,142,147,143,138,138,142,143,141,137,137,141,141,141,142,137,136,137,133,124
31,28,45,82,122,140,144,139,134,137,142,144,142,139,137,142,142,141,142,139,138,139,134,124
38,29,42,79,119,137,141,134,127,131,138,142,143,140,133,139,141,142,144,143,140,140,134,120
