20,20,21,21,21,19,18,16,18,30,51,73,83,79,70,64,62,62,62,65,70,72,71,70
25,26,28,30,30,26,20,15,15,22,38,63,80,82,75,69,65,63,62,65,70,71,70,69
46,47,49,51,51,46,34,24,18,17,24,49,74,85,79,75,71,66,62,65,69,69,68,68
71,72,72,71,70,67,57,47,36,25,19,36,63,82,81,78,76,71,63,62,64,64,64,65
82,82,79,75,73,75,78,77,68,48,28,29,51,75,81,78,77,75,68,60,55,55,57,61
83,83,80,74,69,71,78,86,88,75,47,33,43,65,75,76,73,72,71,65,57,52,53,57
87,87,84,78,72,73,76,82,87,84,62,43,45,62,71,73,73,73,72,71,68,63,59,57
90,90,88,83,78,78,77,77,80,82,74,59,55,65,72,69,71,72,71,72,75,73,66,59
90,90,89,85,81,82,81,78,77,80,82,72,65,68,75,68,67,69,68,68,74,75,69,62
88,89,88,84,80,82,83,83,83,84,85,78,70,69,77,72,66,65,66,65,66,67,66,65
85,85,85,83,80,83,88,89,88,89,87,80,73,69,69,68,69,70,70,64,61,63,69,73
89,88,87,85,83,85,90,91,88,87,85,80,75,69,63,63,67,72,72,64,61,64,70,74
95,93,90,87,86,89,92,89,83,80,79,78,76,73,69,65,66,70,72,66,64,66,69,71
98,96,91,88,90,93,91,85,77,71,72,74,76,78,80,74,68,69,72,69,68,68,69,69
96,94,89,87,90,92,87,81,77,72,71,73,76,80,84,78,70,69,72,69,70,71,73,74
96,93,88,84,82,83,81,79,78,76,72,73,76,78,80,78,74,70,70,70,72,71,67,64
102,100,94,86,79,78,79,81,81,79,75,75,75,73,73,74,75,75,73,73,73,71,66,62
103,102,96,86,78,77,80,83,82,79,79,77,74,70,70,71,75,78,76,72,69,69,69,69
94,93,88,81,76,77,79,79,78,77,81,79,75,73,74,73,74,76,74,66,61,66,74,78
88,87,82,77,76,76,73,70,70,74,81,81,77,76,77,75,74,74,71,64,60,66,75,80
82,82,80,77,76,74,70,64,62,67,75,78,78,78,77,74,73,74,76,73,68,69,75,79
79,81,78,74,73,72,72,69,65,65,68,70,72,74,74,73,75,79,82,82,77,75,77,79
83,84,80,74,72,72,75,78,77,73,70,68,67,67,68,72,79,84,86,86,82,79,77,75
90,90,84,78,76,72,76,83,88,86,81,75,67,62,64,72,82,88,88,86,83,79,73,66
