114,121,127,129,125,120,118,120,122,120,117,117,120,120,113,110,110,110,109,108,109,108,110,113
112,117,123,124,121,114,112,115,118,116,111,111,116,119,113,109,110,111,109,109,109,109,112,115
116,120,124,123,118,110,107,111,117,116,109,108,114,119,114,110,113,115,114,113,112,115,119,122
125,128,128,126,121,112,107,111,118,120,112,110,117,124,120,116,119,122,122,120,119,123,127,130
130,132,133,131,127,119,112,113,119,122,116,114,122,132,131,127,128,130,130,128,126,129,133,134
130,134,137,137,135,128,120,117,121,127,127,126,131,140,142,136,132,132,132,131,128,130,133,132
127,131,134,136,136,134,128,125,126,131,134,133,136,143,145,138,131,127,127,130,129,132,135,135
126,130,133,134,136,139,138,135,133,133,134,132,131,136,140,136,130,125,123,128,131,134,139,141
124,129,134,136,137,142,143,140,137,134,131,125,120,122,129,133,133,128,122,125,131,135,138,141
118,124,133,138,138,137,136,136,136,134,129,122,114,111,118,128,134,130,121,119,125,129,131,133
116,121,127,131,129,126,124,127,130,130,126,122,117,114,117,125,131,129,122,118,122,125,125,126
119,120,122,123,122,119,119,122,126,126,124,125,126,125,125,128,132,132,128,124,124,125,126,128
126,124,123,122,122,122,121,124,127,126,125,128,131,132,131,131,133,134,133,130,127,126,128,129
132,130,127,126,127,128,126,127,128,128,128,130,131,131,130,130,130,132,133,132,129,127,127,127
131,130,128,128,128,127,126,125,125,125,127,127,127,126,127,127,126,127,130,133,133,131,128,126
129,129,131,132,132,130,129,128,125,123,125,125,124,124,124,125,127,128,128,131,134,134,132,130
130,132,134,136,135,135,136,136,134,132,132,132,131,130,129,129,131,132,133,134,135,135,133,132
133,134,136,137,138,138,139,141,141,140,139,138,138,137,136,134,134,134,134,135,135,133,131,129
133,133,133,134,134,133,133,135,137,137,136,136,136,137,138,135,132,130,129,129,131,130,127,125
127,127,125,123,121,120,121,124,125,124,124,124,126,126,127,126,123,122,121,122,124,125,125,124
122,122,122,122,120,117,116,119,122,121,121,121,120,119,121,124,125,125,125,125,126,128,130,131
118,120,123,126,126,124,120,121,124,124,125,124,122,121,124,128,130,130,129,129,130,131,133,134
120,122,125,129,132,131,127,124,126,127,127,129,128,126,129,132,131,129,127,128,130,131,131,130
126,126,127,129,130,133,130,127,126,126,126,129,129,128,129,130,127,123,122,124,126,126,125,123
