187,187,193,198,193,186,195,203,203,197,197,201,200,193,185,186,188,189,189,189,184,183,188,194
183,184,191,196,194,187,192,199,201,197,197,201,202,197,187,184,182,179,179,181,175,175,185,196
171,175,183,192,195,192,190,188,185,184,185,190,194,190,182,179,177,174,172,171,171,177,188,199
166,172,182,191,197,198,193,183,174,171,174,179,183,182,177,177,180,181,177,172,179,189,198,202
178,186,192,196,198,202,201,192,182,178,178,180,182,183,184,187,191,194,191,186,193,200,205,205
187,189,193,196,194,195,199,197,189,182,185,187,188,190,194,194,194,195,196,197,198,199,198,197
188,186,188,194,196,194,197,198,194,187,188,187,184,185,192,195,194,190,189,193,197,198,195,190
185,182,185,193,200,200,199,198,195,188,187,183,177,176,185,192,191,184,179,183,188,191,190,187
182,181,185,192,200,202,200,196,191,186,186,181,175,171,177,186,186,178,172,175,179,185,187,185
181,182,186,189,188,192,193,188,183,185,186,184,178,172,171,180,181,176,171,174,179,186,188,183
184,186,189,189,184,187,184,176,172,179,183,179,174,171,170,180,187,185,179,178,179,185,188,186
190,191,193,193,189,188,184,179,178,184,186,179,171,169,169,176,185,189,187,185,184,187,189,189
196,195,194,194,193,191,188,185,186,189,189,183,178,177,179,180,182,186,191,192,192,193,190,185
200,197,193,192,192,191,190,188,187,187,188,187,188,192,197,192,185,184,191,194,198,198,192,182
197,198,195,191,189,190,189,187,184,184,187,186,186,192,200,199,191,187,190,193,195,198,197,193
185,190,190,188,188,189,188,185,182,183,188,192,194,195,197,197,194,189,188,191,193,194,195,196
180,183,187,188,184,185,187,188,186,187,190,193,195,195,194,194,193,191,190,191,191,191,192,193
177,173,174,175,172,179,188,193,191,190,193,194,193,193,192,192,189,189,191,189,186,188,191,194
174,162,150,148,155,172,189,195,194,191,195,196,194,191,192,191,184,182,186,185,181,185,193,199
177,161,138,129,145,166,182,191,194,195,196,197,195,193,194,192,180,173,177,183,184,188,193,197
178,167,155,157,175,183,187,191,196,197,192,192,193,193,196,193,182,177,182,188,189,189,192,196
169,168,172,182,195,193,187,186,189,191,187,187,188,189,191,191,188,190,197,201,198,194,194,197
166,169,178,188,191,188,180,175,176,181,183,185,186,187,189,191,195,202,210,209,206,199,193,192
176,176,179,180,176,179,173,165,164,174,184,188,189,190,192,193,200,208,211,208,208,199,188,182
