185,187,191,189,175,160,165,172,174,174,189,195,194,190,186,191,188,177,168,177,191,196,198,201
179,180,185,186,176,162,168,179,182,178,187,192,193,191,187,190,190,184,176,178,185,190,194,196
170,171,175,177,172,163,166,176,182,180,181,182,185,188,186,185,185,184,182,183,180,180,184,187
169,171,175,177,174,169,168,169,170,171,174,171,173,180,184,181,178,179,183,186,179,173,175,183
182,184,189,193,191,186,181,170,157,154,170,170,167,172,183,182,178,178,181,183,179,173,175,186
185,193,199,202,204,202,196,178,158,153,175,179,175,174,181,172,166,167,171,168,168,169,172,178
170,178,187,191,194,203,201,185,169,173,189,191,187,184,182,167,162,167,171,162,162,164,166,168
159,156,159,164,166,181,189,182,177,192,200,198,195,195,190,175,173,179,183,174,174,174,177,183
163,150,148,151,147,156,167,169,172,194,202,199,198,202,199,189,188,194,197,189,189,190,196,204
177,174,178,180,170,160,156,151,153,176,193,196,195,197,199,193,193,197,198,190,188,189,193,198
179,183,189,193,191,186,178,163,149,150,167,172,170,172,185,186,190,196,198,189,187,189,190,190
174,181,189,193,192,191,189,180,168,159,164,169,170,173,186,183,186,192,194,186,186,189,192,194
167,172,182,189,187,186,189,190,185,176,172,177,181,185,191,181,175,177,181,179,179,183,189,192
164,165,173,183,185,179,183,187,185,182,180,184,188,190,191,179,166,163,169,172,173,176,179,179
170,167,167,175,183,172,171,175,178,178,182,187,187,183,182,183,178,175,177,179,178,178,174,166
185,181,177,177,183,173,168,172,178,173,173,183,189,185,180,190,198,199,194,188,186,181,176,174
200,194,182,177,187,189,186,185,183,174,169,177,187,187,180,191,207,213,202,186,182,178,175,176
187,178,170,174,190,197,196,193,189,184,182,187,195,198,191,198,212,216,202,180,174,171,168,167
137,127,132,153,173,177,177,175,176,181,189,195,199,202,200,204,213,214,199,177,171,169,164,159
77,67,74,98,123,136,138,131,123,124,132,140,148,156,166,179,197,205,196,177,170,171,173,172
81,75,87,109,123,131,136,135,127,113,100,97,104,116,124,132,156,176,176,167,165,172,181,186
130,121,128,145,151,142,138,140,144,141,132,130,136,145,145,141,155,166,162,157,166,177,185,191
179,160,149,155,163,150,145,151,160,167,172,177,183,187,183,173,164,155,148,144,161,178,187,187
196,168,136,127,145,147,159,170,171,165,172,181,187,188,189,181,153,132,130,131,147,173,187,183
