112,126,143,150,142,130,122,123,133,149,170,181,173,153,140,136,132,131,131,125,120,127,139,145
109,115,125,130,126,119,112,112,119,130,145,155,152,143,135,130,125,122,122,121,120,127,135,139
110,113,116,117,114,109,104,103,106,108,113,119,121,120,118,116,113,112,115,121,122,124,126,128
112,115,117,117,114,111,107,105,104,102,101,104,106,106,107,108,109,110,114,124,125,120,116,115
109,112,117,121,121,119,116,114,113,113,117,120,120,118,117,119,118,117,120,129,129,121,113,109
118,116,115,113,111,106,102,103,107,110,119,126,130,132,135,136,130,126,130,138,141,139,135,132
132,130,128,126,123,116,109,107,111,118,127,132,134,137,144,143,137,135,139,142,143,147,153,157
139,136,135,136,138,136,132,127,126,128,132,132,131,134,141,141,136,134,138,141,139,142,150,155
140,138,136,137,142,145,148,145,138,131,129,126,124,126,133,134,131,129,131,137,137,138,139,138
141,145,145,141,135,133,138,139,134,127,124,124,124,125,128,130,129,128,131,137,143,148,146,137
137,141,144,142,136,131,127,124,123,123,128,133,138,140,141,140,138,135,136,141,151,162,165,160
122,123,124,126,127,124,118,115,115,117,123,131,137,140,139,140,143,144,141,139,147,157,161,159
109,109,110,114,119,116,112,109,108,108,111,117,122,124,124,128,137,142,139,131,134,141,144,141
110,112,115,119,121,115,111,108,105,103,102,104,106,107,108,118,130,137,134,127,126,131,131,125
129,130,133,136,134,124,118,116,114,112,109,106,105,106,110,126,142,147,141,135,136,138,135,125
137,137,141,147,146,138,136,138,137,133,131,128,125,122,123,138,156,161,151,142,140,138,129,115
131,132,138,145,146,142,145,148,148,146,150,152,149,144,138,144,155,158,150,140,133,128,120,109
121,124,131,136,138,139,144,147,148,151,160,166,165,156,146,145,147,146,141,133,125,121,119,116
119,123,127,128,127,131,138,142,146,155,163,167,164,154,142,140,139,136,132,129,127,128,133,138
134,137,134,124,115,122,132,139,147,163,166,161,153,143,131,129,129,129,129,130,136,143,153,164
131,134,132,126,122,135,145,149,156,171,168,153,142,136,129,128,128,129,131,139,148,151,154,161
127,131,134,133,133,146,155,158,161,170,161,145,137,137,137,137,138,139,143,151,157,153,147,145
135,137,142,143,140,145,154,161,164,165,156,147,144,147,150,152,153,150,145,146,150,149,142,135
151,150,151,149,142,138,147,159,166,165,159,159,159,158,160,164,164,153,133,124,132,141,142,137
