141,141,144,146,144,136,130,131,135,134,133,143,158,168,164,153,152,153,149,144,141,139,135,131
147,147,148,147,142,135,128,126,128,129,130,145,163,171,161,149,148,149,148,148,147,145,142,139
157,158,156,151,141,134,126,120,118,122,125,141,157,158,142,136,136,138,140,143,146,147,148,147
162,163,161,152,139,131,125,121,120,122,122,133,140,135,120,121,124,127,130,134,137,141,143,142
157,158,155,146,134,128,129,132,134,133,124,122,124,123,116,119,122,125,128,130,131,129,126,125
147,145,140,135,132,131,134,136,133,128,118,115,122,132,136,137,133,129,129,132,132,128,123,122
134,133,132,131,131,130,131,131,129,125,120,117,122,131,139,138,129,120,116,119,123,122,119,119
125,126,128,129,128,122,116,115,119,124,126,122,120,123,128,128,124,118,113,113,117,117,116,117
125,127,129,130,128,118,108,105,110,122,125,119,114,114,119,122,125,127,124,121,121,119,117,119
135,137,137,137,136,130,123,118,116,117,111,104,104,110,119,124,130,134,135,133,130,126,125,127
132,135,139,143,143,137,132,129,126,121,114,112,109,105,107,112,118,126,134,139,136,134,136,140
128,127,129,132,135,132,130,127,124,123,121,125,122,112,110,118,122,124,131,139,139,142,148,153
129,123,117,116,121,127,131,128,122,123,125,128,125,118,119,129,134,133,132,135,139,148,160,167
127,120,112,107,111,125,136,132,122,121,120,117,114,115,121,132,141,142,136,131,134,147,163,173
112,111,110,111,114,123,129,126,119,115,110,104,103,108,116,125,134,138,135,130,128,132,145,158
109,111,115,119,121,121,121,120,116,112,108,105,108,115,119,121,123,125,125,124,124,125,131,139
118,119,123,127,130,127,127,128,126,120,114,110,113,119,122,120,118,119,121,125,128,128,129,132
123,122,124,127,129,130,132,134,133,127,121,117,117,121,123,119,117,118,121,125,128,129,129,130
122,122,124,125,123,124,125,127,126,124,123,120,118,119,121,118,116,119,124,123,120,121,126,130
139,142,145,141,131,125,117,110,106,107,115,117,114,110,111,111,113,122,134,128,115,115,125,134
132,137,143,144,139,135,122,108,98,98,111,120,118,112,109,105,102,114,135,138,127,121,126,137
103,102,105,114,124,131,124,115,111,112,121,127,128,124,121,115,108,111,126,134,131,126,127,132
73,70,77,95,117,131,131,129,130,131,131,131,132,133,134,130,125,124,129,136,139,139,139,140
58,64,84,111,134,146,146,142,139,137,132,128,129,133,136,136,138,143,150,154,155,158,161,161
