158,151,151,156,156,141,137,139,139,131,127,131,140,149,156,163,161,153,148,152,156,154,151,151
157,150,149,155,162,153,147,145,141,134,130,132,137,142,143,148,151,147,141,141,144,145,145,146
154,149,145,147,154,150,146,140,134,129,128,132,136,136,131,132,138,139,135,132,133,134,136,138
147,146,140,134,132,130,130,127,122,119,122,127,132,131,124,122,127,130,128,127,132,137,137,136
140,140,134,122,111,107,110,113,113,114,116,118,121,122,119,115,116,118,117,120,139,152,151,142
144,143,134,118,101,91,95,103,110,117,121,119,115,114,112,109,106,103,101,109,131,148,151,145
139,136,126,113,102,92,92,93,96,103,108,107,104,102,99,94,87,81,79,86,96,109,122,131
131,127,119,111,107,101,99,94,88,89,91,89,88,88,87,79,70,67,72,82,86,92,104,119
128,126,122,118,115,111,110,103,92,86,85,82,81,84,86,78,72,74,86,100,108,108,110,118
131,135,138,136,129,121,117,111,101,95,96,97,96,98,101,100,98,101,109,118,127,127,124,124
142,148,153,150,140,133,130,124,116,111,109,111,114,114,112,112,114,117,118,112,113,113,112,111
151,156,159,154,141,136,136,132,124,120,117,120,125,123,113,110,114,120,121,112,110,115,120,120
151,156,157,151,140,136,138,135,127,124,121,125,131,130,117,110,111,116,119,119,123,130,136,137
143,148,151,148,140,136,137,136,131,125,124,126,130,132,125,117,113,112,114,124,136,144,146,145
133,136,140,140,135,130,133,137,136,131,126,123,122,122,122,124,120,114,112,122,135,144,146,144
139,138,134,128,121,118,124,132,138,139,135,129,120,111,109,120,125,124,122,126,134,144,151,153
138,137,132,124,117,115,118,123,127,130,130,127,117,105,100,111,121,125,124,124,133,144,154,160
126,127,127,124,120,120,121,119,115,112,114,114,109,101,97,104,112,116,113,112,124,139,154,164
114,115,118,121,123,128,128,122,111,102,101,102,100,98,98,102,104,103,101,102,113,131,151,166
119,116,115,118,125,132,130,123,115,110,112,111,107,101,100,102,102,102,107,113,116,127,145,160
118,115,114,119,128,133,124,115,111,109,114,114,108,101,96,93,90,94,108,126,130,130,134,141
114,113,114,120,129,133,126,119,114,108,110,114,111,102,92,87,82,85,103,127,136,136,133,133
112,116,121,126,130,132,130,126,118,108,111,119,117,107,96,94,91,94,108,129,138,142,141,138
115,123,131,134,133,133,132,127,118,109,118,126,123,112,108,111,114,117,125,137,142,146,148,147
