114,109,107,108,108,106,104,106,112,118,121,127,139,150,150,148,152,160,165,160,141,134,133,127
127,124,123,121,116,109,106,105,107,111,112,115,123,131,132,133,143,158,172,172,155,144,138,131
135,134,134,133,127,116,110,107,106,105,103,103,108,116,118,118,128,147,167,178,172,162,153,146
134,132,132,134,135,122,116,116,117,110,102,101,109,122,126,119,121,135,156,174,178,172,163,159
133,127,121,121,129,124,121,128,134,125,111,110,125,145,148,138,132,137,150,163,166,160,153,151
137,131,117,105,106,116,122,128,133,131,121,120,130,143,143,143,148,151,145,136,132,128,124,124
134,133,126,112,99,105,111,116,121,128,125,122,124,128,127,131,144,149,137,122,117,117,117,113
133,134,135,128,115,111,111,113,119,126,126,122,120,118,116,120,130,135,129,118,117,124,129,128
133,133,136,137,132,126,122,122,126,129,128,125,122,119,119,120,121,123,124,121,122,131,142,147
130,129,128,128,127,126,126,127,129,131,131,131,129,128,130,131,129,127,126,125,123,129,138,144
129,127,124,121,120,119,119,119,120,123,127,130,130,130,134,137,135,132,130,130,125,125,129,134
134,130,124,120,119,120,123,125,126,129,130,131,129,127,129,131,129,127,127,130,128,124,123,124
138,134,127,122,123,126,130,134,138,140,135,133,132,129,127,127,126,125,127,132,134,131,126,124
143,139,132,127,128,129,132,136,141,141,133,132,136,139,137,138,137,136,138,140,143,144,141,136
153,152,144,135,132,130,130,129,127,125,120,126,137,149,157,160,160,159,159,154,154,159,161,158
157,157,153,148,147,146,144,138,131,126,126,131,139,149,161,165,167,169,168,161,158,164,170,170
147,149,150,152,155,156,151,143,137,137,141,144,144,147,154,156,161,164,163,161,159,164,172,175
139,142,145,146,145,146,144,138,134,140,145,145,143,141,146,149,156,160,158,157,155,158,164,169
138,142,143,137,127,125,128,127,126,130,132,132,130,131,139,148,156,160,158,151,146,146,150,154
132,133,135,134,126,122,125,127,126,127,122,120,120,121,127,138,147,152,153,145,138,137,139,142
125,124,125,125,125,125,124,123,123,121,113,111,115,118,118,124,133,141,145,144,141,140,140,141
130,129,126,123,124,128,124,123,125,126,120,118,120,122,118,120,124,130,137,144,145,145,146,148
144,144,139,132,131,133,131,131,137,144,142,138,135,133,130,130,129,131,138,146,147,148,151,155
154,155,153,147,144,141,140,144,153,162,163,157,150,145,145,147,144,143,147,150,149,149,152,157
