151,154,153,153,160,167,167,153,128,102,96,93,92,93,92,87,80,74,71,72,73,74,69,61
143,147,149,149,155,165,173,162,135,106,100,100,102,101,94,85,79,75,73,77,83,84,76,65
129,135,138,139,139,146,156,150,129,107,104,105,105,100,90,82,80,78,77,80,92,94,87,78
113,118,123,122,118,118,123,121,112,106,107,105,100,95,87,82,83,82,79,80,88,92,90,89
98,99,103,105,102,98,98,98,100,106,109,105,99,95,92,88,86,84,80,77,77,77,81,88
90,89,91,95,95,90,88,91,99,110,118,117,112,106,103,94,89,88,88,85,81,78,80,85
100,96,94,95,97,96,94,94,100,112,122,120,109,99,94,90,87,87,86,84,86,86,86,86
123,118,112,107,105,108,108,105,103,107,115,113,101,88,85,85,87,86,83,83,92,96,93,89
136,134,127,118,111,116,118,113,104,101,106,108,101,90,86,87,90,89,84,86,97,103,100,94
122,123,121,114,109,113,115,110,102,99,108,115,114,107,100,96,96,95,91,90,95,102,106,105
114,115,112,109,110,117,114,110,107,107,114,120,123,120,112,106,102,99,94,92,91,98,110,118
120,121,117,112,112,121,116,110,110,118,124,126,125,120,109,104,103,102,99,95,90,96,111,124
129,128,124,119,117,127,123,115,115,128,138,138,137,131,115,103,100,102,102,98,92,96,109,120
131,128,128,130,133,139,135,126,124,136,145,152,158,155,132,106,96,98,101,100,97,101,110,115
127,128,136,152,165,159,148,138,134,136,138,151,165,166,142,109,94,94,97,99,100,110,121,124
129,132,145,165,178,162,146,135,130,127,129,143,155,152,130,107,98,96,95,94,96,110,128,137
127,131,141,154,160,146,134,127,125,125,130,140,145,139,118,105,103,103,101,98,94,103,122,136
125,128,133,137,138,134,131,127,124,125,128,131,132,127,113,104,105,107,106,101,92,94,109,123
126,130,131,130,133,138,139,133,125,121,119,116,116,117,112,105,104,106,103,95,90,92,103,114
135,137,136,134,139,146,142,131,118,111,109,107,109,111,110,107,106,102,95,90,97,108,119,127
148,147,138,130,130,134,128,121,115,111,110,111,111,110,107,104,101,94,86,89,114,134,140,137
159,156,145,133,127,124,116,112,112,110,108,108,107,104,102,99,93,86,82,92,121,139,137,125
154,150,141,132,125,120,111,108,108,103,99,98,98,97,98,97,92,88,90,102,119,127,121,108
139,131,124,121,121,118,112,107,102,91,86,88,92,95,97,99,98,100,105,115,118,117,111,105
