132,129,125,120,115,115,121,125,127,129,135,132,120,108,109,120,128,128,123,121,127,128,124,120
128,125,121,115,110,110,115,121,124,126,132,133,129,125,125,128,128,126,124,123,125,124,121,118
121,119,116,112,109,110,113,117,120,123,126,129,131,133,134,134,125,118,119,124,127,125,120,115
114,115,114,112,110,114,116,117,119,122,122,122,125,130,133,133,124,115,115,125,131,130,122,112
110,113,113,111,111,116,117,118,123,125,120,118,120,124,129,130,129,124,120,125,130,130,122,112
111,112,112,111,110,113,112,115,122,127,121,116,117,121,127,126,124,123,122,122,120,117,113,109
103,105,104,102,100,101,102,105,110,115,112,108,109,115,122,120,117,117,118,118,113,108,103,102
97,99,99,98,94,93,97,101,102,103,103,100,101,108,116,114,111,111,113,115,116,112,106,102
100,101,102,102,98,96,101,104,104,104,104,102,102,108,114,114,113,112,113,115,122,123,117,110
110,109,110,112,110,108,109,112,115,116,117,117,116,117,120,123,125,125,122,120,123,126,124,121
117,114,113,115,117,115,115,117,119,120,121,121,120,120,123,128,132,135,133,129,124,126,131,135
125,122,119,120,121,119,119,121,123,121,121,121,121,123,128,135,139,140,139,137,130,129,134,140
131,128,126,126,126,125,126,128,128,125,124,125,126,128,132,139,143,144,143,142,137,134,136,138
132,131,131,131,130,132,134,135,135,133,132,134,136,137,137,138,140,144,147,146,143,141,138,136
130,130,130,130,130,133,136,139,141,140,140,144,148,151,147,138,132,137,150,152,148,146,142,135
132,132,131,132,132,133,135,138,141,143,143,148,154,158,159,151,133,127,139,149,147,146,144,139
132,132,130,130,131,133,135,136,138,140,141,145,150,153,155,156,144,131,131,146,146,146,146,146
129,129,127,126,127,131,134,136,135,134,133,136,141,143,141,149,150,142,136,148,148,144,144,146
125,124,122,121,122,124,130,134,134,129,125,127,133,136,131,135,143,145,144,149,146,139,135,137
118,116,113,112,114,114,120,129,135,135,130,127,128,132,129,129,129,130,132,134,132,127,126,130
110,108,106,106,108,109,113,119,126,130,131,128,128,131,128,126,124,121,119,120,119,119,123,131
107,107,105,102,101,104,107,110,113,115,119,120,124,127,123,122,126,127,122,118,114,116,124,135
109,111,108,102,97,99,102,104,105,105,107,113,121,126,119,120,130,136,131,120,114,114,122,134
111,114,114,108,99,96,98,102,105,105,106,114,125,128,121,120,130,136,130,118,112,110,117,127
