95,93,92,90,85,83,89,95,103,120,128,121,116,117,114,114,111,104,98,97,93,82,71,68
97,97,97,96,90,83,86,95,109,125,129,117,108,108,107,108,107,103,98,97,91,81,73,73
100,101,102,101,95,83,81,91,108,121,122,111,102,98,93,90,90,91,93,93,86,80,79,84
100,101,101,100,97,85,77,83,97,105,107,103,97,92,83,75,73,76,81,84,80,77,80,85
94,94,93,94,95,89,80,78,84,88,89,91,92,91,85,79,73,70,71,74,73,71,69,70
88,88,88,87,88,90,87,85,85,86,86,87,89,89,87,86,85,81,74,70,70,70,68,67
81,81,81,81,82,84,87,88,88,86,84,83,83,84,83,82,86,87,83,80,76,73,72,73
74,75,77,80,80,80,84,86,84,81,79,77,77,78,79,80,83,86,87,87,81,76,75,77
72,73,77,82,83,81,83,83,78,74,73,72,73,76,79,81,81,81,82,84,79,75,74,76
78,77,79,83,84,84,86,83,76,73,72,71,73,76,79,79,76,74,73,73,71,69,69,73
81,79,78,78,79,83,85,79,73,72,71,71,74,78,76,74,74,75,73,69,65,62,64,69
80,78,77,76,75,79,80,76,71,72,73,75,82,88,86,80,80,80,76,69,64,62,65,69
78,77,78,77,76,77,77,75,71,70,72,78,87,95,94,85,78,75,75,73,67,65,67,69
78,77,78,80,79,79,79,76,72,70,70,74,82,88,86,77,67,66,74,80,74,69,67,68
79,78,78,80,82,83,81,78,75,74,70,68,67,66,64,61,60,67,82,90,84,76,71,70
82,80,80,84,87,87,84,80,77,77,74,67,61,57,55,55,62,75,89,97,93,86,77,70
83,83,84,87,89,88,85,82,80,80,82,78,73,69,64,64,70,81,92,96,94,89,80,71
88,90,91,92,92,90,87,84,81,80,86,88,85,80,75,73,75,80,86,87,86,82,76,70
98,100,100,98,96,92,87,82,78,75,80,84,83,79,72,70,70,72,75,75,73,72,70,68
104,105,103,99,95,88,82,77,73,66,66,69,72,69,63,61,62,63,65,66,70,73,75,73
110,109,103,94,87,79,76,76,73,62,59,62,67,68,62,59,60,63,67,74,85,91,90,86
103,106,103,95,85,76,74,74,70,60,56,58,63,66,65,63,65,69,76,86,97,100,95,89
91,97,98,92,84,76,71,68,65,62,61,63,65,68,70,69,68,70,78,89,94,92,86,80
82,88,90,85,80,73,67,63,63,66,69,71,73,74,76,73,67,65,71,80,82,77,72,69
