62,83,114,144,165,165,154,144,142,147,145,130,115,103,83,77,92,109,117,116,111,111,121,135
51,75,111,143,162,168,165,159,157,159,162,155,144,130,111,97,100,110,117,119,115,113,121,133
37,55,87,119,138,152,166,171,169,164,165,163,156,146,135,119,111,110,113,114,105,98,102,114
28,34,54,80,100,114,137,156,161,154,150,148,143,139,139,127,114,104,98,92,77,66,68,81
30,28,35,51,69,74,89,110,127,131,129,127,123,120,123,114,100,85,71,57,42,33,38,51
43,42,46,57,72,75,74,82,97,107,109,110,106,101,101,93,78,61,45,31,25,26,35,46
54,52,53,58,65,69,68,73,83,93,94,97,94,87,81,72,59,45,32,20,20,25,33,39
56,51,51,55,61,64,66,69,74,84,87,89,86,78,70,59,49,40,32,22,22,26,30,32
65,56,51,55,64,67,67,65,64,72,80,81,76,68,64,56,50,48,46,41,40,38,35,30
101,86,69,64,71,78,78,69,58,57,67,70,63,55,60,65,66,67,72,78,78,71,57,47
136,124,106,96,100,107,107,96,79,65,66,72,72,70,77,87,92,95,103,114,121,118,108,100
146,146,136,125,125,134,135,129,118,107,103,107,108,106,107,108,107,110,122,139,149,150,146,141
131,140,142,136,135,144,148,148,145,142,139,138,136,132,129,123,114,113,125,144,156,160,159,156
108,117,126,129,130,137,144,147,147,149,149,146,142,138,137,129,117,111,118,135,147,152,152,151
94,99,108,117,123,127,132,135,135,135,137,139,139,138,137,129,117,109,111,122,134,140,140,141
84,90,99,110,119,122,124,126,127,126,125,128,133,138,137,130,116,102,99,111,128,137,139,139
78,82,94,107,118,121,124,125,125,125,121,120,123,129,132,130,122,110,98,98,114,128,136,139
83,82,89,100,111,116,120,123,125,128,126,122,120,121,123,124,124,118,104,91,100,117,130,133
98,92,87,90,98,105,108,112,120,129,131,129,125,120,118,117,118,116,110,97,97,111,121,120
110,105,97,95,99,102,96,95,105,121,125,126,126,123,119,119,118,116,113,111,111,118,118,109
111,107,103,103,109,116,105,88,85,104,110,111,115,117,114,115,118,117,115,115,119,123,118,108
113,110,109,111,116,127,123,104,90,101,110,113,115,119,118,120,120,118,115,112,115,119,115,105
115,116,117,118,121,132,137,127,113,113,124,127,126,124,126,127,122,117,115,109,106,111,113,106
114,121,125,125,125,132,141,139,130,129,137,139,133,127,130,129,123,117,114,109,102,107,114,114
