141,138,119,91,75,97,125,139,140,137,129,119,113,115,120,113,90,85,109,137,147,139,123,110
109,110,108,99,87,93,115,135,143,142,135,125,118,117,122,119,104,98,112,132,139,127,108,95
88,82,77,82,93,97,104,118,131,132,124,120,120,122,123,122,118,116,119,127,130,115,94,82
112,96,73,66,82,92,84,85,97,104,98,102,112,120,120,118,121,123,124,123,122,108,90,79
164,154,124,90,69,67,53,47,56,75,81,92,104,111,110,108,110,116,119,116,113,102,89,83
144,149,151,143,119,80,46,36,57,96,118,130,134,128,111,100,101,107,112,114,108,95,84,83
135,135,138,144,145,123,90,66,67,92,117,135,147,145,122,100,95,96,98,108,111,103,90,84
142,140,134,131,137,143,139,122,101,87,95,121,146,152,132,109,102,99,94,92,105,113,108,96
148,150,143,128,116,130,156,166,144,99,80,103,135,148,137,121,116,113,104,88,91,105,114,110
140,141,140,131,116,114,136,161,162,124,88,93,117,136,137,126,119,121,124,116,90,78,90,113
141,136,131,129,127,123,128,143,152,136,109,102,109,118,122,116,110,115,129,140,114,85,87,119
150,140,129,125,132,137,132,131,138,144,134,127,123,117,107,105,105,109,123,143,139,119,110,123
152,142,128,121,127,135,130,123,127,142,146,145,142,133,113,109,108,107,113,132,145,143,136,134
142,137,128,119,117,120,120,118,121,132,139,143,147,145,133,127,119,110,106,119,135,144,147,147
128,129,129,125,117,115,116,118,119,121,123,126,129,132,137,142,136,121,108,111,127,137,142,146
121,124,128,127,122,120,120,119,117,116,119,124,127,129,137,145,148,140,126,118,120,124,124,124
118,120,123,126,125,121,119,121,123,122,125,132,137,139,144,147,150,147,139,133,131,128,119,107
116,115,116,120,124,121,120,126,134,136,138,143,149,153,154,151,146,143,145,147,145,140,127,110
112,110,110,114,123,126,128,136,145,150,150,151,155,159,160,154,144,142,148,154,152,148,139,129
111,109,107,112,125,136,141,146,151,155,155,152,152,157,160,158,153,152,155,156,151,147,144,145
125,123,124,132,147,156,157,155,154,157,158,153,150,152,154,157,157,157,157,160,155,143,136,138
140,140,141,149,161,168,166,159,155,157,160,157,152,151,152,154,156,157,158,159,155,141,128,125
144,145,146,149,158,166,166,159,152,151,158,159,158,155,154,155,156,158,159,156,151,138,124,116
135,138,138,138,145,158,163,156,145,141,151,159,162,161,159,157,159,162,162,155,146,135,123,112
