123,118,111,113,127,131,111,96,97,105,113,126,136,144,151,110,52,15,9,10,9,9,14,21
104,95,83,85,106,119,98,77,74,85,102,121,136,146,148,99,44,13,9,9,11,14,24,37
79,70,57,59,84,98,76,52,46,59,86,108,118,119,113,72,34,14,11,16,26,36,48,60
75,68,57,59,77,83,58,35,30,41,73,90,87,75,65,45,29,19,17,28,46,57,63,68
100,95,85,80,86,83,57,35,29,39,66,74,67,53,43,35,29,24,24,38,51,55,52,49
111,112,103,92,92,95,73,45,32,42,66,82,94,97,74,41,26,24,25,32,34,33,32,31
131,134,128,118,112,110,95,67,48,58,79,100,127,144,119,68,33,22,24,26,25,25,23,20
148,149,148,142,128,113,105,92,86,99,112,123,144,163,149,101,53,26,22,25,31,35,33,30
151,149,150,148,135,112,103,104,118,140,144,138,141,153,151,123,80,46,33,41,57,64,60,53
141,136,134,138,138,123,103,97,113,143,146,136,129,129,132,126,110,86,68,76,97,99,83,67
141,138,134,131,133,134,123,111,112,130,140,143,136,126,121,132,139,126,100,92,93,77,52,38
140,141,140,138,134,135,130,121,115,122,133,142,143,134,124,134,148,143,120,112,108,83,53,39
138,139,142,143,139,137,132,124,117,116,123,135,142,140,131,131,140,141,129,125,127,108,82,67
136,136,138,142,143,143,137,128,119,113,116,125,135,141,137,129,129,130,128,126,134,129,112,96
136,136,137,138,140,145,142,136,127,118,116,119,128,139,143,138,127,122,123,125,128,128,118,104
134,136,139,140,140,142,139,135,128,120,115,115,123,135,141,137,129,125,127,124,121,123,124,119
134,135,135,135,136,138,136,132,127,121,115,114,121,131,134,128,126,129,131,122,114,115,123,132
134,134,132,130,132,136,135,131,126,121,115,113,119,129,132,126,128,135,137,127,117,113,120,133
136,136,134,132,132,135,136,133,128,122,114,111,115,126,135,135,137,140,141,137,127,120,121,126
142,141,139,135,132,133,135,137,135,128,118,111,112,120,131,138,139,139,139,135,130,128,127,124
143,142,140,137,135,137,139,141,140,134,126,119,116,118,123,131,135,138,140,137,132,128,124,120
144,143,140,138,138,141,140,140,139,135,130,127,124,121,118,123,129,135,139,137,133,128,122,116
141,140,137,134,135,136,134,133,135,134,130,131,131,127,119,119,123,130,134,134,134,131,125,118
136,135,131,128,127,127,125,127,132,134,129,130,133,132,123,120,121,125,128,128,133,136,132,125
