201,198,195,194,195,194,194,193,191,191,191,193,196,197,195,194,192,192,195,194,195,195,193,191
199,196,193,192,192,190,190,190,189,188,189,191,193,193,191,191,189,190,192,192,192,192,191,188
197,195,192,190,188,187,188,188,188,187,188,190,191,188,186,187,187,188,189,187,188,189,188,186
194,193,191,189,185,184,187,188,188,187,187,188,188,185,184,185,186,187,186,182,183,186,186,183
190,189,188,185,182,183,186,188,187,185,183,183,183,183,183,184,185,184,182,178,180,183,184,182
187,185,184,182,180,181,184,187,187,185,181,179,179,180,180,181,180,180,181,178,180,182,182,180
183,182,182,182,180,182,184,185,186,187,183,180,178,178,179,177,175,176,179,178,178,179,179,177
181,179,180,181,180,182,182,182,183,187,184,179,176,175,176,175,174,175,178,178,176,175,175,174
182,180,180,181,181,182,180,178,180,185,181,176,173,174,175,177,178,178,178,177,175,174,173,172
186,184,185,186,183,181,180,179,180,182,178,172,171,174,177,180,180,178,176,178,176,174,174,174
188,184,183,183,181,180,180,179,179,181,176,173,172,173,175,178,177,175,173,177,176,174,173,172
185,180,178,178,179,180,180,179,178,181,179,178,176,175,174,176,174,171,171,174,173,172,171,172
181,177,175,177,178,179,179,178,177,180,180,180,180,177,174,176,174,171,172,172,172,171,171,174
178,175,175,177,176,176,177,176,175,176,175,177,179,178,175,176,175,175,176,173,171,171,172,175
173,171,173,175,173,173,173,172,171,171,167,170,175,176,173,172,173,176,178,174,171,170,172,174
173,171,173,174,172,171,170,169,168,168,165,168,173,174,170,169,170,172,173,171,170,170,171,172
172,171,173,174,172,171,171,171,170,168,164,166,170,170,168,168,168,169,169,168,168,168,168,168
169,170,173,176,174,173,173,172,171,170,165,165,168,169,169,171,170,168,167,166,168,167,166,165
166,167,173,178,176,175,172,170,169,172,169,168,169,170,170,173,171,168,167,167,167,167,165,163
166,165,168,172,171,171,169,165,165,170,169,168,167,166,165,167,165,164,164,164,164,164,162,160
164,164,167,169,168,170,167,162,161,166,165,165,164,162,158,157,158,161,164,164,166,165,163,162
164,167,169,168,165,166,163,159,158,160,158,157,156,154,150,150,152,156,162,163,167,166,163,162
139,145,153,159,165,165,163,161,161,162,158,156,155,153,151,155,156,159,164,165,168,169,166,164
94,103,121,145,166,170,169,170,171,171,166,164,163,162,160,167,168,170,173,171,170,172,172,171
