135,134,132,131,129,124,126,132,135,132,130,128,126,126,129,127,128,132,138,139,135,135,137,138
132,130,126,124,124,119,120,126,132,131,131,129,125,124,126,128,127,130,135,135,131,130,132,134
124,123,120,118,117,111,110,116,122,125,128,127,123,119,121,127,126,125,128,129,127,126,127,129
117,117,119,119,116,111,110,112,115,118,125,125,121,117,119,125,125,122,123,124,125,124,125,126
118,118,122,125,124,123,121,119,117,119,125,126,125,123,125,127,127,125,123,123,125,125,124,124
122,120,121,122,122,121,122,122,124,127,132,133,132,133,135,135,134,132,127,122,120,122,123,123
124,123,121,120,119,119,120,123,126,129,133,132,130,128,129,129,129,128,125,117,115,118,122,121
126,125,125,125,125,124,125,127,129,129,129,126,121,117,117,119,120,122,122,116,115,118,121,120
127,128,130,132,133,130,128,130,132,130,125,119,113,109,109,112,114,116,119,119,120,122,122,121
128,127,127,127,127,123,120,124,130,129,124,116,110,108,110,111,110,110,116,121,125,125,122,121
125,122,119,117,117,114,113,118,125,126,121,117,115,118,121,117,111,106,108,113,116,116,117,119
125,122,119,119,119,116,113,117,123,122,119,118,120,124,128,125,118,112,109,112,115,117,119,121
123,120,119,120,122,118,114,116,120,117,116,116,119,123,126,124,121,117,114,114,115,118,122,124
118,115,114,116,119,117,115,116,117,113,113,113,115,118,120,117,117,119,119,117,116,118,122,125
116,115,114,113,113,114,117,119,119,115,114,112,112,115,119,117,119,124,126,123,120,120,123,127
114,115,117,117,116,117,119,121,121,118,117,114,113,115,117,115,116,119,120,116,115,118,121,124
108,109,110,112,114,118,121,121,119,117,119,118,116,116,116,113,112,113,112,109,110,113,116,118
105,106,106,107,112,120,124,122,120,120,123,123,121,120,120,118,117,116,116,115,115,117,119,120
107,108,107,108,111,118,122,123,122,124,128,126,123,122,125,125,124,125,128,128,126,126,128,129
102,103,102,101,103,104,106,109,112,117,121,119,115,114,117,117,116,119,124,125,121,123,126,126
108,109,108,107,108,103,103,106,109,113,116,115,112,110,109,107,107,111,116,115,112,116,119,118
118,119,116,112,112,108,105,105,108,111,112,111,110,109,109,109,108,109,110,106,107,114,119,119
123,122,117,113,113,112,110,109,111,114,115,115,114,114,114,115,113,110,108,103,107,116,124,128
120,117,113,111,112,113,114,115,117,122,124,124,123,121,117,116,114,112,110,105,109,119,129,137
