134,139,145,148,147,145,146,145,143,140,139,139,141,142,142,142,142,142,143,141,139,139,140,141
134,138,143,145,144,143,144,144,141,138,137,138,139,139,139,140,141,142,142,141,140,140,140,141
136,140,142,140,137,135,137,137,135,133,133,135,137,137,137,138,139,141,141,141,140,140,139,140
137,139,139,134,129,126,129,130,129,127,129,133,137,138,137,138,139,141,142,142,142,141,139,138
131,134,133,129,124,123,125,127,127,127,129,134,138,140,140,140,140,141,143,145,146,145,142,140
125,128,129,127,124,124,126,129,130,130,131,133,135,136,137,138,138,139,140,143,145,146,146,145
129,131,134,134,133,134,136,138,138,136,134,132,130,130,132,133,134,135,136,139,143,145,146,146
134,135,137,139,140,141,142,142,140,137,133,131,130,130,132,133,133,134,136,139,142,144,144,144
135,134,134,136,139,140,140,139,136,132,129,129,131,133,135,135,135,136,138,140,143,143,142,140
134,132,130,131,133,133,133,132,130,128,127,127,130,132,135,136,136,136,137,139,140,139,137,135
136,134,132,132,132,129,128,128,129,129,129,128,128,130,133,136,136,135,135,135,136,136,135,134
141,139,137,135,133,128,125,126,131,133,133,132,132,132,136,138,139,137,135,135,137,139,139,139
146,144,143,141,136,132,129,131,136,139,139,141,140,138,140,141,142,143,142,141,143,145,145,144
148,146,146,145,140,137,137,139,142,143,145,149,147,141,140,141,144,147,149,147,147,148,147,145
141,140,142,142,139,139,140,140,137,135,140,145,142,135,133,135,139,144,148,147,145,144,143,141
136,136,138,139,135,134,135,131,123,115,119,126,127,122,124,129,133,138,141,140,138,138,138,138
138,139,142,142,136,135,134,130,119,109,113,119,120,120,127,134,139,142,144,143,140,138,137,137
137,139,142,141,135,132,133,131,124,116,118,123,124,125,133,139,142,145,148,149,145,141,138,137
129,132,136,135,127,124,127,129,128,124,126,131,131,130,134,136,135,136,140,144,145,142,138,137
127,129,132,131,123,120,119,121,122,123,126,132,134,132,132,131,127,123,124,129,133,135,136,137
131,133,136,136,129,125,118,115,118,121,127,132,133,133,135,135,130,125,124,128,129,129,130,132
129,130,132,134,131,128,122,117,118,122,128,130,131,132,135,136,133,131,131,134,133,130,129,131
125,125,126,127,128,128,125,122,121,122,125,128,129,131,134,135,135,135,136,137,136,134,132,133
125,125,125,124,124,127,127,126,123,120,122,126,130,132,131,133,135,136,135,134,134,135,135,134
