81,70,57,48,44,56,73,90,100,102,119,140,145,121,71,34,59,118,166,162,153,162,184,203
84,71,57,50,50,53,66,86,103,111,133,149,148,122,71,52,86,140,172,165,161,159,164,173
85,74,59,50,47,42,54,78,105,123,144,154,149,129,97,109,148,180,186,175,165,150,141,147
76,68,55,45,45,46,55,78,111,140,158,166,165,159,151,173,199,210,204,189,161,135,128,138
53,51,43,43,65,90,88,96,125,160,180,191,200,207,208,199,198,208,217,201,155,126,125,139
50,53,52,71,124,171,154,132,138,168,177,178,189,207,211,192,179,188,211,206,174,145,135,140
114,119,125,145,185,220,208,177,159,161,153,147,158,182,201,198,190,196,211,202,174,152,145,149
181,183,187,199,219,231,219,183,145,128,124,125,134,152,176,189,187,188,193,184,163,153,157,165
203,202,201,203,205,194,174,138,99,82,94,109,119,130,150,164,165,163,164,163,157,162,175,187
167,172,175,169,149,119,97,78,64,59,64,78,96,115,135,142,145,148,151,155,165,184,204,212
135,137,139,132,115,101,101,99,96,92,72,56,59,79,94,104,118,134,147,160,182,208,224,225
105,106,108,107,103,109,124,130,123,106,65,39,36,46,54,68,85,106,135,171,200,223,231,227
74,77,88,101,111,129,150,161,152,117,62,38,33,36,45,63,74,88,116,157,192,216,221,213
50,59,81,107,128,146,164,181,175,128,75,56,52,54,68,87,93,92,97,122,162,191,196,183
57,68,89,115,136,143,159,176,168,120,92,93,95,91,100,117,120,104,88,105,144,167,164,149
92,100,110,121,130,133,150,151,121,79,106,150,168,150,127,127,112,86,74,105,137,148,144,140
95,102,108,111,115,118,121,105,71,51,100,148,176,176,151,113,75,54,62,93,115,127,134,137
65,76,83,84,85,91,83,63,46,52,101,134,167,195,185,122,61,35,45,60,73,94,115,123
31,44,54,53,49,55,50,41,46,76,122,142,172,213,220,166,89,39,29,26,31,55,82,94
22,32,38,38,36,38,34,30,48,103,143,146,157,189,217,196,123,60,40,32,27,34,48,58
24,28,36,40,36,31,26,25,48,106,137,139,139,156,188,189,136,88,72,49,30,27,37,47
26,28,45,65,67,50,35,30,44,83,116,125,124,130,148,152,127,100,82,49,29,23,29,38
25,28,59,101,117,90,62,42,37,53,86,103,109,112,113,116,120,109,77,40,25,21,24,30
21,25,68,127,155,128,89,53,33,36,60,80,94,100,95,103,129,123,75,36,24,20,23,30
