151,143,135,129,127,134,141,144,148,156,156,153,147,138,127,118,115,117,118,114,124,128,126,124
137,132,126,122,121,123,127,133,140,148,148,144,141,138,133,126,121,121,122,123,125,126,126,125
108,105,105,107,107,105,107,115,125,132,134,133,132,132,133,128,125,124,127,130,126,125,127,127
94,91,94,99,98,94,95,101,108,114,120,124,125,124,125,124,122,122,124,125,120,117,117,117
113,109,108,111,109,104,101,100,101,105,115,121,123,122,122,122,121,119,116,111,108,103,99,95
123,124,125,127,127,126,124,124,126,132,139,139,134,132,134,136,137,135,130,123,123,123,122,121
123,125,128,130,133,136,136,135,134,137,142,136,127,123,131,140,146,150,152,152,154,154,152,150
131,136,141,145,145,143,138,132,128,129,135,133,127,124,132,140,144,152,163,169,172,169,164,160
153,159,166,167,159,148,136,127,124,127,135,141,144,145,147,146,145,151,163,171,173,168,162,158
176,179,177,169,157,145,138,135,137,142,149,159,167,170,168,161,159,161,165,166,170,170,167,162
162,163,161,157,153,147,141,138,139,145,152,158,162,165,161,153,147,146,151,157,164,166,165,163
152,150,146,144,143,141,139,139,142,148,151,150,148,146,140,133,127,124,125,131,139,146,151,152
141,138,136,135,136,136,138,141,145,148,149,146,142,137,130,124,120,117,115,116,120,127,133,136
127,126,125,127,129,129,131,134,136,137,140,141,139,136,132,127,126,125,124,119,117,120,125,127
120,117,113,111,112,107,102,101,104,111,119,122,121,120,121,122,123,126,128,123,120,121,127,131
130,129,127,124,121,113,107,106,107,107,110,111,110,108,109,110,111,113,116,115,115,118,123,127
140,141,141,139,134,128,121,121,126,128,129,127,121,114,113,114,115,115,115,111,112,114,118,122
146,148,150,149,144,140,136,136,142,151,155,152,143,134,133,134,137,138,134,128,126,127,130,132
151,153,154,153,150,147,147,145,145,155,162,159,154,151,151,154,160,162,158,157,152,150,150,150
157,156,157,157,156,149,146,142,136,133,134,133,134,138,141,145,149,150,150,152,149,148,146,143
162,161,160,159,155,145,138,129,118,109,103,99,101,107,115,120,121,123,128,135,141,144,143,137
154,153,153,154,155,147,139,133,128,125,119,111,107,110,113,114,115,117,122,127,132,131,127,125
147,146,147,151,153,149,145,144,146,148,145,141,139,140,137,132,131,132,131,130,128,121,113,113
151,150,150,151,151,148,145,145,147,146,147,153,162,167,165,155,150,147,143,134,130,122,113,107
