82,69,61,61,56,38,38,51,79,127,161,138,93,51,20,16,17,17,14,16,14,15,18,19
113,104,100,96,79,41,32,38,62,106,141,121,78,40,16,13,15,16,16,15,14,16,17,17
109,118,135,140,113,56,29,25,38,69,94,84,54,27,15,12,14,17,16,15,16,17,16,14
74,95,129,149,130,74,34,18,23,40,59,58,39,19,15,12,15,18,16,13,17,18,16,12
50,59,81,105,111,78,39,20,25,45,79,78,49,20,15,12,15,18,16,11,14,17,17,14
47,47,49,56,63,53,34,25,43,95,151,143,89,32,18,14,15,15,14,13,16,18,17,16
36,35,31,30,34,32,28,34,69,138,191,189,131,56,22,17,17,15,15,18,17,17,16,15
30,29,25,23,29,34,41,62,105,166,205,213,168,88,27,17,16,16,17,19,17,15,14,14
30,30,26,26,36,50,61,88,131,177,208,221,192,119,37,16,14,16,16,17,16,15,14,12
32,30,27,28,40,56,65,84,121,167,205,221,202,142,53,18,13,16,16,14,15,15,14,11
29,28,28,34,48,63,69,77,94,125,179,213,210,162,73,25,14,16,16,14,15,16,15,14
27,28,35,50,69,73,71,70,74,87,138,184,194,154,75,28,13,14,15,17,18,16,15,15
26,30,45,69,89,87,79,73,69,65,90,123,136,113,63,27,14,13,15,20,20,17,14,13
30,38,60,86,103,100,88,78,67,51,49,56,65,66,51,25,15,14,16,19,19,18,15,12
48,62,85,106,114,106,88,67,49,32,27,28,40,55,52,27,17,16,16,16,17,18,15,10
70,86,109,122,117,105,83,60,41,26,22,34,57,74,62,30,17,17,17,16,16,14,13,13
79,95,116,127,121,115,101,78,51,30,26,48,75,83,60,28,17,18,17,14,16,15,14,15
71,91,115,125,117,119,117,98,68,42,34,57,82,82,51,24,17,19,19,14,15,14,13,15
54,78,105,113,99,99,105,97,76,55,40,60,83,81,45,23,17,19,21,18,14,12,12,12
43,55,76,84,70,58,64,71,68,56,41,62,88,85,46,23,16,18,20,19,15,14,14,13
29,33,39,43,42,36,36,41,44,43,38,60,95,108,71,31,16,17,18,17,15,15,16,15
22,23,22,22,24,25,25,27,31,37,40,64,110,143,113,47,18,16,18,16,15,16,16,14
20,20,20,18,18,21,22,23,28,36,43,74,132,179,152,67,21,12,15,15,14,14,14,12
17,16,17,18,19,19,20,22,27,33,42,82,148,199,172,81,23,7,11,14,13,11,11,11
