239,232,213,183,144,78,34,23,41,81,152,172,155,139,154,154,124,93,78,80,123,152,153,139
240,236,222,201,170,108,55,29,34,67,137,163,150,131,136,126,101,86,93,108,145,158,152,144
234,236,232,224,208,169,112,58,30,44,97,133,136,123,127,111,92,95,123,146,168,170,164,164
218,226,233,233,229,219,174,100,36,25,51,91,119,130,139,116,106,125,161,178,185,185,184,186
196,210,223,226,222,226,204,137,59,25,28,59,107,150,160,127,133,168,199,201,200,203,203,196
181,200,219,225,222,225,215,168,101,54,46,66,109,148,146,137,172,213,226,218,218,222,220,212
136,163,198,222,226,221,214,187,142,100,85,89,113,137,132,139,185,225,230,215,217,214,207,202
91,115,158,200,220,207,198,188,165,128,107,109,129,146,133,120,154,193,201,179,167,161,163,172
71,81,113,159,195,183,174,176,170,136,114,128,159,175,148,94,96,127,143,126,110,111,132,159
79,77,83,112,156,158,158,170,172,140,127,158,196,204,163,87,53,61,85,97,111,133,164,190
81,76,72,87,127,158,176,184,171,131,134,181,218,214,174,105,58,63,110,144,169,187,195,194
80,75,70,77,107,153,194,202,168,111,110,154,194,205,191,144,84,73,123,164,187,195,182,157
78,75,72,75,92,130,184,204,167,94,70,89,121,146,160,140,85,61,94,133,162,180,170,140
78,77,76,77,83,98,152,191,171,89,39,29,42,63,83,85,54,32,45,77,122,166,181,163
83,81,79,77,80,84,127,177,176,93,35,19,20,22,24,29,25,20,24,44,96,158,194,191
88,85,80,78,80,78,107,156,166,88,31,17,17,15,15,16,16,17,20,34,80,147,196,202
82,82,80,80,81,75,92,138,155,88,31,16,17,17,22,27,30,29,25,29,58,121,183,210
76,78,80,80,79,69,77,119,147,102,48,41,51,59,70,81,77,59,36,30,45,97,167,217
75,76,79,82,81,73,77,113,150,134,96,105,129,145,157,164,142,96,51,40,45,83,150,212
80,80,87,98,108,115,125,150,179,185,174,189,210,221,222,214,174,116,66,51,45,67,122,179
110,122,144,167,182,194,204,215,224,229,229,232,237,239,235,219,179,125,78,58,50,62,97,136
174,185,203,220,230,234,239,241,243,245,247,246,245,241,229,191,143,99,68,48,39,44,68,97
213,215,222,229,229,222,219,221,226,230,234,234,230,218,193,142,103,82,66,41,26,25,41,64
200,199,203,208,202,189,183,187,197,206,212,210,200,177,142,98,93,99,85,48,26,20,28,39
