17,15,16,39,100,175,178,150,130,136,160,190,217,237,240,203,125,60,38,25,18,19,23,25
16,15,16,45,112,172,167,142,127,133,144,168,203,233,239,208,134,69,45,43,40,35,30,25
17,14,17,50,117,159,153,136,130,134,131,146,180,217,231,203,134,81,75,91,77,55,35,24
19,16,21,50,103,134,138,135,135,134,126,132,154,184,205,180,122,89,102,117,89,55,32,22
21,21,28,44,70,101,123,132,131,123,120,126,131,140,161,143,108,93,101,89,56,34,25,23
28,29,33,37,43,72,104,122,120,107,110,118,117,113,119,115,113,113,110,91,57,34,24,22
50,41,34,30,32,53,86,105,104,92,103,114,113,102,94,104,125,129,105,77,50,34,25,19
64,49,33,23,26,37,60,78,84,83,98,106,100,86,79,110,146,153,119,73,42,28,22,18
63,52,32,19,21,25,35,51,69,85,93,85,71,63,74,121,162,178,160,108,60,32,21,19
53,47,33,20,21,24,28,47,78,102,90,60,42,50,81,119,151,182,204,181,124,65,28,20
51,44,30,20,19,23,48,89,124,131,106,82,78,93,106,107,113,141,184,207,182,115,49,22
42,35,30,32,39,50,92,145,178,172,159,156,160,157,133,111,103,114,144,182,195,142,67,27
40,46,65,90,112,121,139,172,202,208,211,220,216,188,143,121,112,110,118,145,172,138,73,31
75,98,137,175,197,192,161,158,189,220,235,240,221,179,137,128,123,116,112,116,132,108,61,29
167,187,210,219,211,190,145,132,161,205,229,234,209,165,132,131,126,114,103,94,93,69,39,26
212,218,226,230,222,198,147,123,142,183,216,218,189,151,131,131,121,101,82,71,62,44,40,56
212,206,210,221,226,213,166,130,130,162,201,198,169,140,130,127,117,93,64,53,42,33,46,76
211,195,186,193,205,207,177,139,124,148,190,189,161,135,128,121,113,89,54,45,36,34,55,90
227,201,170,156,164,173,165,139,121,139,181,190,167,136,121,108,99,79,53,50,43,46,72,106
220,201,165,141,145,145,144,132,120,129,162,187,172,130,102,76,60,55,60,63,58,73,100,116
175,181,167,147,141,139,138,132,124,124,146,182,176,126,86,55,45,55,73,85,96,108,108,94
170,180,176,156,134,128,131,130,125,124,137,178,181,133,80,55,55,67,83,99,116,127,118,94
201,204,200,176,133,106,103,104,105,116,131,173,186,145,78,60,68,79,85,96,113,139,149,137
230,231,229,202,141,82,65,63,71,101,125,169,190,155,74,54,70,84,84,86,104,150,187,191
