24,23,22,18,11,12,11,11,14,18,27,60,106,144,149,131,109,77,41,25,45,75,89,83
22,21,22,20,14,16,16,14,15,19,32,66,107,130,116,89,68,48,28,18,32,59,79,83
19,18,20,19,15,15,16,15,15,22,36,58,78,83,64,40,28,23,20,19,25,42,58,65
15,16,16,16,15,13,15,14,13,22,33,37,38,35,25,17,18,24,30,35,32,32,35,37
15,16,15,16,21,23,24,18,13,17,22,22,22,23,23,29,39,49,56,58,45,29,20,19
20,25,28,32,45,69,65,43,22,19,23,26,29,34,42,57,68,71,67,62,45,27,18,20
31,51,72,85,99,138,134,95,54,42,42,52,62,67,75,95,107,99,77,61,41,24,17,19
56,82,111,126,131,158,158,122,78,61,55,66,81,90,94,114,123,110,83,60,39,25,21,22
96,116,138,145,134,131,133,113,83,70,62,70,85,97,97,109,110,101,84,60,42,39,43,44
140,154,164,156,130,105,99,91,81,79,79,86,91,92,94,94,90,89,84,57,47,66,85,84
149,152,150,134,104,84,79,81,87,94,95,84,68,60,72,77,81,83,74,53,48,66,89,98
139,131,120,106,91,83,74,76,88,99,96,78,60,56,67,69,77,85,84,68,58,66,82,93
115,104,93,89,90,88,82,85,96,105,103,95,89,85,80,68,77,98,111,99,86,78,74,72
91,82,78,81,87,88,94,102,109,111,115,124,129,122,101,76,83,110,130,123,112,92,67,51
83,73,69,72,75,84,101,110,106,99,106,121,131,127,114,99,97,106,115,115,105,86,61,43
96,77,63,67,87,110,120,112,94,86,103,125,129,115,104,103,104,102,99,103,103,89,65,46
93,71,52,54,78,104,111,101,92,106,135,145,126,97,87,88,91,89,86,92,95,87,68,51
71,55,38,38,58,82,88,89,101,132,152,150,123,90,78,69,66,70,75,79,79,72,60,49
54,45,32,31,50,66,68,80,107,135,127,124,112,91,77,58,49,52,63,63,59,51,43,38
75,62,47,44,55,58,54,64,88,107,90,90,87,76,68,57,48,45,47,45,45,39,33,33
84,70,60,57,56,47,48,59,68,65,64,84,83,58,49,50,51,50,46,37,35,31,28,28
89,84,77,65,47,32,36,46,47,37,48,79,78,44,30,36,46,54,55,41,30,26,26,29
107,101,84,59,33,22,24,29,29,23,34,57,56,32,21,24,34,44,49,41,30,26,28,30
133,113,77,42,24,22,21,21,20,18,21,27,27,21,21,22,24,25,27,32,31,30,29,28
