83,113,138,151,166,187,180,142,106,106,116,108,112,128,131,133,133,133,143,172,185,167,125,87
95,124,147,155,164,189,201,178,143,132,142,136,136,143,142,157,163,153,144,169,183,173,148,130
125,146,169,181,185,195,215,216,194,169,164,167,174,175,160,171,181,173,156,164,172,173,175,182
155,164,177,188,189,188,205,220,219,199,179,181,192,194,181,173,171,171,167,162,163,171,187,204
164,162,153,141,139,155,171,183,194,207,198,183,177,184,198,180,156,155,173,168,168,175,185,190
148,147,133,112,102,123,135,136,143,175,210,212,198,189,195,190,186,192,203,190,173,177,194,206
150,146,136,126,125,148,157,150,148,177,203,210,206,203,207,209,215,223,225,209,178,161,177,210
145,142,141,142,147,166,171,162,158,176,185,189,197,211,216,213,214,219,217,200,163,139,157,202
139,142,142,141,143,157,159,157,161,174,184,184,194,212,217,203,190,189,194,181,144,125,143,180
153,157,148,133,127,141,145,154,172,192,213,216,212,213,216,195,169,168,190,189,155,134,138,150
145,162,170,156,131,122,114,120,146,182,204,196,181,177,186,180,172,183,210,218,202,188,179,177
149,172,192,185,147,116,99,101,128,174,199,190,173,169,181,181,180,190,209,216,216,219,223,223
168,182,206,211,181,139,112,112,141,185,207,203,194,194,200,186,172,177,195,202,208,221,234,239
194,195,212,228,219,179,143,136,162,205,223,224,224,226,219,183,155,157,185,201,207,213,218,218
208,209,218,230,227,199,158,133,147,199,225,234,232,223,206,171,151,159,190,222,229,224,210,195
157,161,175,195,202,177,135,102,103,144,185,204,195,167,143,136,139,150,174,216,234,235,222,204
144,137,143,159,167,151,136,114,95,104,156,189,177,130,88,95,115,128,144,189,225,241,236,222
169,149,138,140,142,130,146,154,141,129,161,191,189,146,81,71,86,98,106,140,192,229,242,238
195,171,147,136,132,116,146,186,201,186,180,198,217,199,122,76,73,85,90,93,140,192,227,236
182,165,143,129,126,116,146,183,192,163,155,193,231,226,166,101,94,122,135,104,100,132,172,192
185,177,155,131,125,129,144,152,144,129,156,208,240,232,195,131,109,134,166,146,108,92,99,110
185,179,158,135,128,133,137,134,132,145,187,216,215,194,176,146,124,129,151,148,120,85,65,68
191,180,152,127,125,124,121,117,127,164,214,213,174,136,133,149,147,138,138,139,127,94,65,59
204,190,147,111,115,114,105,95,104,149,213,204,148,99,104,151,170,166,160,153,130,100,72,55
