151,165,170,158,142,143,133,112,95,103,148,185,175,120,57,32,29,31,32,38,43,62,88,105
161,179,194,188,160,145,132,114,102,112,149,182,181,139,74,39,33,34,32,40,52,75,98,108
200,210,215,202,172,148,135,128,123,121,136,162,175,158,117,82,68,57,45,56,80,104,116,118
219,222,213,193,169,153,150,156,159,148,145,163,183,189,178,156,136,109,83,87,114,131,134,132
181,190,194,183,163,165,178,191,198,201,199,208,219,223,222,219,207,178,140,121,134,141,142,145
162,173,188,192,184,189,200,209,214,219,219,207,186,166,165,186,210,213,186,140,126,132,142,147
183,179,172,169,176,190,205,216,218,208,191,175,150,120,98,117,163,203,209,169,139,137,147,150
211,196,171,160,175,191,205,217,220,205,177,147,119,92,62,64,105,165,207,195,160,147,150,151
211,197,176,168,185,194,203,215,224,214,192,151,112,84,56,43,66,126,192,208,174,150,145,144
169,161,158,167,181,180,189,209,224,219,217,193,150,98,59,42,55,108,178,205,173,143,131,129
106,120,143,162,168,170,174,193,216,224,224,218,190,135,70,46,58,101,155,189,167,128,105,105
64,89,128,160,168,164,166,184,208,220,216,217,207,171,104,60,61,87,117,143,131,108,95,99
75,89,117,150,176,182,185,195,210,217,210,207,206,191,142,81,64,78,96,109,107,98,93,93
130,127,128,146,181,202,205,200,200,209,205,199,198,193,166,106,84,94,109,106,109,107,98,90
186,188,183,176,177,183,174,154,148,174,185,190,192,185,164,137,134,142,142,118,120,124,121,114
196,204,211,211,205,203,181,146,123,132,152,178,187,174,158,162,170,176,172,146,126,120,124,131
154,171,199,222,230,229,210,185,162,143,144,163,170,161,163,185,191,187,175,150,136,130,129,130
85,105,144,186,216,230,231,227,214,182,157,148,148,155,172,192,189,174,156,140,141,141,136,130
31,42,70,111,154,188,217,234,234,214,179,147,142,162,180,187,174,152,135,130,132,128,126,129
35,35,37,47,72,111,162,203,222,220,198,174,171,184,186,188,175,150,128,121,108,82,73,91
61,58,57,56,53,58,88,129,166,191,205,203,204,211,208,196,177,150,126,121,107,83,75,93
84,86,87,79,58,41,48,69,98,131,183,208,215,217,218,206,180,150,127,120,125,119,116,123
95,98,105,104,83,48,38,44,56,76,134,179,200,207,214,212,187,157,137,133,159,174,173,168
96,94,109,126,115,59,38,45,53,52,87,136,175,196,206,211,195,168,150,156,193,217,217,203
