137,133,126,115,101,90,78,68,66,71,72,77,85,92,94,93,91,88,84,84,97,104,101,95
131,129,125,118,109,105,96,85,77,76,75,84,95,102,104,105,105,103,99,98,109,112,107,101
125,124,124,124,123,124,120,110,98,89,85,90,101,109,109,110,109,108,108,110,115,113,106,102
117,116,117,121,127,131,131,127,120,112,107,105,110,117,114,109,103,103,108,110,109,102,94,91
104,100,100,105,112,119,124,129,133,135,134,130,130,132,125,113,105,105,109,105,98,89,80,75
88,87,88,95,105,115,122,125,126,126,128,126,124,122,117,117,115,115,118,114,107,101,96,92
75,78,82,85,90,95,102,113,127,142,150,135,118,109,104,98,94,94,96,90,88,96,109,117
76,79,82,84,87,91,97,110,131,158,176,155,128,114,108,100,92,91,94,90,89,99,116,130
96,98,98,99,103,105,106,110,123,148,177,165,139,123,118,118,113,111,113,114,109,109,115,122
128,132,130,125,121,117,106,95,94,114,149,147,127,111,106,118,124,124,121,119,117,112,107,104
132,129,121,114,113,111,101,90,94,125,156,138,106,87,85,102,118,121,111,106,113,116,113,108
142,131,112,98,101,112,113,109,120,158,183,158,115,86,87,120,148,153,132,107,90,82,80,84
165,153,133,118,119,140,148,146,153,179,207,196,161,127,116,133,152,158,148,120,86,66,68,81
191,189,181,171,167,181,187,183,177,184,217,229,217,190,161,138,121,121,130,123,107,101,109,120
202,213,221,218,204,193,196,195,189,190,213,230,234,225,202,162,115,87,87,99,132,166,181,176
204,215,226,225,209,186,186,185,178,177,195,207,210,202,178,137,104,92,103,128,172,211,226,222
180,185,197,208,210,203,200,193,177,155,152,154,153,143,126,122,128,134,138,161,196,223,234,233
153,157,167,184,202,213,212,207,191,156,128,117,110,102,103,133,163,174,171,189,212,226,229,227
157,163,163,167,183,198,206,215,214,187,146,128,118,112,127,162,185,192,193,207,219,224,218,209
209,203,185,169,172,184,205,226,232,213,180,173,172,164,162,182,197,200,198,198,198,194,180,161
222,208,182,160,155,163,181,202,212,204,182,190,203,203,199,203,202,194,181,164,153,156,156,144
211,193,160,136,135,145,149,156,169,179,181,203,223,227,224,224,218,205,186,165,152,154,165,174
208,192,154,121,117,118,108,110,129,155,177,210,233,238,237,239,230,210,190,188,186,182,191,211
224,212,171,127,105,87,71,81,112,140,168,207,234,243,242,243,226,194,174,201,216,209,206,221
