44,30,23,28,44,63,58,45,58,118,182,204,199,190,191,215,226,225,219,202,188,159,107,55
49,35,24,29,48,69,66,58,74,130,184,206,208,205,203,218,228,228,212,172,141,115,81,47
61,49,36,34,50,72,74,72,91,144,195,220,224,215,205,206,201,187,159,109,76,65,55,39
72,65,51,44,53,73,77,80,102,155,206,232,232,211,183,166,141,116,94,58,35,42,51,46
78,70,62,58,62,77,77,83,112,163,201,217,211,184,138,105,72,62,75,66,44,53,72,76
78,69,64,67,72,77,73,91,133,173,171,153,129,104,79,65,51,66,110,123,98,85,89,94
84,75,67,65,68,75,77,103,149,186,154,103,65,51,48,40,42,75,133,164,155,144,135,125
87,79,70,66,66,69,77,106,156,200,164,93,41,27,31,26,44,93,156,196,200,197,190,178
86,78,73,71,71,67,76,106,157,209,191,116,48,20,21,21,54,116,184,220,223,218,209,201
95,86,79,77,78,77,90,119,163,211,211,147,70,22,20,28,70,139,206,229,227,202,169,148
148,125,100,82,75,81,104,141,185,221,228,183,113,55,41,62,116,175,216,230,229,199,154,121
206,188,161,133,114,121,140,172,207,229,232,210,162,109,81,102,160,207,223,226,226,209,181,160
235,231,216,191,169,177,189,207,226,235,236,228,194,141,104,116,166,210,225,224,219,209,200,199
217,228,231,222,208,208,216,229,238,237,239,237,206,151,112,113,141,181,215,223,215,200,198,209
160,181,206,217,205,181,187,212,232,230,236,239,217,173,140,134,126,140,185,220,221,210,208,216
107,124,152,174,176,155,154,178,208,221,235,242,224,185,148,136,113,114,158,216,231,230,227,227
77,84,104,126,137,137,138,158,191,219,233,233,210,169,136,135,124,128,165,221,240,242,239,237
65,69,87,107,119,134,147,167,197,224,222,203,177,153,138,147,148,153,179,224,241,245,244,243
67,78,103,125,129,140,163,191,216,227,200,162,148,158,165,174,174,174,190,223,240,245,246,245
84,100,126,140,130,127,151,185,212,215,178,145,145,170,188,199,202,206,218,233,242,246,247,247
71,87,109,116,103,89,98,128,164,188,173,152,151,169,186,202,211,219,230,237,241,244,246,247
44,56,72,81,74,60,59,76,111,153,153,145,145,151,148,150,158,171,184,188,192,202,220,236
31,34,47,59,59,49,46,59,97,148,153,147,138,123,92,76,81,97,109,114,119,140,178,215
37,36,46,60,60,50,48,71,122,180,184,170,143,103,52,30,36,50,58,65,74,100,149,194
