161,164,158,144,129,119,107,131,170,181,176,167,148,123,105,91,58,46,73,104,95,75,76,98
147,146,143,140,137,125,99,108,140,150,151,150,134,112,110,108,82,76,110,143,116,79,71,89
110,110,114,126,140,134,92,81,101,111,116,126,119,105,116,124,110,105,126,154,130,93,82,100
85,87,97,117,141,146,98,67,72,82,83,97,104,104,117,125,114,98,96,120,127,115,114,133
95,97,101,116,145,159,118,75,57,59,55,67,86,103,118,118,92,58,44,70,115,136,148,167
77,73,72,87,122,152,142,101,56,35,44,63,90,124,151,141,105,68,50,59,98,129,152,168
61,53,47,55,84,120,135,112,66,31,41,67,102,143,179,167,125,82,58,51,76,103,120,124
88,79,59,48,65,99,123,111,69,30,38,68,101,136,174,184,151,102,67,63,82,95,94,83
133,129,95,63,68,97,122,111,72,37,47,73,100,127,162,193,179,135,99,102,110,106,86,67
136,142,114,78,74,98,128,126,96,73,84,100,123,154,184,203,199,182,163,150,131,112,90,72
91,89,76,64,72,94,131,146,136,129,140,145,159,186,210,221,220,212,197,168,139,123,111,98
60,52,52,62,75,92,129,156,166,172,183,177,176,191,212,222,223,220,208,178,143,122,113,111
61,49,53,71,86,97,125,153,172,186,200,193,185,192,209,219,222,221,213,191,153,118,100,100
80,70,69,82,96,103,118,138,157,173,197,199,196,200,211,221,222,219,214,201,160,114,85,79
91,88,84,85,93,103,112,122,136,154,188,200,203,208,216,225,220,206,196,190,147,105,81,76
92,98,100,96,95,120,135,136,131,133,158,174,184,192,204,222,222,209,191,173,128,96,84,84
89,102,114,113,104,121,135,134,117,97,97,111,131,152,175,204,220,219,197,154,104,82,80,82
83,103,128,136,124,117,122,118,96,65,52,63,86,113,145,180,206,215,200,154,100,73,66,64
70,93,124,140,132,111,111,104,80,50,43,53,67,86,118,148,167,175,170,148,102,65,44,36
39,51,67,78,84,89,106,102,73,41,36,44,50,57,77,94,96,89,79,68,47,30,21,19
19,20,23,28,34,41,54,52,33,17,17,24,26,23,26,34,33,28,25,25,19,16,17,18
11,9,10,13,15,15,21,21,16,13,14,17,18,14,9,13,13,15,27,47,43,34,28,27
15,16,19,20,16,15,15,16,17,19,19,18,18,18,13,16,22,42,80,121,110,82,62,58
27,29,32,28,20,22,21,18,18,20,21,18,18,20,15,15,32,76,142,193,175,132,101,98
