30,27,33,52,87,137,187,211,195,141,106,115,138,153,157,169,181,192,203,212,199,174,144,119
27,27,42,76,123,171,210,228,218,184,161,169,188,201,204,210,216,220,218,210,192,169,139,111
22,24,47,92,143,178,206,227,235,226,213,206,205,210,216,222,225,221,204,178,161,147,127,109
17,21,49,95,139,153,169,189,210,225,227,206,178,162,169,179,183,176,157,133,130,130,127,123
13,21,54,99,128,128,126,128,141,172,205,192,147,105,98,108,115,114,109,112,131,143,147,147
12,22,58,100,120,118,112,98,90,112,163,187,165,116,83,80,90,101,113,134,162,170,155,133
19,28,59,92,106,104,105,98,88,88,114,146,160,143,105,87,90,101,109,116,128,128,108,81
69,76,91,106,111,103,103,103,97,87,94,127,160,168,139,107,93,87,82,78,74,67,54,40
145,143,140,137,130,113,106,106,105,99,108,144,181,195,176,133,93,63,46,44,38,31,30,35
189,174,159,150,138,119,112,115,119,120,133,172,211,228,214,161,96,47,28,29,29,35,48,61
165,149,137,131,123,112,111,118,127,131,142,175,214,236,228,175,97,42,28,36,48,61,68,66
140,132,127,125,122,119,119,125,134,140,149,178,211,231,230,189,111,54,44,54,69,80,80,72
131,131,130,130,131,133,132,134,141,147,152,174,200,217,221,194,124,67,56,64,77,80,75,69
131,135,136,136,140,146,143,141,145,151,149,163,182,198,208,191,127,73,59,63,74,73,64,59
128,131,133,136,143,151,148,145,147,151,148,155,165,177,194,186,127,74,63,68,79,80,69,56
128,130,134,139,143,148,147,147,150,154,153,155,160,171,188,179,123,76,70,78,80,76,68,61
137,138,141,145,146,147,147,149,152,155,156,157,161,169,179,164,115,79,77,81,76,70,66,63
147,147,147,147,147,147,148,150,152,154,156,158,161,165,166,142,106,83,82,79,69,60,55,52
151,149,146,145,146,147,149,151,152,153,154,156,158,158,151,121,96,86,84,75,62,48,39,35
146,145,144,144,146,149,152,154,155,155,156,156,154,149,136,106,87,81,78,68,57,49,43,39
142,141,140,141,144,148,151,152,152,152,155,155,151,141,121,96,82,76,72,70,84,103,109,98
134,133,131,131,133,136,138,140,141,141,144,145,141,128,107,90,82,75,69,79,115,160,182,173
122,120,117,115,117,119,122,125,126,127,126,126,123,113,93,87,87,80,70,88,127,179,214,220
109,108,105,103,105,108,112,115,118,119,113,108,106,100,85,86,94,86,72,92,118,159,200,222
