12,12,19,35,57,76,83,89,97,107,125,123,111,102,104,116,111,89,63,57,61,58,47,34
36,35,36,44,61,80,89,96,102,105,119,126,121,112,111,120,118,103,83,72,72,73,62,43
97,92,82,73,72,85,92,98,101,96,96,111,122,119,112,114,110,97,79,69,71,74,71,62
150,144,133,117,101,101,101,102,100,88,71,90,115,123,110,99,88,75,62,57,63,68,73,82
159,158,161,158,145,135,126,117,105,87,69,86,117,135,120,88,67,62,63,58,68,72,77,87
167,169,172,172,164,152,137,120,103,89,90,114,145,161,144,105,79,71,69,59,68,71,65,56
184,189,192,188,181,171,154,136,121,114,125,152,181,194,176,134,98,81,77,71,71,72,67,60
189,195,197,194,187,175,160,148,144,150,166,190,209,215,199,160,118,89,77,77,71,66,66,68
184,186,189,190,186,174,159,154,163,182,200,213,220,219,211,186,150,116,95,91,78,66,65,75
184,182,183,187,191,184,170,165,178,199,212,213,212,215,223,214,197,176,152,133,106,87,84,92
194,189,182,182,190,191,179,173,182,200,210,207,204,208,216,206,205,201,182,149,119,106,106,108
204,202,200,198,194,184,176,175,182,197,208,211,208,201,190,165,174,191,183,138,104,98,108,115
207,211,218,221,210,193,184,185,193,204,212,217,210,185,143,105,119,162,185,153,120,110,119,129
205,212,224,232,229,216,205,203,209,217,217,213,195,156,97,56,68,124,186,193,173,155,148,148
206,212,220,228,232,228,215,208,212,219,212,188,156,120,82,52,50,89,154,201,205,195,174,152
215,221,229,235,237,237,228,218,211,204,181,142,110,95,84,63,59,77,112,151,168,178,169,143
231,235,239,241,242,242,239,233,216,182,132,89,75,88,103,101,106,114,119,130,143,160,158,136
243,244,244,243,243,243,243,242,224,173,104,59,54,79,109,126,144,153,152,148,149,154,149,132
245,246,245,244,243,240,240,242,231,190,123,72,53,65,92,112,132,152,167,172,164,152,137,124
242,243,243,243,243,239,236,238,237,223,181,128,90,77,80,74,82,103,129,146,146,134,116,102
232,234,238,242,242,237,232,232,237,238,221,185,148,124,116,105,90,81,84,95,102,102,96,90
230,230,233,237,238,233,227,227,233,239,238,222,194,168,155,150,126,98,84,88,93,93,97,106
235,232,230,231,234,231,228,228,232,236,241,237,218,190,170,173,158,132,112,108,107,101,101,111
240,233,228,228,233,232,233,233,234,235,241,241,224,192,161,167,170,156,131,117,116,107,94,88
