12,15,19,24,29,35,46,58,60,44,41,48,54,52,48,59,69,72,70,70,76,84,95,104
11,15,20,24,27,31,45,58,57,39,37,44,49,51,55,66,71,69,65,67,75,83,87,89
12,15,20,24,27,33,48,61,58,38,34,40,48,54,63,74,74,70,68,71,79,85,87,83
13,14,17,21,28,38,55,68,64,42,38,50,66,78,84,84,77,73,74,79,83,89,92,89
13,13,15,21,30,43,62,74,70,51,58,87,117,133,131,110,85,73,75,80,83,91,97,96
18,23,30,37,40,44,56,68,72,74,111,158,191,203,199,171,123,85,73,81,90,98,97,89
60,73,89,97,92,80,74,74,82,104,158,208,234,237,235,216,164,109,80,80,86,93,92,83
144,155,170,176,169,155,142,135,138,154,188,224,243,245,244,234,197,146,102,81,78,82,82,78
224,227,232,234,231,226,220,215,212,209,202,213,230,241,238,231,219,190,144,103,88,85,84,82
248,248,248,248,248,247,246,246,243,235,208,194,208,232,235,227,231,227,201,162,137,122,115,114
247,248,248,248,248,249,248,247,247,242,215,181,183,217,237,236,240,242,236,222,209,197,191,193
227,230,236,242,246,243,239,240,242,234,208,169,164,198,231,236,241,245,246,242,239,235,234,235
188,195,209,227,240,238,231,229,225,206,182,153,149,177,215,222,219,217,217,219,226,236,243,245
150,157,176,203,228,236,229,218,200,169,152,139,139,157,193,201,186,168,162,169,187,209,228,236
138,142,156,180,208,231,234,215,181,146,138,137,135,144,175,188,168,138,121,122,138,168,198,215
146,152,164,182,203,223,223,196,158,133,129,134,136,141,162,176,157,130,116,111,110,124,151,172
169,175,188,203,214,216,197,168,142,132,127,127,129,136,151,159,146,132,127,116,101,99,111,125
177,184,199,213,218,203,172,147,137,136,132,128,127,132,143,146,141,137,132,114,101,96,97,99
161,170,185,198,200,181,157,143,140,141,140,136,133,133,136,141,141,138,126,105,101,103,102,97
146,154,164,171,171,162,152,147,145,144,144,141,136,130,128,132,130,126,120,111,107,101,97,97
138,143,144,144,145,146,144,141,140,141,143,140,130,117,108,115,123,127,122,109,105,101,98,101
101,105,108,112,119,124,124,121,118,116,117,114,105,93,84,90,107,119,117,102,101,98,98,103
60,67,81,98,111,113,113,109,99,85,80,78,76,74,73,82,108,125,120,100,101,99,94,92
48,57,79,106,123,120,121,115,97,71,58,57,62,69,78,96,131,150,136,105,107,105,90,75
