160,163,175,190,202,209,214,217,218,219,219,220,220,221,222,222,223,223,223,222,223,224,224,223
157,160,170,182,194,204,211,215,217,218,219,220,221,222,222,222,223,223,223,223,223,224,224,222
153,156,162,171,181,192,201,209,213,216,218,220,221,222,222,221,222,222,223,223,223,223,222,221
150,151,154,160,168,176,187,197,205,211,216,218,219,220,220,219,219,220,221,221,221,220,220,219
146,147,150,153,157,164,171,178,186,196,209,214,216,216,217,217,216,216,217,217,217,217,217,216
143,144,146,150,153,157,159,156,155,166,191,206,212,213,213,213,214,213,212,212,213,213,212,211
140,141,144,148,150,151,147,138,130,140,169,194,208,211,211,212,212,211,210,210,210,211,209,207
135,137,141,144,146,147,137,123,116,123,151,180,199,207,210,212,210,209,208,208,207,208,206,204
130,133,136,140,142,143,128,113,108,115,140,167,186,198,206,209,208,207,205,205,204,203,202,202
127,130,133,136,138,138,119,105,104,111,134,155,171,185,198,203,205,205,203,201,199,199,199,200
125,127,131,134,135,133,112,99,102,111,127,144,160,175,191,199,201,201,200,198,196,196,197,198
121,123,127,131,133,128,106,97,105,113,120,136,152,166,184,193,197,198,198,195,192,191,193,195
113,117,122,127,130,122,101,97,108,113,112,129,146,159,178,186,191,194,194,191,188,188,190,192
98,106,115,122,125,115,96,97,109,109,103,122,142,155,173,176,180,185,187,186,185,187,188,189
80,89,103,116,120,109,91,94,107,100,93,119,145,158,173,168,167,172,179,180,182,185,187,186
81,79,86,102,115,103,86,89,99,88,83,116,149,165,176,172,165,166,174,175,176,180,182,181
107,91,80,86,101,93,79,84,92,78,73,109,149,171,180,179,171,167,169,171,172,176,179,178
148,125,94,78,85,81,71,78,88,72,65,102,147,175,184,185,179,172,168,169,169,168,164,157
183,165,126,89,76,70,62,72,84,68,60,95,143,176,186,185,180,171,160,155,148,138,123,110
193,187,160,120,88,67,56,66,78,64,54,87,138,175,183,176,163,146,126,108,87,70,59,55
195,194,183,155,113,75,54,52,54,45,39,72,122,152,142,118,95,77,63,58,59,68,83,95
195,195,193,180,148,103,67,47,36,28,26,49,80,96,83,70,65,68,74,86,102,121,138,148
192,192,192,190,178,143,99,64,44,34,31,41,56,68,73,83,100,118,134,149,164,175,180,179
187,186,187,190,189,173,133,93,67,57,51,55,71,94,119,142,160,172,179,183,189,192,190,185
