81,82,100,108,80,45,32,45,81,130,170,176,170,166,164,148,128,96,62,54,56,57,72,99
84,88,112,123,87,52,39,46,71,116,160,169,166,166,164,143,127,100,68,67,63,56,60,77
90,103,135,145,108,74,70,67,66,83,126,155,168,170,169,150,136,109,75,85,81,77,82,91
93,116,147,155,129,97,96,85,59,49,87,142,171,169,165,147,130,103,75,90,96,111,129,137
85,109,130,139,136,102,93,73,43,36,69,135,166,153,138,109,87,70,62,75,92,127,158,167
62,71,87,111,133,102,95,73,43,40,66,119,147,134,107,65,47,44,45,50,58,85,116,131
47,48,64,96,125,106,111,108,96,95,99,120,132,122,93,52,42,47,49,43,45,61,83,96
39,40,54,78,95,99,117,129,130,129,125,140,155,144,101,55,50,65,68,50,48,61,77,85
44,47,54,60,62,83,111,132,140,134,117,144,180,179,121,65,57,73,77,55,55,73,90,95
63,65,63,60,62,75,107,145,165,143,89,103,157,185,136,84,63,61,58,50,61,84,103,109
69,68,65,66,75,71,112,166,193,168,120,122,161,187,150,111,93,76,54,47,70,105,128,130
72,67,56,52,63,63,117,178,204,180,152,153,176,193,171,150,129,95,56,50,86,127,146,139
84,76,55,41,51,65,123,172,178,146,128,132,155,180,186,180,149,104,69,74,116,147,149,131
98,87,61,42,52,71,113,134,115,77,60,64,90,131,168,180,148,110,100,120,155,166,150,126
86,76,55,44,55,58,69,66,47,28,21,20,30,55,101,143,137,128,147,172,185,182,167,152
62,55,41,37,50,49,68,81,78,67,59,49,41,39,52,78,84,101,144,178,190,189,178,163
75,68,49,38,47,50,99,144,159,152,143,128,113,99,88,88,75,89,138,172,181,182,166,138
99,90,66,46,47,53,122,185,211,207,196,183,172,162,149,135,96,86,125,158,166,170,150,109
109,100,77,57,53,55,109,162,186,186,173,166,165,168,166,159,110,77,98,136,156,166,142,96
115,108,92,76,69,54,71,94,105,105,98,94,98,109,123,130,94,60,68,121,158,168,135,84
133,132,127,115,92,60,69,84,89,84,71,54,42,42,53,63,52,46,71,129,164,165,125,74
145,146,146,129,91,58,78,101,102,86,65,39,20,14,22,30,40,66,112,152,170,159,118,71
138,138,134,112,69,47,79,103,95,69,48,29,15,12,19,25,43,93,156,175,172,158,122,78
120,118,110,86,49,36,71,84,62,32,20,15,12,11,17,22,40,98,171,184,172,163,134,88
