196,194,187,186,195,194,127,56,20,25,56,113,161,179,172,165,171,182,189,187,184,183,183,184
200,194,186,185,194,192,140,75,33,35,78,130,165,174,168,163,169,179,186,186,184,184,183,182
185,187,188,190,196,191,163,109,58,54,113,153,168,168,165,162,167,176,183,186,186,186,185,183
142,163,187,200,203,194,180,134,78,69,136,167,170,166,164,161,164,171,180,184,186,188,188,186
80,118,167,201,209,197,182,135,78,67,132,166,172,169,165,160,159,166,175,178,181,182,180,178
31,56,110,169,205,204,181,130,71,53,111,159,174,169,167,161,156,158,165,168,169,163,148,132
11,20,57,113,167,185,167,117,60,36,85,148,177,173,170,163,158,155,153,149,145,138,128,120
6,7,23,56,97,124,119,87,47,27,70,143,184,180,172,161,152,144,139,137,140,142,142,144
6,5,8,17,32,53,59,50,33,24,68,146,190,186,173,157,145,139,138,145,156,165,170,172
8,7,6,7,13,23,27,24,18,19,67,148,193,187,172,159,156,161,167,171,173,173,172,172
27,21,15,11,14,22,25,21,15,18,67,147,193,191,181,173,175,181,184,181,178,176,177,178
101,92,74,54,40,33,29,26,21,22,70,149,191,184,172,171,178,183,184,183,182,182,183,185
172,165,148,126,105,72,48,36,29,25,74,151,186,170,159,165,174,178,177,179,181,183,184,186
199,199,194,187,173,119,69,43,32,27,73,146,175,157,154,166,174,174,171,172,174,176,179,181
192,192,189,191,188,127,65,33,25,24,66,131,162,155,160,170,173,171,169,168,167,170,175,179
190,187,184,186,186,121,53,21,19,24,60,120,156,160,169,174,172,168,167,166,164,167,173,176
189,185,178,178,179,114,46,17,18,24,59,121,159,164,171,173,171,168,168,165,162,164,170,173
187,182,172,171,173,107,43,16,18,23,62,128,166,168,170,173,173,172,169,165,161,163,168,171
182,178,168,168,170,102,39,14,17,24,66,133,171,171,171,174,176,175,171,166,162,164,168,171
180,176,167,168,170,102,37,12,16,25,70,136,172,173,172,175,175,173,169,166,163,164,169,171
156,157,158,166,170,105,39,9,13,28,80,138,169,170,171,173,172,170,169,167,165,167,171,174
93,100,111,128,139,95,40,11,12,33,91,143,167,167,167,168,169,170,170,168,167,168,173,178
32,38,49,65,80,67,38,14,12,37,98,147,167,164,162,164,168,171,171,169,168,170,175,181
10,10,11,17,27,38,32,16,11,36,98,147,166,162,160,163,169,173,173,171,170,173,178,182
