63,83,97,111,136,156,171,204,239,244,245,247,249,250,248,240,182,124,116,157,150,132,139,166
65,83,101,117,134,140,154,188,227,242,246,246,247,249,248,241,196,148,135,162,156,143,143,155
62,79,100,114,117,112,125,159,203,235,246,248,248,249,248,242,202,156,140,168,163,145,138,145
56,73,94,102,93,84,98,134,182,229,244,248,248,248,248,244,202,148,124,157,162,143,132,142
49,68,85,88,80,76,90,128,182,231,242,245,246,247,248,245,207,149,110,132,156,148,136,143
36,53,68,77,83,94,113,151,199,236,246,247,247,248,248,244,217,173,138,148,161,143,126,136
26,34,49,66,88,111,127,149,184,224,241,247,248,248,246,245,217,162,115,134,159,146,125,125
21,22,30,48,71,94,103,117,150,200,229,242,246,246,246,246,219,157,97,110,145,147,134,134
24,19,22,36,54,70,79,98,134,183,218,238,245,246,247,246,223,172,118,115,143,146,134,132
36,29,35,55,77,95,114,138,164,189,219,240,248,249,248,241,219,188,163,161,175,156,116,88
52,60,77,102,131,146,163,180,197,215,231,244,249,247,242,232,203,170,152,164,184,179,143,103
84,101,118,134,155,165,173,183,197,213,225,235,240,240,233,225,203,178,163,165,174,177,165,145
112,130,145,155,161,161,156,161,177,194,208,219,227,229,223,216,205,198,196,181,162,161,166,167
134,144,159,168,164,151,132,131,148,168,188,204,214,218,209,197,192,206,225,207,164,149,155,159
166,162,165,170,167,145,110,99,115,139,169,190,203,203,182,163,162,187,221,219,183,160,153,150
175,169,165,168,168,147,105,83,89,110,137,164,180,173,139,125,139,174,210,219,204,190,180,173
181,178,169,160,155,141,104,80,84,103,125,148,158,145,117,110,130,172,214,223,193,174,173,179
190,187,166,144,138,131,105,92,101,124,142,156,154,140,125,121,131,169,220,228,175,137,133,148
194,182,149,123,122,120,107,107,125,150,165,170,162,148,142,137,133,157,204,219,167,116,96,103
172,151,120,98,98,98,98,104,118,131,140,146,143,134,128,127,125,133,154,169,149,119,100,98
106,88,68,59,64,70,71,74,79,86,96,109,112,106,101,101,100,98,97,98,97,94,94,96
46,40,40,48,58,65,65,62,61,62,69,83,92,91,89,91,98,96,78,59,55,59,65,70
15,17,27,40,50,57,61,62,58,54,55,63,71,75,77,91,121,127,94,53,38,35,37,39
9,10,14,18,23,34,48,55,54,49,45,45,48,54,59,91,145,161,115,59,39,32,28,25
