249,241,225,212,213,229,241,248,250,252,251,252,252,252,251,251,248,239,231,238,247,251,252,251
251,246,236,224,217,221,230,238,245,250,251,251,251,251,250,250,244,236,233,242,248,251,251,250
247,247,243,231,214,217,224,228,232,238,243,248,251,251,249,245,238,235,240,247,249,251,251,250
219,227,232,223,206,221,231,231,227,228,233,239,245,247,245,239,236,240,247,250,250,251,251,250
156,175,196,205,205,232,246,247,241,234,229,230,234,238,239,237,241,247,251,251,251,251,252,251
100,118,155,191,215,241,250,250,249,247,243,239,235,234,237,243,247,250,251,250,250,251,251,250
108,120,151,186,210,240,251,251,251,252,250,248,245,243,244,248,250,251,252,251,251,251,251,251
150,149,161,177,192,226,241,246,250,252,251,252,252,251,250,251,251,251,252,251,251,252,252,251
176,165,164,172,184,208,222,236,249,252,251,251,252,252,251,252,251,251,252,251,251,251,251,250
165,158,164,185,208,205,209,228,248,251,250,251,251,251,250,251,251,250,251,250,250,250,249,245
217,215,219,229,238,234,235,242,250,252,251,251,252,252,251,252,251,251,252,251,250,248,239,227
246,245,246,248,249,248,248,249,250,251,251,251,251,251,251,251,251,251,251,250,246,237,227,222
244,245,248,251,250,251,251,251,250,251,250,251,251,251,250,251,250,250,250,245,235,227,225,231
224,228,235,242,246,248,250,251,250,251,250,251,251,251,250,251,250,249,245,235,225,226,235,243
209,209,213,221,230,239,245,249,250,251,251,251,252,252,251,251,249,242,233,225,229,238,242,241
232,229,224,219,215,217,224,232,241,247,249,251,251,251,250,248,240,230,226,231,233,236,238,236
231,233,234,232,228,224,221,220,223,228,235,242,248,249,246,238,230,228,233,235,227,228,232,233
212,215,220,228,233,232,230,226,222,220,223,228,234,238,236,229,229,234,236,229,217,219,228,231
191,189,189,195,207,216,229,236,235,231,225,222,222,224,226,229,236,236,227,216,210,215,225,230
181,176,168,165,173,182,200,215,225,233,237,237,233,230,233,238,235,226,217,213,213,213,217,224
172,173,168,163,170,183,194,201,206,213,222,227,230,233,236,233,226,220,217,216,219,216,213,217
172,179,181,179,182,192,197,199,198,197,204,213,217,219,227,227,223,219,218,216,221,220,216,215
177,187,193,193,192,196,198,200,198,192,196,205,209,209,220,226,225,220,214,211,217,219,217,214
181,188,194,195,191,194,195,198,198,194,195,207,214,214,222,228,226,217,207,203,211,215,213,209
