233,214,161,126,157,193,139,84,96,179,228,223,202,188,175,111,103,158,227,240,210,164,152,182
225,196,137,114,165,199,149,101,118,195,224,211,195,182,147,102,123,185,233,228,189,152,153,186
194,153,104,108,183,209,162,118,132,201,211,201,184,154,105,110,164,218,230,200,160,145,164,194
141,100,78,118,202,217,173,131,139,197,200,192,163,119,93,143,202,231,216,170,144,151,178,199
82,58,74,139,213,218,179,148,154,193,198,175,133,105,131,182,211,216,198,158,149,163,183,196
47,42,82,157,219,215,187,172,182,197,183,136,115,139,175,187,189,195,196,168,160,169,183,190
30,34,90,172,224,219,201,190,189,185,140,113,138,185,183,154,160,187,201,175,163,171,182,184
18,32,102,187,228,223,209,198,182,150,108,129,182,210,168,126,140,176,192,172,163,172,181,178
12,39,121,203,229,222,210,194,162,113,116,173,217,202,139,105,118,146,163,162,163,175,181,174
21,61,146,218,226,213,204,173,128,110,165,216,222,176,104,74,78,98,124,153,167,178,181,176
43,91,171,223,213,202,175,134,117,161,207,222,205,158,90,54,53,72,103,148,170,177,178,180
76,125,186,216,199,178,132,117,150,207,212,203,185,150,92,60,71,99,128,162,176,174,177,191
119,157,195,205,182,139,112,139,195,219,192,184,176,146,97,86,118,152,165,178,182,177,183,201
164,183,198,189,153,109,132,184,215,196,168,177,175,141,104,121,165,191,187,187,188,186,192,206
197,198,193,164,116,122,180,213,198,164,160,180,173,136,122,156,188,197,189,192,191,189,197,212
202,198,169,133,125,175,217,216,182,156,167,184,168,138,153,192,206,202,198,199,183,185,204,222
192,170,135,127,168,214,231,211,176,159,177,186,166,144,174,209,211,205,206,197,176,185,200,194
156,131,124,155,206,218,222,205,178,166,186,187,165,153,189,217,216,209,210,199,181,181,175,152
113,114,151,198,211,191,198,198,182,172,191,187,168,166,205,227,223,215,214,209,184,155,132,122
115,149,196,214,186,162,172,183,181,175,193,186,174,182,219,233,224,215,215,205,148,94,83,109
181,204,222,211,173,161,176,183,177,178,198,187,179,196,225,229,224,218,202,150,82,39,43,75
229,231,223,200,173,168,183,185,178,184,205,190,185,206,229,230,225,203,154,81,31,10,17,35
232,218,203,189,178,179,193,197,193,196,208,194,191,212,231,232,212,162,90,29,7,2,5,10
208,189,180,182,182,192,206,216,215,208,207,197,196,213,231,231,188,116,46,11,3,2,4,8
