248,248,248,249,248,243,240,244,249,250,250,250,250,248,238,207,185,178,176,170,166,167,170,173
248,248,248,249,248,243,240,244,249,250,250,250,250,248,237,205,183,175,174,170,168,170,175,178
248,248,248,249,248,243,240,244,249,250,250,250,250,248,237,204,182,175,176,174,174,177,181,183
247,247,247,247,248,243,240,244,249,250,250,250,250,248,238,206,184,179,181,180,180,181,183,184
246,245,242,243,245,243,240,243,249,250,250,250,250,249,239,207,186,180,181,180,180,179,177,176
246,242,237,237,244,242,240,243,249,250,250,250,250,249,239,207,181,171,172,175,175,170,164,161
247,244,240,240,245,243,240,243,249,250,250,250,250,249,238,204,174,159,161,168,169,164,158,154
247,246,245,245,247,243,239,242,249,250,250,250,250,248,237,201,169,154,156,163,164,161,158,156
248,248,248,248,247,243,238,242,249,250,250,250,250,248,238,199,168,156,157,160,159,159,159,158
248,249,248,248,247,241,237,241,249,250,250,250,250,249,238,197,168,157,157,156,155,155,155,153
247,248,248,248,247,241,236,240,249,250,250,250,250,249,238,195,163,151,151,150,149,150,147,143
246,247,248,248,247,241,235,239,248,250,250,250,250,249,237,190,155,142,143,141,141,143,141,137
245,247,248,248,247,240,234,238,248,250,250,250,250,249,236,186,150,137,138,136,138,141,141,138
244,246,247,248,247,241,234,238,248,250,250,249,247,244,233,184,148,136,138,137,140,144,145,142
243,246,247,247,247,241,234,238,247,250,250,246,238,228,219,177,145,133,136,138,142,144,143,138
243,245,247,247,247,240,233,237,247,249,250,240,219,198,191,164,138,125,127,137,142,141,134,125
243,245,247,247,246,240,231,233,242,244,247,237,213,191,189,164,138,126,133,149,155,152,137,120
242,244,245,245,243,237,225,216,213,213,226,225,210,195,197,172,147,140,152,169,174,170,153,134
224,226,227,226,224,217,203,182,164,162,185,195,191,185,189,170,154,153,165,176,179,175,165,152
172,173,172,171,169,164,155,142,131,131,141,145,143,140,141,139,138,140,144,146,147,145,141,138
121,122,126,130,129,123,116,110,106,108,113,116,114,108,104,106,111,115,121,128,131,132,131,128
96,97,109,122,124,114,104,97,98,109,124,132,124,106,92,95,103,114,129,142,142,138,133,129
112,113,126,142,148,143,137,133,136,150,169,174,163,142,126,127,134,144,155,164,156,142,130,122
151,150,156,167,176,187,194,196,200,208,212,208,199,189,183,182,181,179,176,168,155,135,115,103
