203,213,229,238,234,236,242,249,251,249,250,250,250,251,252,251,252,252,252,251,252,251,251,251
208,217,232,241,239,240,245,249,249,248,249,249,249,250,250,250,250,251,250,250,250,250,249,249
225,231,239,246,246,247,249,250,250,249,250,249,249,250,250,250,250,251,250,250,250,249,248,247
243,244,246,249,250,250,251,251,251,250,251,250,250,250,251,250,250,251,250,248,246,242,238,235
250,248,247,248,250,249,250,250,250,249,250,249,249,249,250,249,248,247,244,238,231,224,217,213
250,248,246,247,249,249,250,250,250,249,250,249,249,248,248,245,239,232,222,212,207,205,205,206
251,249,247,247,250,250,250,251,250,249,249,247,243,240,235,228,220,211,203,198,200,205,210,213
251,249,247,247,249,250,250,250,249,246,242,233,225,219,212,206,202,199,196,195,201,209,215,219
249,247,245,245,247,246,245,243,241,237,228,213,202,197,195,194,195,197,198,199,206,212,217,221
250,248,246,244,242,236,230,225,222,222,215,200,191,192,195,196,198,200,202,203,208,214,219,222
246,243,238,231,221,210,202,197,197,205,206,196,190,191,194,196,198,200,201,201,205,211,216,217
227,225,224,216,200,191,186,185,188,201,206,198,191,192,191,191,194,198,201,201,204,209,212,213
208,209,212,208,191,184,183,183,188,202,209,200,193,191,184,180,187,196,200,199,203,208,211,212
197,201,209,208,193,187,184,184,190,203,209,201,194,189,176,169,180,195,199,196,201,206,210,212
199,204,211,211,197,189,183,183,192,206,211,204,197,192,178,172,183,196,200,196,199,203,206,208
206,210,216,215,202,190,178,177,191,209,215,208,201,198,191,187,194,202,203,198,200,202,203,205
208,212,217,216,205,192,176,175,190,210,216,209,202,201,198,197,200,203,201,196,194,191,187,184
208,211,215,214,206,196,184,183,195,211,216,209,203,202,200,198,197,195,190,183,177,169,160,153
210,212,214,213,208,203,198,198,204,212,215,209,202,199,194,187,181,175,167,157,149,140,131,126
209,211,213,213,209,206,205,204,205,207,206,197,187,179,170,159,149,141,132,124,118,114,114,118
213,214,216,214,207,203,201,197,193,189,184,173,161,150,138,126,119,115,115,119,124,134,150,166
214,213,212,207,196,189,184,177,170,165,160,149,138,130,125,123,129,139,151,165,178,191,204,215
204,201,196,188,177,167,158,149,143,146,155,151,145,146,153,163,179,195,208,217,226,230,230,227
188,185,177,168,160,150,137,126,124,140,168,175,177,188,203,217,230,238,239,234,231,225,216,207
