230,224,213,197,174,129,104,136,195,223,225,224,220,208,186,170,163,161,159,155,137,91,49,36
229,223,210,193,169,119,93,128,192,222,225,224,219,207,185,170,163,161,157,143,112,69,38,32
229,222,207,187,163,110,81,119,189,222,225,223,218,205,182,168,162,160,153,126,78,42,25,22
229,222,204,182,159,108,78,115,186,221,223,221,216,202,178,163,158,158,150,115,59,32,24,16
226,219,203,183,161,117,88,119,182,215,218,216,210,195,169,155,152,154,147,117,69,47,37,21
213,209,199,189,177,151,134,148,181,198,198,196,190,176,154,144,145,148,144,124,84,55,35,18
200,197,194,191,187,177,168,169,176,178,176,174,168,156,141,136,139,143,139,123,89,56,32,19
177,175,172,171,173,173,166,157,151,148,146,142,134,125,122,127,134,139,137,121,84,49,26,19
154,152,148,144,145,150,144,130,119,119,117,109,96,87,96,116,129,135,135,120,77,39,19,18
147,147,143,136,133,137,135,122,108,108,106,93,72,59,76,105,123,130,131,118,74,37,20,22
154,154,151,145,138,136,134,126,118,119,115,101,78,60,71,98,116,124,124,108,67,51,59,70
161,161,157,151,143,138,132,124,119,122,118,104,80,61,70,95,111,118,118,104,71,66,81,92
164,165,162,155,148,141,133,125,120,123,119,103,77,58,66,90,104,109,109,102,80,69,68,68
164,167,166,159,151,144,136,128,124,124,120,102,75,56,64,86,98,100,100,99,89,69,44,27
162,166,165,159,151,144,137,129,124,124,120,104,82,66,72,90,99,99,97,94,96,85,57,26
166,167,167,164,159,155,151,147,143,142,139,129,117,108,108,116,118,115,110,102,102,94,65,28
171,171,170,169,168,165,164,162,160,159,157,151,144,140,136,136,134,131,125,111,103,94,67,30
173,172,171,171,171,169,169,167,165,165,163,157,153,150,146,143,139,136,130,113,100,91,66,32
151,151,150,151,151,150,148,146,145,144,141,136,133,132,129,126,123,119,113,101,93,88,68,35
84,84,84,83,84,84,83,81,80,81,79,77,75,75,75,73,71,68,67,68,78,84,67,37
30,30,30,31,31,30,30,29,29,30,30,29,28,29,30,29,28,28,31,44,68,80,66,37
12,13,14,14,14,12,13,13,13,13,13,13,13,13,15,14,15,16,21,39,64,80,73,52
15,16,17,17,17,15,15,15,16,16,16,15,15,15,16,16,17,19,25,44,65,84,90,83
16,17,18,18,19,17,16,16,17,17,17,16,15,16,17,17,17,19,26,46,67,90,107,112
