49,49,63,97,138,139,80,41,43,68,128,190,217,197,148,110,101,113,121,89,49,25,45,93
37,37,56,94,133,128,84,58,57,65,120,181,205,177,119,79,78,105,124,93,48,22,39,78
27,27,47,84,115,101,91,101,108,89,121,163,176,148,96,71,96,141,160,124,70,43,57,87
27,27,45,78,98,73,86,126,147,119,132,147,149,135,114,115,157,200,206,157,102,82,100,126
43,41,57,84,96,60,62,98,128,122,139,138,133,142,165,188,218,238,223,161,111,105,134,165
77,65,68,86,94,63,51,62,85,107,122,112,103,118,158,198,227,240,221,147,76,56,88,134
116,89,73,81,99,103,100,82,72,95,91,70,62,79,115,162,207,232,211,126,53,41,73,107
139,101,85,101,120,127,142,118,76,67,57,41,35,47,74,120,182,222,201,111,55,72,117,140
142,96,97,135,148,117,138,136,92,44,39,37,33,33,52,94,165,215,198,118,89,130,185,205
136,88,98,151,165,93,98,132,128,63,53,62,58,41,45,84,160,213,206,156,154,184,219,235
153,101,102,155,188,115,93,135,167,116,111,130,123,84,58,88,162,219,224,204,211,221,231,238
166,120,118,169,211,155,126,160,202,179,182,198,190,149,110,121,178,227,236,230,236,238,238,240
141,114,130,187,229,198,178,198,227,223,229,236,230,208,179,176,206,235,242,240,243,243,242,243
86,83,129,199,238,229,223,230,241,242,244,244,243,240,232,227,234,243,245,244,245,244,243,244
52,64,121,194,237,241,241,244,246,246,246,245,245,245,244,243,245,247,247,246,247,245,244,244
68,75,111,164,209,227,238,244,246,245,246,244,243,244,245,245,246,246,246,245,246,245,244,244
99,105,117,132,149,172,203,226,237,242,244,243,242,244,245,244,245,246,246,246,246,246,245,245
116,120,114,98,87,102,138,170,195,220,237,242,242,244,245,243,245,247,247,246,247,247,246,246
108,104,88,65,47,49,69,96,129,174,219,239,243,244,245,243,245,246,247,246,247,246,246,246
81,71,54,39,30,32,44,63,89,130,197,232,243,243,244,243,244,246,246,245,246,246,245,245
74,59,41,29,26,34,54,75,100,141,205,236,244,243,245,245,246,247,247,246,246,246,246,246
80,65,47,38,42,55,88,119,147,184,224,241,244,243,245,245,246,247,246,246,246,246,245,246
76,73,71,77,94,100,135,173,203,224,239,243,244,244,244,245,245,246,246,245,246,245,245,245
60,74,97,127,157,152,173,209,235,240,242,243,243,244,243,244,245,246,246,245,246,246,245,245
