219,216,215,215,214,213,216,216,215,214,211,211,212,214,213,214,213,214,216,214,214,215,215,213
216,215,214,213,212,211,213,214,212,212,209,209,211,212,211,212,210,212,215,213,212,213,214,213
191,193,196,196,191,187,189,190,190,190,188,187,188,190,194,199,196,193,196,199,199,197,196,197
145,149,159,164,153,143,145,147,147,148,146,143,141,146,164,176,169,157,157,168,168,159,151,147
101,103,116,127,118,102,101,103,102,102,99,93,91,102,132,149,138,119,113,126,128,115,92,75
94,91,98,110,111,98,99,101,99,98,92,83,82,97,128,138,125,111,107,111,115,106,80,51
99,93,94,101,104,97,101,105,104,103,98,87,84,99,130,135,115,101,105,110,103,101,100,96
102,96,93,96,98,93,100,106,106,105,101,91,87,101,132,136,110,93,103,110,95,97,117,135
104,97,93,95,97,92,100,107,108,106,103,94,92,105,134,139,111,92,103,112,97,96,110,125
110,102,99,100,101,98,107,114,114,112,109,102,100,112,139,144,118,100,109,119,107,97,86,73
112,105,101,102,103,102,112,118,117,113,110,105,105,116,142,150,127,108,115,124,114,103,86,68
122,114,109,109,111,111,120,125,123,119,115,111,111,121,144,152,132,116,120,127,119,111,98,81
149,144,139,138,139,139,146,149,146,144,141,138,137,142,156,162,149,139,141,145,140,138,131,122
181,179,176,175,174,174,177,177,175,176,174,172,171,172,173,176,173,170,170,170,169,171,171,169
187,186,185,184,182,180,183,183,181,182,181,180,179,178,177,178,178,178,178,177,177,179,181,180
185,184,184,182,180,179,181,180,178,179,180,180,178,177,178,178,176,175,176,176,177,177,176,174
184,182,180,179,177,177,178,176,175,178,179,179,177,175,178,179,176,173,174,173,175,174,172,172
179,178,178,177,175,175,176,176,175,173,164,155,148,147,154,165,171,174,174,173,174,173,172,173
156,163,171,175,175,175,178,177,168,149,121,99,87,87,97,122,146,165,174,174,174,173,172,171
100,119,149,172,177,176,179,168,137,90,53,33,25,26,34,55,89,130,163,173,174,173,165,154
64,83,120,156,174,177,174,144,92,43,20,12,11,11,12,20,45,88,135,165,175,171,148,120
82,96,121,146,164,175,166,129,79,41,22,17,20,22,17,18,42,82,124,152,170,161,135,114
137,150,157,155,152,167,165,141,105,74,47,38,45,53,42,33,62,107,137,141,156,138,119,124
185,200,200,175,145,159,172,167,142,107,73,60,71,85,71,48,78,131,159,137,139,113,102,129
