74,60,41,28,23,23,28,30,29,28,32,43,56,59,50,64,64,61,63,56,49,50,49,42
62,50,36,26,24,27,34,37,35,33,36,45,54,57,48,62,62,58,57,49,45,48,50,43
57,52,45,40,38,38,39,39,37,37,40,49,58,61,55,66,65,58,53,48,42,50,56,49
54,57,63,69,69,60,48,40,37,38,45,61,76,84,86,93,86,71,58,59,50,57,65,58
42,51,75,99,106,95,72,50,39,41,55,81,104,120,132,137,121,93,72,75,62,63,69,67
34,43,74,109,126,123,99,69,47,43,59,87,108,117,121,123,111,90,71,63,49,52,68,80
81,82,97,116,120,114,102,87,72,66,72,89,104,110,110,111,107,99,84,60,36,37,59,80
164,160,157,151,136,112,105,103,98,88,79,84,97,106,107,106,107,105,95,71,44,38,54,71
219,221,218,205,182,145,132,128,119,102,80,76,88,104,109,107,107,106,102,91,71,61,63,68
185,204,228,239,229,203,186,168,145,120,93,83,91,105,109,109,109,109,108,104,98,92,87,85
100,140,198,237,239,226,216,204,190,176,165,157,143,125,110,108,107,107,106,103,103,102,100,99
70,112,170,209,215,220,225,224,220,217,215,211,193,160,123,108,103,100,96,90,92,95,99,101
63,98,136,155,160,191,220,234,235,235,235,234,224,196,145,114,102,95,82,68,70,80,91,97
55,76,93,95,97,143,197,229,238,238,236,236,236,221,172,125,105,92,70,45,47,65,85,96
50,55,59,58,59,87,143,196,227,233,234,236,238,230,193,139,110,90,64,38,34,55,84,100
63,57,48,40,37,44,81,137,186,208,221,229,233,227,202,156,118,90,68,47,39,50,73,89
79,66,45,28,22,20,44,101,168,206,222,230,234,230,219,191,149,104,69,48,38,43,60,75
89,79,56,31,18,14,33,97,178,223,234,238,240,239,237,226,192,140,87,52,37,43,58,66
107,111,97,64,27,17,36,108,197,238,242,241,241,240,238,233,215,177,123,69,46,53,65,61
158,180,180,133,54,21,36,106,189,222,220,216,215,214,209,193,173,164,151,97,64,64,67,54
211,225,226,185,102,39,39,88,140,148,133,125,127,130,123,105,90,106,134,109,74,71,75,66
224,233,236,208,141,63,43,60,77,69,53,47,50,54,50,40,34,60,107,116,100,107,123,125
187,204,210,187,130,66,44,51,61,53,36,28,28,27,19,12,12,35,81,116,130,156,181,190
132,164,174,141,81,44,42,69,98,99,76,58,50,42,22,11,7,24,64,108,145,185,211,214
