46,43,34,27,37,77,134,177,196,199,201,190,186,201,235,247,242,225,209,210,219,225,230,233
43,43,36,31,43,83,137,178,196,195,192,180,181,201,223,228,223,209,194,196,212,224,230,231
43,42,34,34,58,107,154,186,195,188,181,172,176,185,175,165,169,174,175,182,202,216,222,224
46,42,34,43,84,141,179,189,178,164,171,170,170,162,133,118,128,149,167,172,185,198,210,218
52,48,44,64,119,174,194,174,137,119,158,170,162,151,141,142,145,157,170,158,151,170,200,215
61,57,61,96,162,197,192,146,93,81,145,168,164,158,163,173,167,162,156,117,88,126,186,212
57,62,90,140,192,206,179,119,65,65,141,181,188,184,181,183,169,156,145,109,81,120,182,210
72,90,132,177,201,194,155,96,50,59,139,191,206,198,181,173,159,150,146,133,121,144,182,206
102,126,158,179,179,155,117,70,39,55,137,190,201,182,164,159,156,155,157,160,161,165,180,200
115,128,134,130,121,94,66,39,25,49,133,183,180,152,147,162,170,169,162,152,145,148,167,192
82,83,79,72,64,48,33,19,15,42,127,185,192,170,165,176,175,158,127,88,81,105,145,176
52,52,52,49,39,29,22,14,14,40,124,191,211,195,181,182,177,154,113,66,64,93,133,157
38,38,40,40,32,25,22,17,17,38,121,193,220,205,186,183,177,158,125,88,85,103,126,137
36,33,33,32,28,24,22,20,19,35,114,190,218,202,183,181,177,163,137,105,96,108,120,120
32,30,29,29,26,24,24,21,18,32,108,187,217,201,184,181,178,160,118,62,57,87,113,112
31,30,30,29,28,26,23,20,19,34,108,189,220,202,185,182,179,160,119,64,63,92,114,111
25,25,23,22,22,23,25,25,28,44,110,187,219,203,186,183,180,164,127,74,70,95,114,109
18,16,13,11,12,18,26,32,38,53,99,165,204,204,190,185,181,164,125,66,58,85,109,106
14,10,6,4,6,15,27,37,44,54,76,123,172,198,191,180,171,154,115,56,47,74,99,98
16,13,8,5,6,16,32,43,48,51,56,83,128,169,172,154,133,121,116,101,92,88,83,77
26,21,16,12,12,22,38,49,49,46,51,67,91,109,109,96,81,81,103,133,130,99,67,57
28,26,24,23,23,32,44,50,47,43,50,62,65,60,57,53,48,52,74,112,113,83,52,43
29,32,36,37,37,42,46,47,45,44,51,59,55,44,42,40,39,42,51,69,68,51,36,33
33,41,50,51,47,47,45,44,45,49,53,57,57,56,55,47,44,46,48,46,37,27,23,26
