133,96,50,25,27,29,28,27,28,32,36,37,35,33,30,30,29,29,32,33,34,35,37,39
148,111,64,37,38,41,40,40,42,39,35,34,33,32,30,29,27,27,28,27,27,29,31,34
169,133,86,56,53,53,52,57,61,53,39,35,33,30,30,30,28,25,22,20,21,23,27,28
186,153,105,71,62,56,54,59,65,60,44,39,35,30,29,31,29,25,20,17,19,23,25,26
197,167,119,80,62,50,42,42,48,53,48,43,38,31,27,27,26,25,23,22,23,24,25,26
208,185,137,87,58,45,37,33,39,55,57,49,39,32,26,24,21,22,26,25,22,21,21,22
210,196,152,98,59,41,32,29,37,54,59,50,39,32,27,20,15,15,19,20,16,15,15,16
198,189,158,110,63,39,27,25,32,46,56,51,39,28,22,15,12,12,13,12,11,13,17,20
177,172,157,119,65,37,23,20,25,35,51,52,40,23,15,11,13,16,16,11,9,16,24,29
166,162,155,121,59,33,22,19,21,29,45,48,38,23,14,13,19,25,27,19,13,16,23,28
187,181,157,108,47,28,19,14,13,18,29,38,37,28,20,24,31,34,28,19,12,11,12,13
202,189,146,85,34,25,19,12,8,10,23,43,49,37,22,23,32,32,22,12,11,14,14,10
212,196,143,75,29,26,23,15,6,7,21,46,57,45,28,24,30,31,21,14,20,31,37,35
216,198,146,79,34,29,27,17,7,6,17,39,53,50,39,34,37,39,37,37,47,65,80,83
206,180,129,77,47,37,30,19,8,7,16,31,45,51,52,53,58,65,74,88,99,115,129,132
171,145,108,79,66,56,49,37,25,23,29,42,55,67,77,90,101,110,120,130,137,144,148,147
118,107,92,81,78,79,82,80,77,78,82,87,94,104,115,125,130,134,139,144,149,153,156,157
79,88,98,102,104,112,125,134,140,146,148,149,150,154,159,156,147,141,140,142,144,148,155,160
64,90,120,137,141,150,168,183,191,197,198,200,200,198,192,175,158,146,141,141,142,145,151,158
55,85,121,143,150,168,195,212,216,216,215,214,213,204,182,164,157,154,150,153,162,165,166,167
40,58,90,120,139,153,169,177,175,168,158,151,144,132,110,106,120,138,151,163,183,189,184,180
50,54,70,93,113,120,120,117,112,101,87,80,72,62,58,73,104,135,158,176,195,200,193,187
68,66,68,78,92,95,84,76,73,66,57,54,49,46,57,85,119,150,172,187,198,200,196,191
75,74,74,79,89,90,78,72,74,75,73,75,74,74,86,118,147,168,183,192,197,199,199,196
