214,214,221,219,195,171,179,201,221,230,215,204,208,223,231,231,232,227,201,143,117,112,112,111
165,170,180,176,145,117,121,150,185,206,184,164,160,174,197,218,216,208,191,139,112,107,111,112
92,100,114,112,81,57,57,82,127,170,152,123,117,140,176,210,207,195,184,135,101,92,98,103
43,51,69,72,44,28,25,36,73,129,130,104,107,147,181,207,202,191,178,138,105,92,96,103
39,46,67,73,45,30,24,24,41,86,109,98,115,163,185,190,187,175,156,141,132,123,119,124
36,37,42,45,38,29,24,20,23,42,69,68,71,91,115,135,144,126,93,95,130,133,120,119
34,33,35,39,39,27,22,19,21,40,73,67,54,58,74,91,124,119,70,54,97,113,106,102
29,34,56,78,77,47,39,40,45,54,72,65,55,57,65,77,123,131,80,48,76,99,106,104
24,37,82,126,126,84,73,80,83,69,57,52,54,59,64,80,121,133,98,69,83,104,120,126
26,40,82,124,133,108,104,113,112,82,55,48,47,46,51,72,100,110,97,90,105,114,125,141
45,50,65,80,89,94,109,121,121,110,100,89,74,59,53,65,86,97,95,94,105,104,101,108
104,105,106,106,107,119,136,145,146,145,144,138,128,117,112,117,130,138,136,135,141,139,136,137
176,176,175,172,172,178,186,190,189,189,191,191,189,188,187,188,193,195,193,191,194,195,194,193
227,227,226,227,228,231,232,231,229,226,229,230,231,232,232,233,233,232,231,231,233,234,232,230
235,235,232,229,231,236,237,235,231,227,231,232,230,228,230,234,236,234,233,233,234,236,234,229
237,237,231,226,229,237,238,237,234,231,230,228,226,226,231,237,238,235,233,235,237,239,235,226
239,238,233,228,231,237,239,238,236,235,232,231,230,232,236,239,239,236,234,237,239,241,238,230
234,233,229,226,228,233,234,233,231,230,228,227,228,228,229,229,229,227,226,227,227,229,228,225
217,218,216,214,212,211,209,207,205,205,207,211,214,213,210,203,198,196,196,195,195,201,208,211
195,200,204,200,185,163,153,148,144,149,168,193,208,209,199,168,147,140,140,139,149,177,206,218
204,213,221,212,178,124,104,94,89,100,142,193,223,224,206,154,116,101,103,108,132,178,218,231
221,227,231,222,186,130,109,100,96,109,154,204,231,231,216,172,137,123,126,136,161,198,227,234
229,231,233,226,203,165,150,144,141,151,179,212,230,231,222,193,171,162,164,173,187,208,226,232
225,230,233,229,217,194,181,176,176,181,191,212,228,231,223,196,179,173,172,176,179,196,219,234
