153,170,189,197,194,190,204,225,240,240,237,226,212,197,182,168,167,180,191,176,166,178,195,202
162,174,183,183,181,180,194,218,237,239,236,225,210,190,169,157,161,174,182,174,173,186,202,208
148,151,141,128,127,129,151,194,232,239,236,225,205,174,136,129,146,166,172,171,178,190,197,196
126,125,106,85,85,82,110,171,229,240,237,225,201,159,104,103,133,159,166,168,179,188,187,180
117,127,120,108,108,91,111,171,230,241,237,224,199,156,100,99,129,157,165,168,177,186,186,181
101,123,138,143,145,129,139,184,231,239,232,217,194,160,116,112,133,154,163,166,175,186,191,189
78,105,137,158,163,153,160,195,231,232,221,208,188,158,121,118,136,153,161,164,174,186,191,188
91,116,149,171,174,168,173,200,225,222,211,202,181,142,97,103,130,151,159,161,171,184,189,183
135,154,176,187,185,179,181,199,216,213,204,199,175,126,68,81,118,146,155,158,166,179,186,182
165,177,191,196,192,186,184,195,209,208,202,195,174,130,76,84,116,141,151,155,161,171,180,183
159,169,186,198,198,193,190,195,203,202,197,193,182,158,126,124,137,152,161,165,161,159,162,166
123,143,174,198,200,196,192,193,196,194,191,190,186,174,158,153,157,165,169,168,161,153,149,147
117,137,170,194,198,194,191,190,190,189,188,187,185,180,172,168,169,170,170,165,157,149,140,132
135,144,162,179,183,181,179,177,175,170,167,165,163,161,159,156,155,157,156,147,136,126,117,110
106,112,129,146,150,149,150,145,132,111,103,99,98,97,99,98,102,112,119,105,81,64,59,61
60,75,102,124,129,127,131,125,97,56,40,36,36,39,46,49,60,84,103,84,46,24,26,38
54,71,99,120,123,120,126,120,90,42,23,19,20,24,31,33,46,74,96,76,37,15,20,37
78,89,107,120,121,117,120,116,94,59,41,34,34,40,44,40,45,60,74,57,31,19,27,43
98,101,106,109,109,105,103,100,93,79,63,48,47,57,60,49,39,36,35,24,16,23,41,57
80,81,80,80,81,79,77,75,74,68,54,38,37,49,55,40,24,13,9,8,13,41,76,96
46,45,41,36,36,35,34,34,34,29,24,18,18,23,24,17,9,4,4,12,37,80,121,142
30,27,21,15,13,13,15,14,12,9,8,7,7,7,6,4,3,2,7,25,61,95,118,127
30,28,22,16,12,11,11,10,7,8,7,5,4,3,2,3,3,4,13,38,68,82,83,81
35,32,29,24,18,11,8,6,8,12,11,6,3,3,2,4,3,6,18,45,59,62,57,53
