75,76,77,79,79,77,78,79,81,87,92,100,105,105,103,100,104,118,133,133,124,114,104,96
76,76,76,77,77,77,78,78,79,82,87,96,102,102,100,99,105,119,132,131,121,110,99,91
78,78,77,76,76,77,79,78,75,75,80,88,91,90,89,91,98,108,116,114,108,99,89,81
81,80,78,76,76,75,78,77,72,71,78,83,83,79,80,83,89,94,95,94,93,88,80,73
85,83,79,76,75,75,78,77,75,75,82,86,85,82,83,85,86,86,85,83,84,82,77,71
96,93,88,84,84,88,93,94,91,91,92,95,95,93,92,91,87,83,80,77,76,75,73,69
103,102,101,100,98,98,102,105,105,103,99,99,100,99,97,93,86,79,74,70,70,71,71,69
109,108,107,106,104,100,101,102,102,101,97,97,97,97,95,89,81,73,67,65,68,71,72,72
109,107,103,101,98,95,95,92,90,90,92,93,95,95,92,87,80,72,66,64,67,71,73,74
97,95,93,91,90,89,89,86,84,86,91,94,97,99,96,93,90,84,76,68,67,70,71,71
84,85,85,84,82,79,77,77,79,84,85,87,89,90,88,90,95,98,94,83,75,72,72,72
75,76,77,76,74,73,73,75,78,82,81,82,84,84,86,91,99,106,107,100,93,90,87,83
69,69,69,70,69,70,71,73,74,76,78,82,85,86,88,93,100,107,111,107,107,109,107,100
65,64,64,65,67,68,70,70,69,70,76,85,91,91,90,93,99,104,107,105,110,120,125,121
64,61,59,61,67,69,69,69,69,72,78,90,97,94,90,92,96,101,106,106,110,124,135,137
62,59,57,62,72,74,73,72,73,77,78,85,93,96,94,96,100,105,110,112,113,121,133,140
59,57,56,61,72,74,73,73,75,80,78,82,93,101,100,102,106,109,111,115,114,115,121,126
55,55,56,60,67,70,70,71,73,77,76,82,92,101,101,104,107,108,106,109,108,105,104,105
54,55,57,59,61,63,66,68,68,69,72,79,86,90,91,98,102,101,97,96,98,100,98,92
53,55,58,59,58,59,61,63,64,64,66,70,74,76,77,84,90,93,90,86,93,114,122,107
54,56,58,58,56,54,55,57,59,60,62,63,66,69,68,71,78,85,85,80,88,127,154,146
56,57,59,58,53,47,47,50,54,56,57,56,58,60,60,64,71,78,80,77,88,135,179,186
62,64,67,67,61,53,53,59,66,69,69,70,71,73,75,80,84,88,91,91,102,148,197,217
70,74,79,82,77,72,75,82,90,95,97,100,104,107,108,113,113,113,115,115,125,163,209,234
