177,190,200,206,212,216,218,219,220,221,221,221,220,219,217,213,204,195,191,185,185,182,142,79
177,189,199,205,211,216,217,219,220,222,222,222,222,221,218,214,203,195,192,185,185,181,141,79
177,189,199,205,210,215,217,219,220,221,222,222,222,221,218,213,203,196,194,187,184,178,139,79
178,190,201,206,211,215,218,219,220,221,223,223,221,219,217,213,203,197,197,191,185,178,139,80
178,191,201,207,213,217,219,221,221,222,223,223,222,219,216,213,206,201,200,195,190,181,141,82
174,190,203,210,216,219,222,223,223,222,222,221,219,216,212,210,208,206,203,198,193,184,144,84
172,190,204,208,208,210,210,209,210,211,212,210,207,203,200,198,200,203,205,198,193,185,144,83
174,192,206,207,203,204,204,204,205,207,209,207,203,201,199,198,198,203,206,198,192,186,145,82
179,195,208,210,206,207,208,210,211,213,213,212,210,210,209,207,205,206,206,196,191,186,146,82
183,198,212,215,213,213,214,215,217,219,218,217,215,215,213,211,208,206,204,194,190,186,147,83
187,201,212,214,212,212,213,215,217,221,219,218,217,217,216,214,209,206,203,195,193,189,149,85
190,205,215,214,211,212,214,216,218,221,221,220,220,220,219,217,211,207,205,197,199,194,152,88
191,207,218,217,212,213,216,218,219,221,222,222,222,222,221,218,213,210,207,200,203,199,155,92
189,208,220,219,214,214,217,219,219,220,222,223,224,223,221,218,214,212,210,201,205,201,158,94
189,210,223,221,215,216,219,220,220,221,222,223,224,223,220,217,214,213,213,202,205,202,160,94
189,209,222,222,215,216,220,222,221,221,222,223,223,223,221,217,213,214,214,202,201,199,159,92
189,209,222,222,217,219,222,224,224,223,223,224,224,223,221,219,216,217,216,204,200,198,157,90
194,213,226,228,225,226,228,229,228,227,227,227,227,226,224,224,223,223,220,208,202,198,158,92
201,218,230,233,233,232,232,231,230,230,231,230,229,228,227,226,226,226,223,211,203,199,162,101
197,210,220,222,223,221,221,221,220,220,221,221,221,220,220,219,218,217,213,207,200,197,171,126
176,182,189,192,192,190,191,192,193,193,194,196,198,199,201,201,201,199,196,196,195,196,187,167
183,184,187,190,189,188,189,190,192,193,194,196,197,198,199,199,199,198,195,196,195,196,194,188
202,201,203,204,203,204,203,204,206,206,206,206,205,205,206,207,207,205,201,199,195,194,193,192
208,208,209,211,210,212,211,210,211,210,210,207,204,205,209,211,211,208,202,197,191,188,189,191
