33,45,78,119,150,173,195,204,189,149,109,138,193,231,237,238,236,209,156,108,133,171,198,206
33,45,77,115,146,171,195,203,187,151,122,155,205,234,238,239,236,213,164,109,132,169,192,195
32,42,68,101,129,157,180,186,170,141,132,174,217,232,233,228,216,189,147,103,116,139,149,144
31,37,54,78,100,122,139,144,132,112,121,164,196,200,195,185,163,136,108,85,88,95,96,91
29,32,42,55,66,75,82,87,84,75,87,115,133,131,121,109,93,78,69,62,63,67,74,79
26,28,34,42,49,57,61,64,67,66,67,79,88,86,78,72,68,65,62,60,63,68,74,78
38,40,44,50,58,66,65,61,60,64,66,75,80,76,73,68,66,66,66,66,68,69,71,74
68,71,75,80,85,84,69,55,51,58,64,75,81,82,83,80,81,83,86,89,91,91,92,95
100,104,109,112,112,98,68,47,46,55,64,74,87,100,107,109,112,117,120,126,129,131,132,135
115,117,119,122,121,104,72,54,58,72,83,91,109,134,150,153,156,158,160,163,167,167,165,163
115,116,117,121,125,117,102,95,102,118,129,130,139,157,170,172,174,174,173,172,174,172,167,162
111,111,115,122,128,128,129,131,137,148,155,157,162,171,179,180,181,179,175,171,171,167,159,154
109,110,114,121,128,131,139,147,152,158,164,168,172,176,180,182,184,181,174,166,161,155,149,146
110,110,113,119,125,128,136,145,151,156,162,167,169,171,174,177,179,177,169,156,142,134,132,132
105,108,113,118,123,125,131,136,141,146,152,155,156,155,156,158,160,159,150,133,113,104,103,102
92,100,110,118,122,120,112,106,105,107,110,112,112,111,109,108,109,108,103,94,86,86,90,93
83,94,106,115,121,114,93,78,75,80,85,90,94,98,102,105,112,118,120,121,126,131,137,142
78,90,103,113,121,117,104,97,101,108,116,123,129,135,141,146,153,159,162,164,168,170,172,175
72,86,102,112,120,126,142,156,166,170,176,179,180,181,180,179,177,173,168,160,154,147,141,139
65,80,97,109,118,127,151,169,173,169,166,160,154,149,141,134,126,117,107,96,85,76,69,66
57,72,88,100,109,115,119,120,117,109,100,91,85,78,70,64,57,50,44,38,32,29,26,23
47,63,79,90,98,97,78,60,51,46,39,34,32,29,25,24,22,21,20,20,20,22,24,24
38,55,71,82,87,82,52,26,17,16,17,18,21,24,25,29,34,39,42,45,48,53,58,61
33,50,67,77,80,74,48,26,19,21,28,33,39,45,49,55,66,76,80,82,87,93,99,101
