125,138,159,183,200,200,168,125,117,173,220,237,239,236,220,163,118,124,169,196,210,216,203,180
121,133,155,182,201,199,169,134,133,188,225,237,239,236,222,170,121,122,167,190,197,192,171,143
104,116,140,167,186,181,154,134,150,205,228,233,230,220,197,153,112,109,139,148,143,130,109,88
79,89,109,130,143,140,120,115,142,189,200,198,189,170,142,112,89,85,96,96,88,73,59,50
56,61,70,78,84,87,79,81,102,130,133,125,113,98,81,70,64,62,66,73,74,65,53,46
42,46,53,59,62,66,66,67,73,87,87,81,74,68,66,63,61,62,67,75,74,64,53,45
48,53,62,67,63,59,62,65,70,80,77,74,69,65,66,66,67,68,69,72,70,63,56,53
78,82,86,80,62,52,54,61,69,80,82,82,81,80,83,85,89,91,90,92,92,89,86,86
110,113,108,87,56,45,50,59,69,82,96,105,109,111,116,119,125,129,131,132,134,131,127,127
120,122,116,93,61,55,66,78,88,100,126,145,153,155,158,159,163,166,167,165,162,155,147,141
121,124,122,111,96,97,111,125,131,133,151,166,172,173,174,173,173,174,173,166,161,156,149,143
122,125,128,128,129,133,143,152,157,158,168,176,180,181,180,175,172,170,167,159,154,152,149,145
121,124,129,135,143,149,155,161,166,170,174,178,182,183,182,175,167,160,155,149,147,146,144,142
120,122,126,131,141,148,154,159,165,169,170,172,176,179,178,171,158,144,134,132,132,130,127,124
119,121,124,128,133,139,144,149,154,156,155,156,158,159,159,152,136,116,104,104,102,100,97,94
118,121,121,117,109,105,107,109,111,112,111,110,109,108,108,104,95,88,85,89,94,100,107,111
115,120,119,106,84,75,78,83,87,92,97,100,105,110,116,118,121,125,130,136,144,151,159,163
113,118,120,112,100,98,104,112,120,127,133,138,145,152,158,160,164,168,170,172,175,178,178,176
113,116,122,132,149,161,169,174,178,180,181,180,179,177,174,168,162,155,147,142,139,135,129,122
109,113,120,135,160,172,172,168,163,156,151,144,136,129,119,109,98,87,76,69,64,60,56,52
98,104,112,117,119,119,113,105,95,87,81,73,65,59,52,45,39,33,29,26,23,21,21,22
88,93,99,91,68,56,49,43,36,32,30,27,24,22,21,20,20,20,21,24,25,28,33,36
80,84,86,72,38,21,16,17,18,19,23,24,27,32,38,41,44,48,53,58,63,70,77,81
75,78,79,65,36,21,20,25,31,37,43,47,53,63,74,79,82,86,92,99,104,111,119,123
