217,216,216,218,220,217,216,215,213,212,214,214,214,212,211,209,207,203,197,194,189,188,191,192
213,213,215,216,217,215,214,213,210,209,211,210,208,205,203,200,199,198,195,193,188,187,189,191
209,209,210,211,211,209,207,205,201,199,200,198,195,193,190,188,187,187,189,191,188,187,188,189
198,198,199,200,199,197,196,194,191,189,189,189,187,186,186,183,181,181,183,189,188,187,187,189
181,182,186,189,189,187,188,190,191,191,192,194,194,194,197,195,190,184,182,188,187,185,186,188
187,188,193,199,202,202,203,205,206,204,205,206,206,206,208,205,198,190,184,188,186,185,186,190
207,207,209,212,213,212,213,214,213,210,210,210,211,211,212,210,203,194,187,191,189,187,188,191
218,217,217,217,216,215,216,217,215,212,212,211,212,213,213,211,205,195,188,192,190,186,186,189
218,216,216,217,216,215,217,218,216,214,215,214,213,214,213,211,206,197,189,193,190,184,183,187
220,219,219,219,219,220,222,222,220,219,220,218,216,216,215,213,209,200,192,195,191,184,182,186
220,219,219,219,219,220,222,223,221,219,220,219,218,216,213,213,209,201,192,195,190,184,183,186
219,219,218,218,219,219,220,221,221,220,220,219,217,216,214,213,210,201,192,195,189,184,184,186
217,217,218,219,219,219,220,221,221,221,221,220,219,217,216,216,211,202,192,196,190,185,183,185
215,216,218,220,220,220,222,223,222,221,223,223,221,220,218,217,212,202,193,197,192,185,182,184
215,216,217,218,218,219,220,222,223,222,223,222,222,221,217,216,211,201,193,199,194,187,183,183
217,218,219,219,219,220,221,223,224,224,224,222,220,220,218,216,212,201,192,199,197,191,185,184
215,217,217,218,218,219,220,222,223,222,223,221,219,217,216,215,210,200,191,197,198,194,189,187
215,216,218,220,220,220,221,222,222,222,223,223,220,217,217,216,212,205,199,200,200,197,193,191
218,220,222,225,225,224,224,223,223,224,226,224,222,220,219,217,215,213,210,207,203,200,196,194
222,221,223,224,224,222,221,222,221,221,220,216,212,210,207,205,205,205,206,207,203,198,195,193
209,207,206,205,203,202,205,207,208,207,204,200,196,194,192,192,190,192,199,208,204,198,195,195
201,200,199,199,199,198,201,205,206,205,202,199,198,197,197,196,194,194,200,212,207,199,194,194
205,205,205,207,208,208,210,211,212,211,209,207,207,208,208,208,205,201,203,213,208,198,193,192
216,215,214,215,217,217,218,217,215,214,214,213,212,212,212,212,209,204,204,212,205,196,191,190
