85,120,147,153,147,144,139,133,129,126,121,118,114,110,104,99,94,94,96,93,88,84,81,77
60,83,102,105,101,100,95,90,86,85,81,78,74,71,68,65,64,62,60,57,58,61,62,60
41,56,66,62,52,58,68,72,72,72,60,47,49,64,75,77,79,69,49,41,64,84,93,95
53,74,82,63,35,56,90,109,111,111,84,50,57,101,129,134,137,114,69,52,101,141,156,159
89,126,140,106,53,87,144,174,175,172,130,72,78,142,182,185,186,153,90,66,129,179,194,193
100,143,161,120,57,92,155,188,190,185,141,77,79,145,187,190,190,156,91,68,132,180,194,190
102,146,162,120,56,90,152,186,188,184,140,76,76,140,185,189,187,153,91,66,128,175,188,184
100,142,158,118,56,87,148,180,181,177,134,72,71,132,177,182,180,148,90,64,123,169,181,177
97,139,156,118,57,84,144,176,177,173,129,69,68,127,169,175,175,146,89,63,121,166,179,175
96,139,158,120,57,82,141,174,178,175,133,72,69,128,171,176,176,147,91,64,122,169,184,182
98,143,163,125,59,83,142,176,180,177,136,74,70,126,172,178,178,149,91,62,121,169,184,184
97,142,164,127,60,83,143,177,179,176,137,75,70,126,172,178,178,149,91,61,118,165,181,181
96,141,164,128,62,84,143,178,180,176,138,77,70,126,172,177,178,149,92,60,114,160,176,174
97,142,164,127,62,82,142,177,180,176,138,77,69,122,169,174,175,148,92,57,109,155,171,168
97,139,157,122,60,76,132,166,169,166,130,72,64,115,161,166,167,142,89,55,107,154,169,165
92,130,147,113,55,70,124,157,161,158,127,72,63,112,161,167,168,145,94,59,109,155,171,168
89,127,146,114,56,71,127,162,168,165,136,77,65,115,167,175,174,154,114,84,119,151,160,156
91,131,153,122,61,75,134,171,178,176,149,92,80,129,177,184,178,160,131,115,134,148,148,141
96,138,164,132,66,78,138,176,182,181,160,118,114,154,188,190,179,161,144,141,153,157,150,141
99,143,168,136,68,79,137,175,182,181,168,149,154,182,195,194,185,175,168,169,176,178,174,169
98,139,160,126,63,70,120,152,156,149,133,118,125,150,168,178,182,184,186,189,193,197,198,197
71,99,110,86,47,53,81,98,97,92,78,69,72,87,101,112,121,128,135,147,156,164,170,173
37,52,60,53,40,42,48,51,50,48,44,41,41,43,46,51,54,59,74,106,126,137,143,146
20,30,45,53,48,45,43,41,41,43,43,44,44,40,38,37,34,36,60,117,145,154,155,155
