61,51,32,14,10,29,98,176,228,242,247,248,248,248,248,246,227,193,161,158,162,161,159,160
69,67,51,27,13,27,97,176,229,244,248,248,248,248,248,246,228,194,159,150,151,149,144,142
78,87,81,55,26,28,96,177,230,245,247,248,248,248,247,246,232,199,159,143,141,137,128,121
95,109,112,91,52,40,100,179,232,245,247,247,247,247,247,247,237,206,163,139,133,128,117,108
124,131,136,122,89,65,113,184,233,245,247,247,247,247,247,248,241,213,169,135,125,121,113,102
143,146,146,135,111,91,131,193,237,247,247,247,247,247,247,248,244,221,179,136,119,115,110,101
114,113,111,103,93,94,143,202,240,247,247,247,247,247,247,248,246,230,194,147,120,110,103,96
70,68,65,61,62,91,155,213,243,248,248,247,247,247,247,248,248,238,212,169,135,111,92,80
40,38,38,40,52,103,171,222,243,247,248,248,248,248,248,249,249,244,228,198,163,124,85,59
32,32,39,56,85,139,193,226,241,247,248,248,248,248,248,249,249,247,239,222,196,149,90,46
32,31,50,88,136,180,210,228,240,247,247,247,247,247,247,248,248,247,242,233,216,170,103,48
31,34,65,120,174,207,222,231,240,247,247,247,247,247,247,248,248,247,244,238,226,183,114,55
24,31,74,139,195,221,231,237,242,247,247,247,247,247,247,248,248,247,245,240,228,186,119,60
17,28,75,143,197,220,230,234,236,241,246,247,247,247,247,248,248,248,246,242,226,181,113,57
28,37,76,135,186,198,202,205,211,225,240,246,247,247,247,248,248,248,246,240,220,170,102,49
71,67,85,126,167,167,161,162,176,202,232,245,248,248,248,249,248,246,243,237,213,159,91,41
108,95,94,121,163,168,165,167,181,205,233,245,248,248,248,249,247,245,240,228,196,138,73,31
122,109,101,119,164,186,195,201,209,224,240,246,246,246,246,246,243,236,223,197,153,99,49,22
119,113,104,113,151,187,210,222,228,235,240,241,240,239,238,235,228,212,183,141,92,52,30,23
122,120,106,95,109,147,178,198,210,220,224,224,223,222,219,214,200,173,133,85,48,33,35,44
124,121,97,65,54,80,115,144,167,184,191,192,191,189,185,176,160,135,101,68,53,54,65,75
122,116,86,48,29,45,72,99,122,141,148,148,147,147,143,136,127,114,97,83,83,90,99,104
108,103,80,54,43,53,68,83,97,108,113,114,117,120,120,118,118,118,116,113,116,122,126,126
90,89,80,71,71,80,86,91,95,98,100,105,113,121,123,125,130,135,138,135,136,139,141,138
