21,24,35,45,45,38,33,43,67,96,116,134,156,182,204,207,199,180,154,125,143,191,230,237
17,19,26,36,41,38,32,39,59,84,105,125,147,170,189,192,184,166,141,119,147,197,233,237
22,22,24,31,38,38,33,36,48,67,85,102,119,136,148,153,147,131,110,101,137,185,213,214
45,42,40,40,42,37,32,33,40,52,64,74,82,90,94,101,101,91,76,77,108,143,161,161
81,77,72,65,55,37,27,28,35,43,49,51,52,54,54,60,67,66,59,60,71,88,98,97
113,111,107,98,77,46,29,25,29,34,40,45,51,55,54,58,63,66,66,63,61,71,81,82
169,168,165,152,121,73,42,31,33,36,42,50,61,69,68,65,62,64,70,68,66,76,85,81
204,204,203,191,159,103,64,51,55,58,62,69,78,81,73,62,53,55,64,67,69,81,87,79
211,210,210,201,175,126,90,81,89,91,93,97,98,88,66,50,42,45,54,60,65,76,82,78
213,212,208,196,171,136,113,111,118,117,117,121,115,91,58,42,41,45,51,56,60,67,78,86
234,233,223,197,159,131,118,118,122,121,121,125,116,90,54,37,39,48,56,65,71,76,90,106
246,246,233,198,147,120,116,119,119,120,123,126,119,98,71,60,63,75,89,101,106,104,111,128
249,250,238,199,139,109,111,116,116,119,124,127,125,116,104,99,103,114,129,140,142,137,137,146
249,249,239,201,136,101,104,111,113,118,123,128,131,132,133,134,137,145,156,161,162,159,158,161
248,248,240,203,137,97,99,108,112,120,125,130,132,134,142,146,148,152,157,161,163,166,170,173
248,248,240,205,138,100,102,109,111,118,123,128,130,132,140,147,151,154,157,161,165,169,173,175
248,247,235,193,124,94,103,111,110,115,120,124,126,128,137,145,150,154,158,161,165,169,170,170
238,235,215,166,99,79,97,111,111,114,120,123,124,128,135,142,145,149,154,157,162,165,165,164
208,202,177,129,74,61,87,107,112,116,121,124,125,126,129,132,133,134,138,143,146,149,150,148
153,148,130,98,60,50,76,99,109,114,120,123,123,117,106,103,101,101,103,105,104,104,104,104
117,115,105,85,60,50,73,96,107,110,118,124,122,106,78,63,57,57,59,59,60,62,64,66
104,105,99,85,65,53,72,94,104,107,116,124,122,105,77,63,61,67,74,79,86,93,98,101
101,104,102,92,74,56,70,92,105,107,117,123,122,118,114,114,120,129,137,145,154,161,166,169
96,99,103,99,83,59,69,92,109,111,118,121,124,135,159,175,186,192,194,198,203,205,206,208
