148,178,170,138,121,93,79,79,86,100,118,135,141,154,195,151,106,97,119,137,122,99,73,51
163,184,169,136,124,100,86,79,81,96,117,136,140,148,189,159,115,94,102,109,97,83,70,58
191,193,163,131,129,113,93,76,72,90,116,143,146,144,178,177,139,103,90,78,67,64,66,70
216,195,150,119,124,116,94,75,70,87,113,146,154,144,163,185,162,125,99,64,57,65,74,78
221,184,131,100,106,104,94,87,89,96,102,136,153,145,142,164,159,141,117,71,75,97,99,77
200,162,118,96,101,109,116,127,131,114,90,114,140,133,104,106,114,112,98,87,106,126,116,81
153,131,111,104,108,108,121,151,167,131,82,96,127,125,80,67,78,96,114,141,146,127,96,73
130,121,115,116,120,114,132,164,172,124,72,85,120,122,67,47,61,96,139,175,154,109,73,65
134,128,122,125,133,130,156,172,152,102,63,80,115,118,60,40,58,99,139,158,124,84,60,58
135,129,123,128,143,149,179,175,135,94,58,71,103,108,60,49,67,92,106,108,86,65,53,49
129,125,125,134,153,166,181,160,119,93,56,59,82,94,83,96,98,93,89,87,75,60,49,43
120,121,125,139,164,186,172,137,108,97,60,48,60,87,126,155,135,103,91,92,78,62,49,40
118,126,129,139,169,200,169,131,113,104,65,41,46,84,151,174,143,109,103,107,88,67,49,38
126,145,150,152,180,212,183,149,131,111,67,40,44,79,134,140,121,108,113,119,101,73,49,39
141,173,191,198,213,227,203,172,146,114,67,50,54,67,84,89,98,105,111,119,113,81,49,40
152,187,220,232,225,208,173,140,117,99,67,72,81,74,64,65,86,102,105,118,126,91,50,40
130,170,215,223,185,148,120,101,91,83,61,76,90,82,69,67,84,98,104,124,140,101,54,42
115,156,203,202,136,87,76,80,85,83,63,71,82,82,79,75,84,96,108,133,145,107,60,47
132,167,201,185,111,58,56,74,90,93,76,73,75,76,78,76,81,95,115,141,142,105,65,54
164,189,194,162,107,61,47,58,77,89,84,86,83,74,69,67,73,93,125,152,137,96,64,58
187,193,171,131,97,68,43,40,57,75,89,102,92,69,64,70,75,93,128,155,128,82,54,55
200,183,144,106,87,73,40,27,39,60,93,114,102,74,73,85,86,96,126,150,120,79,57,61
186,159,122,94,81,76,39,17,24,48,100,118,101,78,85,102,99,102,122,133,108,82,71,73
154,134,111,93,78,79,40,12,15,43,106,114,92,76,88,108,107,107,117,112,95,85,82,82
