149,163,196,222,208,138,106,108,118,116,124,122,114,106,104,106,102,99,98,90,73,66,86,121
159,170,196,212,189,128,106,113,123,121,128,128,118,110,121,133,127,118,114,100,78,68,85,117
170,172,177,171,142,105,100,113,125,125,129,132,128,126,142,150,134,123,129,118,91,73,81,107
174,166,149,126,97,81,82,101,120,124,122,127,136,140,135,121,98,96,120,128,103,79,77,92
170,156,133,106,81,64,59,78,108,122,109,113,132,137,92,53,35,47,81,114,109,86,74,78
167,151,125,98,71,52,45,61,95,120,101,95,116,126,69,30,19,27,50,87,105,93,74,70
156,140,115,86,61,46,44,65,99,126,105,96,120,134,66,25,13,17,32,67,98,96,78,68
149,133,105,77,57,50,58,89,128,148,119,107,131,143,67,25,11,13,25,56,91,96,82,71
153,134,102,73,60,60,77,118,163,173,134,121,144,152,75,27,10,11,24,48,81,91,83,74
165,141,105,78,68,70,88,131,175,184,146,134,159,168,94,32,9,13,23,37,66,80,80,78
138,128,112,93,77,75,90,129,172,186,161,144,157,167,114,44,14,14,22,31,58,73,77,77
128,128,123,107,81,74,91,129,170,191,185,170,158,151,133,73,29,13,17,29,55,74,81,81
123,128,127,110,79,72,96,135,171,195,203,192,162,134,133,87,39,13,12,24,51,77,88,85
107,117,119,104,77,74,106,143,172,192,203,195,160,122,113,75,36,16,17,28,57,85,97,91
79,93,103,97,80,86,120,150,167,180,184,174,145,113,100,64,32,23,37,58,86,107,112,103
71,79,92,104,113,119,139,152,157,160,163,159,139,116,116,90,52,38,55,72,87,108,123,125
73,74,81,102,133,154,156,147,139,140,147,152,139,120,130,127,85,57,64,66,61,79,104,113
71,67,69,86,122,158,156,136,124,133,150,157,142,121,133,159,120,74,64,53,35,50,77,87
58,53,53,64,88,128,138,126,120,143,167,167,142,117,127,175,151,97,63,42,27,38,60,72
38,35,36,45,64,102,122,123,126,152,169,158,129,107,118,173,180,136,74,34,26,38,56,69
36,34,30,31,46,89,111,112,111,129,140,131,112,97,100,134,166,159,110,65,52,60,72,77
34,31,25,22,31,74,103,104,100,122,134,125,107,93,87,96,137,168,153,99,70,74,85,85
27,24,20,16,22,60,102,111,108,135,147,135,112,92,82,77,113,165,183,123,84,83,93,92
22,20,17,15,21,53,107,130,131,152,158,143,116,93,84,75,103,158,190,135,96,92,99,97
