143,119,92,83,90,84,100,119,128,122,113,83,89,124,129,143,153,148,129,117,143,180,215,238
131,113,100,99,105,97,105,115,122,123,113,83,88,126,141,152,151,146,143,147,177,205,223,232
117,116,117,119,116,104,100,103,110,118,109,86,87,120,155,160,158,165,180,187,200,210,213,210
122,130,130,122,110,101,93,95,107,117,112,102,103,126,166,165,167,181,196,187,171,165,163,157
146,143,123,100,91,96,99,107,122,135,139,142,148,160,173,165,159,161,157,125,96,84,82,79
135,125,101,80,81,103,117,131,148,170,188,201,200,186,164,138,119,116,114,77,58,49,46,46
113,103,88,81,92,119,147,173,194,211,217,218,204,176,142,105,96,100,95,66,56,48,42,39
91,90,98,117,140,167,194,213,221,220,214,203,182,150,115,88,95,104,94,81,72,64,54,45
99,111,140,175,202,219,225,218,204,193,191,177,154,126,94,87,99,105,99,99,86,76,71,69
161,178,203,223,229,219,195,167,150,156,169,157,134,111,88,86,85,88,98,100,85,72,83,113
224,228,227,213,184,147,118,108,123,155,157,140,122,113,111,85,66,69,84,85,74,65,91,143
218,205,177,142,108,83,73,93,131,157,146,131,122,122,122,84,58,54,62,64,63,64,87,124
154,135,106,80,63,56,69,108,147,149,130,127,138,143,122,84,56,44,47,59,73,75,76,84
82,73,62,58,59,61,93,133,151,129,106,120,148,155,117,87,58,43,51,72,100,92,68,55
67,66,62,57,57,70,123,151,138,107,82,96,120,128,113,94,70,60,73,90,110,99,73,59
83,78,64,51,56,99,142,150,127,98,70,77,93,103,113,103,90,99,128,137,110,91,85,81
85,75,57,50,74,130,145,141,127,102,70,73,82,88,104,99,103,135,174,159,106,84,88,93
67,59,49,63,110,147,135,125,123,103,77,76,79,81,97,99,124,166,188,140,86,69,76,80
49,45,53,89,144,142,118,105,105,97,86,80,76,78,98,114,156,184,164,101,63,54,55,51
59,53,74,117,151,125,97,83,84,93,89,77,69,76,99,127,167,168,122,99,82,61,43,38
78,71,95,130,135,108,75,57,68,101,92,76,69,77,94,105,123,119,93,91,91,66,41,39
89,88,107,125,114,93,58,44,68,107,86,74,76,84,90,80,82,86,84,82,85,65,47,51
103,110,115,111,96,82,54,51,77,103,81,79,88,95,92,74,67,72,78,71,71,59,51,57
122,131,123,101,85,78,63,66,85,93,83,89,99,103,99,85,72,66,65,61,59,52,47,49
