117,110,103,100,99,95,97,106,120,138,143,151,153,140,107,97,104,117,130,140,132,108,112,151
114,107,101,98,95,90,94,107,131,160,167,158,143,125,104,99,105,115,125,129,119,107,125,168
109,102,95,92,90,85,93,116,152,190,194,166,132,111,104,105,108,114,117,113,102,108,142,184
102,95,88,85,86,85,99,132,175,206,195,151,112,98,105,110,112,113,112,103,93,108,146,178
93,86,81,81,86,93,111,146,182,191,157,107,79,84,102,111,114,114,112,106,95,103,125,142
89,83,80,83,93,109,125,147,162,151,108,72,64,83,104,110,112,114,117,117,104,95,94,97
94,89,87,92,105,125,136,139,133,112,78,61,68,91,107,108,108,113,123,133,120,99,84,78
99,95,95,100,114,133,138,128,108,87,65,62,78,99,106,101,101,111,127,140,128,106,86,77
107,105,109,118,130,144,140,120,94,73,60,67,87,103,101,95,103,121,139,144,131,112,94,85
134,136,147,160,166,172,145,113,88,66,58,73,94,105,99,98,123,155,172,159,138,119,105,96
204,206,213,217,209,177,120,94,94,81,69,84,103,109,106,115,151,186,194,168,139,124,116,109
241,242,242,234,207,156,105,89,103,113,97,103,112,116,122,136,162,181,179,151,129,120,117,115
251,250,246,229,192,141,104,88,99,132,124,118,118,129,154,169,168,157,142,127,119,114,114,119
249,246,234,210,171,133,108,87,87,124,136,128,127,150,193,204,175,133,107,113,116,113,115,126
247,238,211,171,130,105,100,90,83,103,133,140,149,178,215,214,172,119,92,110,118,118,123,136
242,229,194,148,110,94,95,86,77,98,146,176,193,208,217,194,143,97,86,111,124,121,119,125
231,227,196,144,97,85,84,75,71,102,155,202,227,227,208,170,122,90,90,118,133,122,104,97
219,225,200,142,81,72,67,59,65,102,151,208,237,224,183,144,112,95,99,126,139,122,93,76
195,204,185,129,64,57,49,48,64,95,134,192,217,191,142,120,108,102,106,129,142,125,94,74
133,145,141,105,53,45,38,51,76,90,113,154,164,133,100,103,106,105,109,129,141,125,97,80
97,126,137,107,53,41,36,54,81,88,108,125,119,96,82,97,109,111,111,127,138,123,99,87
98,133,139,101,49,47,49,65,82,85,104,110,99,84,79,95,113,118,115,125,133,118,101,98
112,145,136,86,46,55,66,76,81,79,98,103,95,84,79,97,120,127,118,120,126,115,108,116
118,147,128,75,46,59,72,80,79,73,93,99,93,83,79,100,127,133,118,113,118,114,117,134
