130,136,115,94,108,125,146,181,208,206,225,242,250,246,227,178,129,93,72,62,47,26,15,21
126,125,107,94,110,124,134,161,186,179,198,229,248,247,233,189,134,92,70,59,43,23,15,21
119,112,97,94,112,121,116,134,163,165,166,206,240,248,241,206,145,94,70,53,35,18,12,17
114,105,93,95,112,120,103,115,153,177,153,173,209,234,242,224,165,108,74,48,28,15,11,15
110,106,98,97,113,119,102,113,161,203,164,132,145,192,227,234,196,137,85,48,29,20,19,22
103,106,102,101,115,121,109,130,185,222,168,92,71,118,185,230,224,173,106,55,36,34,33,29
100,105,104,105,117,123,123,156,210,231,172,86,43,70,147,220,236,195,124,62,41,40,38,30
99,103,104,108,119,125,141,183,229,235,178,91,36,47,118,204,236,204,132,65,39,35,33,26
99,101,104,110,120,129,161,207,242,238,185,95,35,38,90,177,226,208,138,66,33,28,31,30
101,101,104,111,121,140,185,226,247,239,191,102,39,29,57,136,208,215,149,70,31,32,46,51
104,101,103,110,123,159,206,238,247,238,205,125,54,26,40,114,197,221,166,84,37,46,68,67
105,104,103,105,122,172,220,245,245,232,208,134,59,23,39,120,202,229,181,95,41,44,62,56
95,102,105,105,119,166,218,244,241,223,204,136,62,24,47,138,214,233,186,96,39,35,46,40
74,92,107,112,117,146,200,236,239,218,203,142,68,29,59,156,223,230,179,91,37,28,35,31
53,77,105,119,120,136,180,221,239,230,211,150,75,34,70,165,224,222,168,90,37,23,25,23
37,63,97,119,121,131,159,199,233,239,224,159,82,40,63,148,208,205,146,77,34,19,16,14
36,57,91,118,123,123,138,176,218,237,226,168,93,41,42,95,140,148,117,74,35,16,12,13
37,53,87,117,124,117,125,156,199,230,225,180,108,43,27,43,64,85,100,87,43,18,15,18
34,49,82,115,125,116,122,144,179,220,223,194,125,51,27,20,21,49,95,105,54,23,20,23
36,49,82,113,125,120,123,134,157,197,215,202,143,67,33,21,18,42,88,109,57,23,19,24
47,56,81,110,125,123,121,118,121,136,162,184,151,76,32,19,25,63,117,125,60,23,19,24
79,90,101,113,130,130,119,105,93,91,128,180,170,96,34,19,36,92,154,141,68,30,26,29
92,115,122,122,138,141,123,101,86,90,144,201,197,128,49,22,35,91,156,152,86,45,36,35
70,106,124,129,146,152,129,103,94,116,187,226,216,156,67,27,20,56,120,157,105,60,41,35
