223,193,132,70,38,46,48,46,43,40,44,63,85,93,80,86,104,107,84,59,55,56,54,49
212,179,120,66,40,44,42,39,39,40,45,74,101,107,96,113,138,138,103,63,53,55,53,46
200,158,97,50,36,42,36,34,38,42,50,91,125,134,134,159,180,168,119,67,52,54,52,43
189,135,69,30,28,36,32,33,44,51,58,104,148,167,177,195,193,161,109,70,62,61,54,44
181,116,47,17,23,27,24,34,55,71,73,115,166,197,204,195,158,110,75,72,88,80,59,48
185,118,49,17,22,17,13,31,66,97,103,141,188,212,196,153,100,61,52,74,107,99,68,52
171,112,48,17,19,14,9,31,80,132,147,172,197,195,149,94,56,40,46,69,95,88,66,53
144,95,41,12,13,12,12,42,107,174,186,181,171,144,90,52,43,46,51,62,72,68,59,55
130,85,34,6,6,13,19,61,138,209,205,164,120,84,47,39,53,64,62,56,57,62,72,81
155,99,37,4,7,19,27,74,155,218,194,131,76,46,36,46,67,81,75,57,55,83,123,146
191,126,48,6,8,14,19,63,139,191,149,93,53,37,37,53,71,80,73,52,52,101,167,205
201,139,60,13,11,16,15,43,97,134,95,62,42,34,41,58,69,69,58,41,47,99,169,212
194,137,63,16,12,20,18,29,55,78,59,47,38,32,40,57,61,54,42,32,47,93,143,168
190,131,58,14,11,21,22,22,31,46,48,44,36,29,35,49,50,41,32,32,55,91,111,106
200,132,53,10,11,19,16,16,26,41,46,42,32,25,29,41,42,36,33,43,67,89,91,74
186,118,43,5,6,9,8,13,25,40,44,38,27,20,26,37,38,36,41,59,76,83,77,67
174,113,43,4,4,10,13,16,24,37,42,36,26,19,25,33,36,45,65,86,86,78,70,64
185,128,53,7,6,16,22,21,23,35,41,37,27,21,27,32,37,65,112,126,95,71,62,61
211,154,69,11,7,17,22,23,26,35,41,38,29,25,32,35,45,97,168,168,103,60,51,56
221,168,81,16,6,7,12,25,38,38,41,36,30,31,39,38,64,133,206,190,106,53,43,50
231,184,95,23,12,10,14,25,35,36,44,38,31,33,41,45,93,171,225,191,98,46,39,46
235,188,98,26,19,21,24,25,26,32,44,39,31,31,38,57,128,204,229,171,79,36,36,44
226,177,89,22,17,24,28,25,22,30,41,37,31,29,39,80,164,227,218,136,55,29,43,62
211,161,78,16,8,15,22,25,26,32,37,33,29,31,44,105,190,236,203,104,38,28,59,95
