3,2,1,4,13,21,25,28,40,66,96,119,135,144,144,144,128,95,56,34,27,33,50,71
3,2,1,4,11,20,24,27,36,59,92,116,133,143,146,147,129,94,54,32,27,36,57,79
7,6,6,7,12,19,24,26,32,50,85,111,126,135,143,148,131,93,51,30,27,39,63,84
14,13,11,11,13,20,25,27,31,43,74,102,116,122,132,143,130,94,51,29,27,39,62,83
19,16,12,10,13,22,29,31,32,39,62,87,101,106,115,132,127,96,55,30,25,35,56,76
15,10,6,5,11,23,32,35,34,36,48,65,76,81,93,115,119,97,61,35,27,33,51,70
9,5,2,2,9,23,34,39,39,39,41,47,51,55,69,97,112,102,72,45,34,35,45,56
5,3,1,2,8,23,35,41,43,42,38,36,34,36,52,83,109,111,86,56,42,38,41,46
4,2,1,2,8,22,36,43,45,44,38,32,27,26,40,74,109,121,102,69,50,41,40,41
3,2,1,2,8,23,37,45,47,47,42,34,26,22,33,65,104,124,114,86,61,43,35,34
3,2,0,1,8,22,37,47,52,52,47,38,27,23,30,56,93,119,120,98,72,48,30,22
2,1,0,1,6,19,35,49,56,56,51,40,30,27,34,52,82,110,119,104,78,50,28,16
2,2,1,0,4,17,34,48,56,58,53,42,34,32,40,52,73,97,110,103,79,53,32,22
6,4,1,0,3,16,32,46,55,59,57,48,41,40,48,57,69,83,94,92,74,53,40,36
10,7,3,1,3,14,30,44,55,62,64,60,56,57,66,72,74,74,75,72,60,49,45,45
12,11,7,3,4,17,35,52,66,76,81,80,77,77,82,87,82,72,61,53,46,44,46,49
12,12,9,5,8,26,49,68,82,90,95,95,93,90,91,95,88,73,56,44,38,37,42,46
13,13,11,7,12,34,61,81,92,99,102,103,100,95,92,94,88,73,54,40,32,29,32,37
15,15,12,9,14,36,66,87,95,99,100,99,95,88,82,85,82,70,55,42,30,23,21,23
19,18,15,12,14,35,68,88,91,87,82,77,71,63,58,66,72,70,61,49,36,25,18,16
21,20,18,15,15,31,58,72,70,63,55,51,47,45,46,58,69,74,72,63,48,33,21,13
20,20,19,17,18,31,54,63,56,46,39,37,38,39,44,58,70,77,78,71,57,41,25,15
15,16,16,17,22,37,63,73,61,43,37,36,37,41,48,62,72,78,79,74,62,47,31,19
10,11,12,16,25,45,79,92,76,49,39,37,38,43,53,67,75,78,78,74,64,50,34,21
