17,20,24,31,38,43,42,39,37,37,37,43,56,70,71,66,56,45,33,26,18,15,15,16
18,20,24,31,38,43,42,39,37,37,36,42,55,68,71,66,55,42,30,23,18,15,14,14
19,20,22,29,39,45,43,40,38,37,35,38,48,61,68,66,55,40,27,23,20,16,13,12
18,18,19,26,39,47,45,41,39,38,35,34,40,52,62,64,54,40,28,24,22,17,13,13
15,15,18,25,38,49,49,45,42,40,37,33,35,44,56,59,53,41,29,24,23,20,18,22
22,22,25,30,38,50,51,48,44,42,38,34,36,43,53,56,50,39,27,23,25,29,40,55
32,32,31,32,37,48,51,49,46,43,39,35,37,44,53,55,46,33,25,29,43,62,85,105
46,46,41,38,41,49,51,49,46,43,40,35,36,44,54,56,47,36,37,57,83,107,128,143
63,65,62,57,53,57,55,50,44,42,40,35,35,43,57,60,56,56,69,98,126,144,154,162
74,85,94,89,72,68,62,52,43,39,38,34,34,44,61,67,75,90,112,133,149,156,160,164
65,93,120,114,77,70,64,54,42,36,35,35,41,54,68,72,84,105,128,144,153,152,145,137
47,83,118,114,72,67,64,57,46,39,41,52,68,84,88,81,85,102,125,136,134,120,99,81
37,74,105,100,66,68,68,64,58,59,68,86,106,117,110,91,80,85,100,104,92,70,48,33
41,74,96,87,65,76,79,80,84,94,108,124,137,139,128,101,75,61,60,57,42,25,15,14
47,78,93,82,70,88,101,111,123,134,140,146,150,150,139,111,74,45,29,21,12,7,10,16
50,79,90,82,80,106,130,144,152,157,158,157,153,146,134,107,75,46,26,13,5,5,12,20
60,82,89,83,88,116,144,159,164,163,158,151,139,125,112,94,72,50,31,16,7,8,15,23
72,87,90,85,92,117,141,155,159,153,140,126,111,99,91,84,70,53,36,22,15,15,21,28
82,93,92,86,91,107,124,135,137,126,107,90,79,78,83,83,71,55,40,32,32,32,33,38
88,96,93,86,87,88,92,97,96,85,72,63,61,67,79,80,70,56,49,56,65,62,55,53
96,102,101,94,83,68,57,56,59,58,56,54,54,58,70,72,64,58,67,96,111,102,84,75
115,116,114,104,82,58,40,36,41,47,52,52,49,49,58,62,57,59,82,126,145,135,111,94
144,133,123,113,97,84,65,49,43,47,52,50,44,40,49,55,54,60,88,134,157,151,126,103
171,146,123,116,123,132,112,78,52,50,52,47,39,37,46,54,55,62,87,129,154,151,127,102
