115,109,116,137,154,143,115,94,93,109,132,139,137,142,160,157,139,115,90,67,54,75,108,126
119,112,118,137,153,141,112,93,90,101,124,134,135,137,146,138,120,101,84,68,70,106,141,149
125,117,121,139,156,142,112,93,90,93,107,123,132,134,136,124,107,90,78,71,96,138,166,167
131,123,125,144,169,155,120,97,91,88,93,109,125,132,134,124,110,93,78,75,111,147,165,165
137,128,130,157,195,183,138,103,91,88,88,100,114,126,133,132,124,107,86,85,111,134,146,150
145,135,143,179,220,206,151,107,91,90,92,103,110,114,121,131,133,122,109,116,132,140,143,147
152,145,159,195,229,209,148,105,95,96,97,106,114,116,115,126,136,136,134,151,151,142,139,146
159,156,168,194,215,187,132,104,107,108,104,107,117,124,119,120,132,142,146,161,151,132,125,135
167,168,172,178,178,148,113,108,122,123,112,106,115,128,124,111,118,134,144,152,141,120,112,124
179,183,178,161,135,111,101,114,134,133,115,104,110,124,122,100,101,123,145,150,138,120,115,126
191,197,190,160,117,97,98,116,133,128,110,101,112,134,142,135,146,168,182,168,145,124,118,127
196,202,191,157,114,97,98,111,123,123,124,136,159,183,196,193,192,191,181,155,139,122,117,127
193,194,178,146,115,103,101,110,126,142,162,181,200,215,217,197,172,151,136,121,122,117,116,126
183,176,157,133,119,116,116,125,143,166,187,191,192,195,186,145,105,85,87,92,105,110,115,125
169,159,143,132,133,140,147,150,150,150,152,142,137,145,148,109,82,77,87,92,98,105,114,126
161,153,148,151,158,156,146,127,112,118,143,150,141,130,135,102,80,77,85,89,93,99,111,126
173,169,165,160,152,136,115,97,97,122,151,168,156,131,123,95,78,74,80,84,88,95,108,123
190,183,167,147,129,111,91,86,108,148,168,178,166,137,111,88,75,73,77,80,88,97,107,117
187,171,145,122,111,104,90,95,127,168,178,174,162,140,108,85,75,77,83,88,98,104,107,111
144,130,114,105,105,102,92,100,129,162,166,150,140,136,117,87,77,86,102,115,122,118,111,109
118,109,100,99,109,108,99,103,120,136,128,111,109,120,120,92,83,100,128,144,142,129,116,109
104,100,96,101,115,114,106,105,109,107,94,83,88,105,116,97,90,107,137,149,143,133,120,107
99,98,100,108,121,119,110,104,98,86,75,72,81,97,110,101,95,108,133,137,133,132,123,104
99,101,106,115,124,121,110,101,92,77,71,72,80,93,106,103,98,107,127,129,127,133,126,103
