72,86,92,82,62,63,62,60,69,91,99,92,117,159,152,97,78,80,77,77,75,92,115,126
60,78,89,81,61,62,60,60,70,95,100,89,108,149,149,99,81,81,78,75,79,101,122,126
43,66,84,80,59,59,59,59,67,89,92,80,87,116,130,98,84,83,81,77,87,113,130,126
27,52,77,82,67,65,61,57,60,72,74,68,67,80,103,97,88,84,83,80,88,112,128,125
16,39,68,90,98,87,67,55,53,53,54,57,58,64,85,101,96,86,83,82,80,92,110,120
12,31,61,103,141,117,75,52,48,40,38,46,53,60,79,110,108,93,83,81,78,80,92,107
10,26,58,110,162,129,77,50,45,30,24,33,46,60,83,113,114,100,88,82,80,78,80,86
11,22,53,101,145,116,73,51,44,28,19,26,42,64,90,113,115,106,95,85,82,81,78,74
14,19,45,82,106,88,64,52,49,40,33,36,50,73,100,113,115,110,102,91,84,84,83,78
16,17,38,65,75,64,55,53,58,64,63,62,72,91,111,115,115,114,109,99,89,85,85,86
20,15,31,57,69,57,50,50,57,67,66,63,74,98,114,114,114,117,117,109,96,86,82,85
30,20,27,53,79,67,48,45,68,105,112,98,99,119,134,140,149,157,156,136,109,91,84,83
68,43,30,51,96,96,69,67,108,166,180,164,155,162,167,169,171,167,153,131,113,100,92,86
133,88,43,49,109,137,121,123,159,198,208,201,192,185,178,170,156,132,106,102,110,110,101,94
198,136,62,45,107,168,178,173,168,151,136,137,142,140,131,129,124,108,90,100,120,118,105,99
211,149,68,37,80,121,117,102,88,71,66,92,119,128,126,131,129,117,106,114,125,117,104,103
164,121,60,31,55,79,71,57,51,51,57,86,112,125,128,133,127,117,111,111,104,98,97,102
102,89,55,30,40,57,54,48,53,66,74,86,102,117,128,130,117,106,102,91,77,79,92,101
65,73,57,33,32,46,50,52,61,79,84,80,83,99,118,118,101,88,84,67,62,77,97,107
58,66,54,33,27,40,48,51,60,82,99,91,80,80,92,90,78,69,65,57,67,91,114,121
58,62,53,35,26,37,47,51,61,87,116,115,98,84,79,72,67,64,63,62,80,109,132,140
55,58,52,37,25,34,47,53,64,95,127,131,121,108,93,81,77,75,72,73,95,123,142,147
53,53,49,38,25,31,45,54,67,101,130,137,136,133,116,99,93,88,81,85,111,134,143,140
53,50,46,37,26,29,44,54,68,102,130,137,140,141,125,108,99,91,84,94,122,141,139,127
