12,21,49,87,117,117,119,121,131,153,168,212,244,248,246,239,191,113,43,25,41,103,180,229
13,19,46,83,113,118,120,121,129,149,165,208,240,246,244,235,180,105,49,35,34,75,151,215
25,28,47,79,108,121,124,121,121,134,147,190,230,244,235,231,184,116,59,40,26,43,98,158
41,39,50,75,104,124,128,120,113,118,133,170,214,240,228,227,200,138,65,35,21,23,48,80
43,39,46,67,100,124,128,120,110,112,138,159,196,234,229,224,211,154,67,29,22,19,19,22
31,28,37,64,100,123,130,123,113,111,133,144,178,225,231,221,215,172,92,44,28,21,18,19
39,34,41,67,102,120,128,126,118,112,135,138,161,207,232,231,226,187,114,55,36,26,20,20
52,44,43,62,97,116,126,127,121,114,133,129,134,163,200,208,215,190,123,57,35,24,18,19
54,50,48,61,89,114,126,129,123,116,122,115,105,109,133,151,189,190,132,59,30,19,15,15
38,53,75,89,92,114,130,134,127,119,108,100,89,75,66,100,175,208,158,77,33,18,16,14
27,71,126,143,113,114,132,142,136,121,107,93,79,67,67,124,197,224,181,99,39,17,16,15
16,53,111,140,121,115,138,154,147,123,108,93,79,79,111,179,226,237,209,143,62,23,16,15
7,29,86,134,134,117,145,169,161,126,112,98,87,98,153,218,243,237,210,162,79,31,18,17
7,23,84,149,160,127,151,180,172,132,118,102,92,107,164,223,244,228,186,137,72,32,19,19
23,37,90,155,184,148,156,177,173,136,122,102,87,97,147,203,234,226,176,95,43,21,17,18
76,84,105,137,163,151,142,154,165,144,126,107,91,91,114,160,208,228,196,109,48,23,20,22
74,70,75,93,117,126,123,137,156,149,130,112,96,82,84,136,198,234,214,131,56,26,25,28
36,30,37,58,82,98,109,126,144,147,130,116,95,70,59,120,196,239,221,142,67,42,42,38
7,6,22,49,74,85,103,119,130,135,127,116,94,61,42,99,186,239,221,147,93,83,75,48
4,5,17,43,75,84,103,117,120,120,122,119,103,72,41,74,163,231,228,166,139,141,116,55
3,3,11,37,74,86,105,116,117,114,117,116,107,88,63,59,131,211,235,191,151,154,131,61
3,3,8,31,71,87,105,115,115,110,113,115,111,102,88,60,115,197,238,211,145,132,122,80
7,6,10,31,69,89,105,113,113,109,112,115,115,109,96,65,113,192,239,222,139,110,117,117
13,10,13,34,72,92,105,111,113,111,113,117,116,107,87,64,115,193,238,223,140,110,129,153
