71,73,76,79,82,86,93,101,106,105,102,102,92,77,78,91,68,43,40,50,37,25,29,44
70,72,75,77,79,84,90,99,105,101,97,97,93,91,100,102,71,40,37,48,37,26,29,42
72,73,74,75,75,78,89,99,100,91,88,89,93,103,119,105,69,39,34,42,35,26,28,40
83,81,78,73,66,69,89,105,104,86,79,81,92,109,122,98,65,40,32,36,31,25,27,37
101,93,82,69,54,59,91,120,125,103,82,79,92,110,112,90,65,44,32,32,28,24,27,37
104,93,77,60,48,62,95,128,146,142,112,99,102,108,103,85,65,46,32,28,26,24,29,37
99,94,76,55,48,71,98,108,109,119,117,114,111,108,98,80,63,51,45,40,31,26,29,36
91,96,79,54,50,79,99,91,81,102,124,123,114,106,94,76,62,66,78,65,39,26,29,36
84,97,85,61,55,83,99,95,93,117,134,125,111,101,90,72,62,85,118,94,48,27,29,36
79,96,95,76,65,88,102,114,129,142,131,115,104,97,86,68,63,97,142,115,58,30,30,37
64,85,104,100,81,97,109,128,147,144,116,101,96,92,80,66,63,97,144,123,63,31,29,35
48,68,106,124,104,111,131,144,140,123,101,93,90,84,68,61,57,85,131,123,66,32,27,31
40,52,96,133,126,128,150,144,114,99,93,92,87,74,57,51,46,71,118,122,68,33,26,28
41,41,79,123,135,141,152,126,85,85,91,94,87,71,54,45,45,75,121,123,69,35,26,25
42,38,62,100,124,136,136,106,74,82,89,92,90,81,63,55,70,108,145,132,74,38,26,22
37,34,56,94,124,130,120,97,78,82,87,83,76,70,61,75,94,120,146,145,86,43,25,21
34,34,56,97,132,132,114,93,81,80,79,70,63,60,60,76,80,93,123,143,91,46,24,19
37,41,66,106,137,132,112,93,81,74,65,58,55,57,58,64,54,60,97,133,93,48,22,15
47,61,91,121,134,123,108,94,81,65,51,48,51,54,53,51,39,44,80,125,96,51,20,11
66,96,128,139,126,112,104,94,77,54,43,40,41,42,43,41,34,40,72,121,101,55,20,11
77,110,136,135,117,105,98,85,64,42,36,34,33,34,35,33,28,34,61,106,96,54,18,9
95,117,131,124,108,100,92,74,50,32,30,29,29,30,31,29,27,35,60,97,92,53,17,9
118,125,124,114,103,97,87,67,43,26,24,25,29,32,32,29,29,39,63,94,91,54,17,9
134,130,121,109,102,97,86,67,44,26,21,24,31,36,35,31,29,39,64,94,94,56,17,7
