150,149,145,143,147,155,139,119,104,93,89,101,127,163,207,231,226,192,142,102,84,80,80,77
146,147,145,142,140,142,126,109,98,91,92,109,139,177,214,231,217,176,126,98,84,80,79,76
137,137,132,122,113,111,103,95,90,89,102,129,164,200,224,228,194,144,104,91,83,79,78,78
111,107,96,82,76,79,81,83,85,92,116,154,193,222,231,214,160,109,88,86,82,78,79,85
67,59,45,40,51,65,71,75,84,102,134,178,214,232,226,184,123,85,84,85,81,77,82,94
30,22,22,35,58,67,70,75,89,118,162,203,229,231,203,145,97,79,85,85,79,76,83,98
12,13,34,67,88,79,76,84,107,147,194,224,235,218,169,112,85,81,85,85,80,75,84,104
13,31,78,125,135,106,94,103,133,178,217,235,230,196,134,92,81,82,83,85,81,75,85,111
33,70,136,185,179,134,115,126,160,202,229,236,216,169,109,84,80,81,81,86,83,75,87,118
69,119,186,223,200,144,125,143,181,216,234,229,196,143,97,81,80,81,83,88,83,74,89,125
104,153,210,229,194,130,122,154,197,225,232,211,169,121,90,79,79,82,87,92,84,73,87,123
133,175,218,223,179,119,126,168,211,230,221,189,147,111,88,76,76,83,89,96,87,73,84,118
154,189,221,214,164,115,138,186,222,229,206,169,134,106,85,71,72,82,93,100,90,74,81,111
169,198,222,208,154,120,156,204,228,220,188,156,128,103,79,64,69,84,98,106,94,77,81,105
181,205,221,202,154,138,177,216,225,204,173,149,127,101,73,62,73,92,106,111,98,83,86,105
192,210,221,201,156,150,185,214,213,190,166,147,125,97,70,61,77,98,111,114,105,89,86,100
199,213,219,197,155,146,172,192,191,174,160,144,121,91,65,59,76,98,111,116,107,91,89,103
207,217,218,197,158,136,146,161,168,164,157,142,117,86,61,57,74,96,111,115,106,99,109,131
214,220,220,204,169,132,121,133,153,164,158,142,115,82,58,58,74,96,111,111,107,121,151,178
211,217,221,213,185,138,112,121,150,164,157,138,110,79,58,60,76,95,107,106,127,166,201,214
202,209,219,220,199,147,117,125,153,166,156,134,105,77,60,64,78,91,102,120,168,210,231,231
181,194,213,219,197,143,118,129,156,167,155,131,101,75,61,68,76,89,113,157,208,236,238,228
159,176,199,204,176,127,113,130,154,165,152,127,97,72,62,67,76,101,147,202,234,240,219,190
148,164,185,185,153,110,107,128,152,162,148,122,92,70,62,63,79,123,186,229,244,233,189,136
