108,106,120,148,176,175,157,131,119,146,192,223,237,235,215,166,116,95,102,107,99,79,53,32
103,102,115,143,173,174,157,129,117,145,195,225,237,232,209,158,114,99,107,109,99,77,51,31
98,96,106,131,161,166,150,124,115,143,192,226,239,228,195,142,109,105,115,112,97,74,48,29
99,97,106,126,149,153,136,119,118,146,188,225,239,219,174,123,104,110,120,111,94,70,45,28
107,109,121,139,149,145,127,119,132,163,189,222,232,204,150,107,101,114,121,108,89,66,42,26
114,119,140,163,167,155,138,135,154,186,194,217,220,183,124,92,96,113,120,107,86,63,40,25
118,125,151,178,184,172,158,161,183,208,198,207,201,161,103,82,93,112,119,108,88,65,42,27
121,126,151,179,191,183,177,186,208,223,199,190,175,137,88,79,94,113,119,111,93,72,50,34
123,124,141,166,182,180,187,205,224,232,199,170,144,112,79,81,99,116,122,115,101,84,62,44
124,121,128,142,156,164,188,215,234,238,203,153,114,92,77,87,105,120,126,119,110,94,71,50
121,118,114,113,119,146,188,222,238,238,204,139,94,82,83,96,110,122,127,120,112,97,73,50
121,116,105,94,99,146,198,230,239,232,200,133,86,82,93,107,119,126,127,120,113,97,72,49
124,117,101,89,103,162,212,236,237,227,200,139,95,88,101,117,128,131,129,121,113,96,70,47
128,117,98,95,127,186,225,239,238,229,210,166,127,113,121,133,137,135,129,123,113,93,66,45
132,114,97,109,158,209,235,244,244,242,234,213,189,173,172,169,154,139,130,123,112,91,63,43
149,132,121,140,190,229,245,249,249,250,245,232,218,211,217,212,197,174,148,124,111,89,61,42
198,189,186,199,224,242,249,249,248,248,239,220,204,201,208,201,195,185,165,130,108,85,58,39
240,238,239,243,246,249,250,248,246,243,222,195,175,168,167,159,156,158,156,130,106,81,56,37
252,250,251,251,250,249,249,246,243,238,208,178,155,140,130,125,115,112,120,122,106,81,54,36
250,249,249,250,247,243,239,233,228,226,205,174,146,126,117,118,102,90,98,119,110,82,52,36
251,249,249,248,243,235,222,203,188,183,175,148,120,102,96,96,87,81,90,116,111,81,49,33
251,249,245,239,232,223,202,175,152,143,142,123,99,82,74,74,72,71,78,99,100,76,45,28
251,247,236,218,201,198,179,148,119,104,107,104,90,75,68,67,65,66,73,83,86,69,42,24
250,246,226,192,162,169,160,128,89,68,78,91,90,79,77,72,68,71,79,77,79,63,39,22
