205,163,118,104,122,119,92,67,83,165,231,251,251,249,240,220,210,204,188,156,134,118,113,119
197,154,109,97,118,119,96,72,87,166,230,249,250,247,235,201,181,176,170,140,111,90,88,101
181,140,96,86,110,120,105,80,86,152,223,248,250,245,226,171,127,113,115,97,69,50,54,72
159,123,86,78,104,121,113,87,81,133,213,246,252,246,224,159,96,63,58,52,34,26,36,55
137,108,80,78,101,118,115,92,84,127,206,244,252,248,233,183,122,70,39,32,25,29,45,62
121,96,77,80,101,115,115,102,102,141,209,242,250,249,243,214,164,100,45,26,22,30,53,78
106,88,76,81,99,114,116,116,131,171,220,242,246,245,243,223,173,106,46,20,16,26,50,75
94,83,77,82,95,112,119,133,161,201,231,240,235,226,217,199,162,115,67,27,15,21,39,56
87,83,80,83,92,108,123,150,186,221,237,237,221,196,172,154,141,128,104,53,24,19,29,37
87,87,87,86,90,104,127,164,205,232,242,237,213,172,128,109,113,128,130,89,40,22,26,32
90,92,92,88,85,96,124,167,211,236,241,231,204,160,110,87,92,116,138,120,59,25,22,28
93,96,96,92,88,102,130,170,210,234,237,221,191,150,104,78,77,101,135,141,74,25,13,19
97,98,96,93,98,123,154,183,207,224,223,204,173,137,98,73,66,86,126,156,92,31,8,13
102,100,94,91,106,150,187,203,204,205,196,177,152,122,90,70,60,73,113,161,108,42,10,13
110,106,93,86,107,167,209,218,201,180,158,144,131,112,87,69,58,64,98,150,109,47,13,15
120,113,97,91,118,180,220,227,206,168,128,115,115,109,88,67,55,61,92,145,111,51,14,14
127,120,106,108,141,192,222,226,204,158,110,101,110,112,90,65,52,59,89,146,125,62,15,12
132,127,121,131,168,203,221,219,195,148,104,99,114,118,94,64,51,56,85,145,141,76,16,7
137,134,137,156,189,211,217,206,178,136,103,106,123,126,99,65,49,52,78,137,150,87,19,3
139,139,152,177,203,212,206,183,150,118,102,111,128,130,101,63,45,47,72,128,152,96,25,4
143,147,166,191,210,211,190,156,121,101,97,110,128,130,100,62,42,43,67,121,153,103,32,7
150,154,168,187,200,196,167,128,96,86,90,108,127,130,101,61,40,41,66,116,154,109,39,10
154,153,154,159,164,158,132,99,76,75,83,103,125,129,102,62,40,42,69,116,154,113,43,12
153,145,133,123,121,117,98,76,64,68,77,99,122,128,104,64,41,45,74,122,155,112,44,12
