28,31,35,41,49,46,34,24,19,17,16,29,47,58,48,26,12,6,4,1,7,15,18,15
30,31,34,40,47,44,33,22,17,16,20,38,58,63,46,22,11,7,4,2,6,14,18,15
33,32,33,36,41,40,30,20,14,15,27,52,68,62,39,17,10,9,6,2,5,13,18,16
33,31,31,32,36,36,28,17,12,15,35,60,69,54,31,14,12,13,7,2,3,11,17,17
28,28,28,30,33,33,24,14,11,20,39,57,58,43,28,15,14,14,8,1,2,8,14,17
25,26,27,29,30,31,22,14,18,32,46,54,49,37,29,17,14,13,8,1,1,5,12,17
23,24,25,25,26,28,21,23,37,57,59,52,42,34,30,20,14,11,9,1,0,4,10,16
26,24,23,23,23,24,21,31,55,77,68,53,38,29,27,19,13,10,8,1,0,3,9,15
32,28,24,23,23,21,20,33,59,79,67,51,34,22,18,13,10,9,7,1,0,2,8,13
37,32,26,23,24,22,21,29,48,64,54,42,28,14,9,6,6,7,7,2,1,2,6,11
38,34,28,23,24,23,22,28,41,49,40,30,18,8,3,3,3,5,6,2,1,1,4,8
41,37,30,24,24,22,23,32,42,41,32,25,17,7,2,1,2,5,7,2,1,1,4,7
44,39,31,25,24,23,27,37,42,34,28,27,20,10,3,1,2,6,9,5,5,6,10,15
45,40,31,24,24,27,35,41,39,26,27,30,25,12,5,4,7,14,20,19,21,26,33,38
43,39,30,22,22,31,41,41,31,22,28,33,28,17,12,14,21,33,45,51,60,68,73,76
44,40,31,22,23,31,39,37,29,24,33,41,41,35,34,37,46,58,70,78,87,92,94,94
47,43,35,29,30,34,39,42,42,40,45,49,50,48,49,51,57,64,71,79,87,92,95,96
49,46,43,42,42,39,42,50,55,54,54,53,52,53,54,56,57,58,59,67,74,81,86,89
49,48,50,52,50,43,47,55,60,58,57,54,51,51,52,54,53,49,48,55,62,67,71,73
52,48,48,49,47,44,50,56,57,55,55,53,50,46,45,45,45,42,39,42,46,47,46,45
56,51,46,45,45,47,51,53,52,49,46,44,39,34,31,31,34,38,40,39,36,31,26,22
60,56,51,47,44,46,46,46,44,41,35,29,24,20,21,27,33,38,41,37,28,20,16,15
58,57,55,50,42,39,39,40,39,35,26,19,16,17,25,34,36,35,34,30,20,14,14,15
52,53,54,49,40,33,35,40,40,33,24,19,20,27,38,45,38,28,23,20,15,13,15,16
