58,49,35,24,23,20,39,103,159,137,101,115,162,211,233,207,176,145,115,100,82,73,77,85
62,54,38,25,21,18,30,74,120,117,104,131,179,219,225,184,156,140,124,103,82,71,75,88
69,61,47,33,31,50,56,60,70,84,98,142,195,227,210,140,109,110,111,93,73,64,73,91
72,67,57,48,57,111,115,77,41,53,81,136,198,229,191,99,64,70,81,75,60,55,70,92
67,68,63,63,87,162,163,102,41,38,57,115,187,222,173,79,45,50,57,63,54,50,66,91
63,65,65,66,81,132,121,77,40,33,37,86,159,202,152,74,46,48,55,64,59,53,64,87
72,72,70,68,70,80,67,53,46,43,36,53,101,143,120,69,48,49,56,68,65,59,67,87
81,79,73,67,64,55,46,45,51,58,63,58,65,84,89,68,52,49,57,73,69,60,66,85
85,84,75,65,62,60,55,50,52,69,106,108,83,61,71,71,60,52,61,79,71,60,64,83
89,87,81,70,61,66,64,55,51,74,138,173,147,89,68,74,71,66,71,86,75,64,68,84
92,88,85,81,71,69,65,54,50,77,148,199,181,112,63,66,74,77,82,93,84,75,76,82
107,98,89,82,75,70,67,58,53,75,147,203,188,117,64,58,63,73,87,103,91,80,75,76
119,103,87,78,74,70,70,64,58,70,130,189,178,112,68,55,52,60,82,107,94,77,68,66
107,88,76,75,75,72,72,70,65,67,102,154,153,102,71,55,47,51,70,95,88,72,61,58
58,50,57,74,84,78,74,71,69,69,78,104,109,87,68,53,47,50,58,70,73,67,59,54
34,31,42,66,88,85,80,75,71,69,70,75,79,75,62,49,44,45,48,51,60,62,56,48
23,22,30,52,81,88,84,79,74,69,68,67,68,67,62,57,53,52,52,54,64,68,63,53
35,39,48,66,90,98,92,85,80,72,69,68,65,64,72,89,95,91,82,76,78,77,71,65
78,86,96,105,114,112,99,89,84,75,71,68,62,60,79,116,137,135,118,100,90,82,75,72
145,145,137,125,116,105,94,90,87,79,70,64,60,56,57,77,101,111,106,99,94,87,76,66
146,142,129,113,101,89,92,95,89,76,66,59,58,58,54,55,67,79,84,90,92,89,82,74
101,96,87,77,72,71,103,123,112,81,68,61,60,62,60,55,56,60,67,81,89,89,89,92
56,54,51,48,48,65,128,170,158,111,83,69,65,65,65,65,62,59,62,80,91,92,94,106
43,43,44,43,43,70,151,208,203,150,100,76,69,67,66,71,71,67,67,86,98,95,95,107
