83,81,72,59,49,50,64,86,111,135,151,158,155,143,124,102,86,82,86,94,99,100,98,95
85,82,73,61,50,48,60,80,104,126,142,150,149,139,122,101,85,81,87,95,100,101,98,94
89,86,77,64,52,47,56,74,96,115,128,138,141,134,119,100,86,81,86,94,99,100,97,93
96,92,82,68,54,47,55,71,89,104,116,126,131,128,117,101,88,82,85,92,96,98,96,94
105,101,89,72,57,51,58,71,86,98,108,117,123,122,113,101,88,81,82,87,91,95,96,95
116,112,97,78,63,58,61,72,86,97,105,112,118,117,110,100,87,78,77,82,88,93,94,91
123,119,105,86,73,67,66,72,84,96,103,111,116,115,107,98,86,76,72,77,82,87,90,88
124,122,111,95,83,77,72,74,83,95,104,114,119,117,107,96,83,73,70,73,76,81,86,89
121,121,114,102,90,82,76,77,85,95,107,119,126,124,113,98,81,70,69,72,74,79,87,94
118,120,116,105,91,79,75,78,87,97,109,121,130,132,125,106,84,70,69,75,79,85,94,102
121,122,118,106,87,72,68,75,85,96,106,117,127,135,136,120,95,76,72,79,86,96,107,116
127,126,119,104,83,65,62,69,80,91,100,109,120,133,141,134,112,90,80,84,93,106,118,126
132,129,119,102,79,61,57,64,75,86,95,104,114,128,140,144,128,107,93,93,101,113,123,127
135,130,118,99,75,57,54,60,71,82,91,99,109,122,136,146,139,123,109,105,108,116,123,123
136,131,118,97,71,53,49,55,67,77,85,93,103,116,129,141,144,138,125,115,112,116,121,121
136,131,117,94,67,50,46,52,64,75,81,87,96,108,119,135,147,150,142,128,120,118,119,119
135,129,114,90,64,48,44,51,64,76,80,84,90,100,110,127,145,155,153,140,127,119,116,115
135,129,112,87,62,47,45,53,66,77,80,82,86,94,104,120,139,154,157,147,132,121,115,112
137,130,112,87,61,48,47,56,68,78,80,80,84,92,101,113,131,148,157,151,138,125,116,112
139,132,113,87,62,49,50,60,70,78,79,80,84,91,98,108,124,141,155,157,148,134,118,108
138,130,111,85,60,50,52,62,72,79,82,84,89,96,101,107,117,132,148,159,158,143,121,105
136,126,106,80,58,49,52,62,72,82,88,95,102,107,110,111,114,124,140,159,166,154,131,111
132,121,100,74,54,48,52,61,72,84,98,109,116,119,118,115,113,117,131,155,170,166,146,125
130,118,95,69,50,46,52,61,71,87,105,120,125,124,120,116,111,112,124,148,171,174,157,136
