47,45,48,56,68,76,82,91,102,114,127,141,149,146,134,120,116,118,119,116,112,107,102,97
46,45,47,56,68,77,82,88,98,109,122,139,150,152,142,128,120,118,117,113,108,103,98,95
44,43,46,56,69,78,81,85,92,102,115,132,149,156,150,136,124,118,114,108,101,96,92,90
44,44,47,57,71,79,81,82,87,96,108,125,143,155,155,142,128,118,112,104,95,90,88,88
45,46,51,61,72,79,79,80,86,94,104,118,136,151,156,148,135,122,112,102,92,89,90,90
47,48,54,64,74,78,79,81,86,94,102,113,128,145,156,156,146,129,112,98,91,92,94,94
47,49,55,65,75,80,84,88,94,100,104,110,120,136,152,161,156,138,114,97,93,95,98,98
46,49,55,65,76,85,93,100,107,110,111,112,116,127,146,163,165,150,124,103,97,98,100,100
45,48,54,64,77,91,105,115,120,121,119,115,114,119,137,160,171,163,139,114,103,101,101,100
43,46,52,62,77,98,118,130,133,129,123,117,111,111,125,149,168,170,153,127,112,104,101,100
43,44,48,61,84,110,132,146,149,144,135,124,112,107,114,134,156,168,163,143,124,110,103,101
42,43,50,68,99,127,147,159,163,159,149,134,118,108,109,123,145,163,169,157,137,119,106,102
43,45,58,84,118,143,157,165,169,167,157,140,122,109,108,119,138,159,172,167,149,128,112,104
47,51,72,104,135,153,160,164,167,166,155,138,119,107,106,116,134,156,172,173,159,138,119,110
57,64,87,119,146,159,162,162,162,159,148,128,109,99,101,109,126,148,169,176,167,149,131,120
74,80,99,126,149,161,162,160,156,148,134,115,100,94,98,104,116,136,161,175,173,161,145,134
90,93,105,124,144,155,157,153,144,131,117,104,95,95,101,104,110,126,152,172,177,170,157,147
101,101,106,120,137,145,145,139,127,113,103,97,95,98,104,105,107,120,143,168,177,174,165,157
104,103,107,118,132,134,130,122,110,99,95,96,98,101,104,105,107,116,136,161,173,174,169,163
103,101,105,116,127,127,119,107,97,92,94,97,100,102,104,105,105,110,126,149,166,172,170,165
101,97,97,105,115,114,104,94,88,90,96,100,102,103,104,105,105,108,119,139,160,172,173,169
99,93,89,90,96,96,89,84,84,91,99,103,104,104,104,106,107,110,119,136,157,172,177,174
98,92,82,76,77,78,77,77,83,93,101,105,106,106,105,106,108,113,121,135,154,171,179,179
100,92,79,69,67,69,70,75,83,94,101,106,108,107,105,106,109,114,122,133,150,167,179,182
