84,81,79,80,83,86,82,73,63,56,54,66,82,99,121,124,106,81,63,54,56,60,64,67
80,79,77,77,81,84,80,72,63,56,55,70,87,101,120,126,108,83,66,58,60,64,67,68
76,75,73,73,76,79,74,68,63,58,60,78,94,104,118,128,112,85,67,61,64,70,76,80
76,74,71,68,70,73,70,67,66,65,70,89,102,105,113,128,116,90,70,66,73,81,89,95
82,79,73,67,66,70,71,73,74,76,81,97,106,105,106,124,120,98,80,79,88,95,101,106
90,87,79,70,67,71,77,83,87,89,92,104,112,110,103,120,122,110,98,99,106,108,107,107
103,101,92,82,77,79,84,90,95,97,101,111,118,115,103,112,120,119,113,112,116,113,108,107
118,117,111,102,94,91,93,96,98,101,107,115,120,115,100,103,115,124,126,123,123,119,112,108
133,131,127,121,112,104,101,100,100,101,106,112,114,108,95,95,112,130,138,136,134,128,117,108
140,138,135,131,124,114,108,103,99,96,98,102,103,99,92,92,111,136,150,150,146,136,120,104
141,139,137,134,127,117,109,101,94,85,83,86,90,90,87,87,106,132,150,155,148,134,114,93
140,138,135,129,120,110,102,94,84,74,67,67,73,79,79,82,98,121,138,145,142,132,112,89
134,131,124,113,103,96,91,85,77,68,59,55,58,65,70,74,88,106,122,132,135,131,114,92
122,117,103,89,80,79,78,77,75,70,62,54,51,54,62,67,77,91,106,119,127,126,113,95
107,100,83,67,61,65,68,72,75,76,73,62,53,51,58,62,68,78,92,105,115,113,102,89
96,90,77,63,56,59,64,68,73,78,78,69,59,57,61,63,63,68,78,87,97,97,88,78
93,88,79,67,56,57,62,65,69,78,81,75,67,64,66,64,61,61,66,68,77,81,76,69
94,91,84,73,59,56,59,61,65,76,84,81,74,70,70,66,60,57,57,53,58,63,63,59
96,93,87,77,63,57,57,58,63,75,86,87,80,74,73,67,59,55,55,48,45,45,47,46
96,93,89,82,71,62,58,58,62,71,85,87,82,78,77,67,56,52,54,49,37,31,30,32
94,89,86,83,77,69,65,63,64,70,80,81,78,75,74,65,53,49,51,47,33,23,22,27
92,87,83,82,81,76,73,70,70,72,75,74,71,69,69,62,51,46,48,44,30,21,23,34
92,85,80,80,84,83,80,78,76,74,72,68,65,65,65,59,49,44,44,41,29,21,28,45
92,84,77,77,83,86,84,82,80,77,71,65,62,62,63,58,49,43,42,38,28,21,32,52
