94,90,83,79,79,84,92,97,100,109,130,148,146,131,136,152,146,130,112,80,56,47,48,52
95,91,87,83,82,86,93,97,102,115,137,155,149,131,131,143,137,121,100,75,56,48,49,54
99,96,93,90,89,92,95,100,109,124,143,158,151,131,126,129,122,105,85,68,56,50,53,60
104,101,97,94,95,97,98,104,117,131,144,154,148,131,123,117,107,92,76,65,55,52,57,66
107,104,99,96,97,99,100,109,122,133,140,145,143,131,118,107,96,85,74,64,55,53,62,72
107,105,103,100,97,98,106,116,124,126,125,132,134,124,104,98,92,81,67,58,52,54,66,79
102,98,94,91,92,109,118,118,114,120,144,165,161,132,101,91,83,72,60,54,50,56,71,86
108,100,93,97,115,142,139,133,139,156,188,201,175,128,107,94,77,61,52,50,50,59,76,92
141,134,131,142,168,191,176,174,193,213,224,200,146,98,104,103,80,55,46,46,51,63,82,97
201,205,211,218,228,234,228,229,235,234,212,151,82,50,81,109,94,63,45,46,57,72,89,102
238,241,244,245,245,244,243,244,240,218,171,114,62,38,63,116,133,104,59,50,65,84,99,109
249,250,251,251,249,246,245,244,229,189,139,103,75,57,67,115,150,134,81,65,77,95,108,116
249,249,250,250,249,247,241,227,201,159,119,102,91,79,75,101,144,155,121,92,92,104,116,121
249,249,250,249,247,247,236,208,171,140,113,102,98,90,74,76,123,169,169,123,107,112,122,126
251,250,250,248,245,245,234,206,169,141,122,111,104,91,65,49,98,167,194,145,121,119,125,130
252,251,250,248,243,241,236,219,190,161,145,130,113,92,65,43,65,127,182,168,138,124,124,125
253,252,250,245,238,229,218,201,177,149,137,125,111,94,78,58,58,96,149,159,140,126,117,110
252,251,247,239,226,204,177,154,131,109,103,104,104,99,94,78,68,84,120,138,135,128,117,105
249,248,241,228,208,172,135,107,87,70,71,86,99,105,106,86,71,79,107,132,138,137,133,129
245,245,236,216,187,151,123,105,91,75,72,84,101,112,109,75,50,57,98,148,157,162,173,185
246,246,233,208,176,152,133,117,102,89,91,96,103,105,95,57,36,52,105,168,182,186,199,216
244,244,233,209,180,159,140,120,102,93,99,102,100,94,80,54,50,75,119,160,180,199,219,232
229,236,236,222,197,170,138,107,87,81,88,96,94,82,68,59,72,100,126,136,166,206,235,243
207,226,239,236,217,178,130,90,68,63,70,86,88,74,60,60,77,103,120,120,160,211,245,250
