140,130,114,101,95,91,89,87,86,92,113,141,175,207,227,236,222,177,119,91,88,84,80,77
113,101,88,82,82,83,85,85,85,95,120,153,188,217,231,235,209,157,103,87,85,83,79,78
65,56,54,62,70,73,77,81,87,102,133,171,206,228,235,227,182,124,85,85,85,82,80,80
25,24,37,55,67,68,72,80,93,116,153,192,222,236,233,206,147,94,76,85,86,82,80,83
14,25,46,65,70,69,73,83,103,137,178,212,232,236,220,173,115,80,78,86,86,81,78,81
28,49,73,81,72,71,79,93,120,165,205,229,237,228,194,134,92,78,83,86,85,80,76,77
75,101,121,114,88,83,92,114,148,194,225,238,236,214,162,105,81,79,84,83,85,82,78,75
138,162,172,153,114,102,112,137,174,214,235,241,229,193,132,90,79,81,82,81,85,85,80,74
196,211,210,180,134,117,130,159,193,224,238,237,214,169,112,85,80,82,81,81,86,86,80,72
231,236,224,185,131,118,140,175,207,229,238,227,193,144,100,81,78,81,82,83,88,86,77,68
241,241,222,173,115,114,150,189,217,233,234,211,169,124,95,79,76,80,83,87,93,89,76,67
241,237,211,159,105,119,163,203,225,233,221,189,148,113,94,78,74,79,85,89,97,92,78,65
238,231,198,145,101,129,177,215,231,228,204,169,134,110,93,75,70,76,84,91,99,95,79,64
238,228,188,133,102,142,192,225,233,217,187,155,128,108,90,70,65,72,84,94,102,98,81,66
239,225,180,130,114,162,210,233,228,202,172,148,127,106,83,63,61,72,87,100,108,101,85,72
237,220,178,138,137,185,222,233,217,189,163,145,128,105,79,60,62,78,96,108,113,105,90,80
234,217,176,143,150,192,221,223,204,179,160,145,127,102,76,59,64,83,102,111,115,109,96,85
231,213,174,144,149,183,207,206,187,170,158,144,123,97,72,57,63,84,103,112,116,112,100,87
226,209,173,142,139,163,183,184,171,163,156,141,118,91,67,53,61,81,100,111,118,113,101,90
222,209,178,145,129,135,151,161,162,161,154,139,116,88,63,52,61,79,98,113,117,109,100,98
223,213,189,154,123,111,126,147,160,164,155,139,114,85,60,51,61,81,100,113,112,103,108,129
226,220,202,169,127,102,117,144,162,165,154,136,111,81,59,53,64,83,100,109,103,109,140,180
228,225,214,185,137,105,121,148,165,165,152,131,106,79,61,58,68,84,97,102,102,133,185,225
229,229,222,194,143,111,126,153,168,166,150,128,103,79,63,61,71,85,95,95,109,161,217,243
