168,172,166,149,125,106,119,159,205,235,241,233,203,156,111,101,111,120,116,104,84,61,39,25
158,161,155,137,117,110,126,162,205,236,240,228,195,145,105,102,114,120,114,102,82,59,38,25
151,151,143,125,110,118,140,169,202,237,238,219,178,128,97,104,117,121,111,97,78,57,36,24
155,152,141,124,113,131,160,179,200,234,233,205,156,109,91,105,119,121,110,93,75,54,34,23
170,165,152,136,128,152,182,192,198,227,224,186,133,93,86,104,118,121,111,92,72,51,32,21
183,178,165,152,150,177,204,204,197,213,210,166,113,80,81,101,116,120,111,93,73,52,33,23
196,190,179,171,175,201,222,213,192,194,191,146,97,74,81,102,117,120,112,97,78,58,40,28
199,192,184,184,196,218,233,218,188,172,166,125,85,73,85,106,119,121,115,103,86,68,49,36
185,180,179,189,210,228,239,223,185,150,137,104,78,75,90,110,122,124,118,109,97,79,58,43
154,154,165,189,218,234,243,228,185,131,108,86,75,79,95,112,124,126,121,114,104,87,64,46
115,125,154,193,225,238,245,230,185,117,88,80,81,88,102,116,125,127,122,116,106,88,64,45
89,110,155,203,231,241,241,227,183,112,80,80,90,100,111,121,127,127,122,116,106,88,63,44
84,114,167,215,236,240,233,218,180,113,78,82,97,109,119,128,130,127,121,116,106,87,62,43
102,136,187,226,237,238,228,213,183,127,89,88,102,115,127,134,133,128,122,117,105,84,59,42
137,167,206,233,240,241,234,224,204,166,129,115,119,129,139,138,134,129,125,117,104,81,55,39
170,194,221,239,245,247,245,240,232,214,190,179,177,175,163,144,132,128,125,118,102,78,53,38
196,216,235,244,249,250,250,249,245,235,218,216,219,217,203,183,160,139,123,116,100,76,52,37
222,234,244,248,250,250,250,248,242,227,211,215,225,226,216,209,191,160,128,114,97,74,50,36
245,247,249,250,249,249,248,242,226,201,185,189,195,193,183,188,191,173,138,113,94,71,49,34
250,250,250,249,247,247,246,231,202,173,164,155,149,142,128,131,146,150,133,110,90,69,47,33
251,250,249,248,246,244,244,227,195,166,155,136,126,127,120,105,103,113,122,112,90,67,46,33
249,247,243,240,238,233,234,223,197,165,148,127,118,122,117,94,84,96,119,119,93,66,44,33
245,242,235,225,215,200,199,198,183,150,128,112,106,107,103,87,81,95,120,125,96,65,42,32
242,239,228,212,190,162,154,160,156,124,102,92,88,87,85,80,79,94,118,127,97,64,40,29
