135,113,75,53,76,154,170,121,71,93,103,98,99,108,116,119,120,117,108,101,106,117,126,128
134,113,76,53,74,145,149,102,70,102,113,102,95,102,113,119,122,119,108,99,104,116,126,128
135,115,78,53,66,122,113,79,72,111,125,112,97,96,105,115,123,122,110,98,102,115,125,127
137,119,82,52,55,87,77,65,79,117,134,129,113,100,97,107,119,123,115,105,107,115,123,125
140,123,85,51,44,51,53,63,89,124,144,151,141,120,100,98,110,121,121,117,116,117,119,122
146,132,93,52,36,28,39,66,105,148,172,178,169,149,120,97,102,118,125,125,124,119,115,118
151,139,99,56,38,22,36,78,135,188,207,203,190,172,142,105,96,107,122,128,129,125,120,119
152,142,100,54,39,25,43,99,170,221,231,221,207,188,158,118,95,95,109,124,130,130,129,128
150,141,97,50,37,30,55,121,198,238,240,232,218,196,163,127,100,90,97,114,125,132,136,137
147,140,96,48,36,38,67,136,212,243,243,236,221,194,158,128,109,99,95,102,116,128,136,138
141,136,94,47,36,47,78,145,217,246,244,234,214,185,153,125,113,109,107,102,105,115,126,131
134,133,93,45,33,52,91,156,220,243,239,224,201,175,150,126,113,113,119,116,105,101,109,121
131,135,97,46,32,59,106,167,217,231,225,208,188,166,148,128,113,112,125,132,118,101,97,106
134,143,106,50,35,71,123,171,199,207,205,195,178,161,147,128,111,109,124,140,139,121,102,95
136,148,112,56,40,87,138,162,165,172,189,189,177,161,147,125,106,102,117,139,155,149,127,105
128,142,111,57,43,101,146,144,129,153,187,193,183,167,145,123,102,96,110,136,157,161,148,130
118,136,111,61,47,112,148,133,116,158,198,203,190,170,143,122,102,97,112,138,154,159,153,142
113,136,116,69,54,122,151,138,132,181,212,211,191,165,140,124,107,101,113,137,151,157,152,142
113,140,125,80,65,134,161,157,165,207,222,213,186,154,137,128,114,105,110,133,150,157,151,140
113,142,130,88,76,149,175,179,193,223,227,208,176,146,136,132,121,109,109,132,151,158,150,138
112,142,131,93,92,164,184,189,206,228,222,194,162,141,139,137,126,114,114,133,151,158,150,135
112,142,133,102,108,176,184,187,207,224,208,177,152,142,142,140,130,118,116,131,152,164,156,138
110,142,143,120,121,180,175,176,199,212,187,162,148,143,143,143,133,120,116,129,161,179,173,154
106,141,154,138,128,177,165,165,190,198,170,154,148,145,143,144,135,121,115,131,174,197,191,174
