116,122,123,117,105,90,75,69,73,88,104,116,123,125,121,106,86,62,35,15,7,7,16,27
122,124,121,113,100,85,72,67,73,88,104,115,121,123,122,110,91,67,40,16,7,8,15,23
124,122,115,104,91,78,68,66,73,88,103,114,118,121,124,113,98,76,47,19,8,7,10,14
118,115,105,93,82,72,66,66,74,88,102,112,117,121,126,115,102,84,55,23,10,6,7,9
110,104,92,81,73,68,66,67,75,88,101,111,119,126,129,117,103,86,62,30,12,6,9,17
104,94,81,72,69,68,69,71,78,90,102,111,120,129,132,121,105,89,68,39,16,6,10,21
92,83,73,68,68,70,73,77,83,92,103,110,119,129,133,126,111,94,73,43,19,7,7,12
82,75,68,65,66,71,76,80,85,94,104,109,115,124,131,129,116,98,78,50,22,9,5,4
77,71,64,62,65,71,78,81,85,95,104,108,111,117,124,129,118,101,82,57,27,11,5,2
74,69,63,62,66,73,80,83,88,97,106,108,107,109,117,128,121,104,83,60,30,13,6,3
71,67,63,63,68,76,83,87,91,100,109,108,104,102,109,126,126,109,85,64,38,17,7,6
71,68,64,64,71,80,89,92,95,103,111,109,102,97,103,125,131,115,87,65,42,20,9,11
76,72,66,65,73,86,95,98,99,105,111,109,100,93,95,120,133,122,92,68,44,22,12,15
80,75,67,65,76,90,101,103,102,105,111,108,98,86,84,110,131,126,100,76,48,25,17,25
81,73,64,64,77,94,105,106,104,106,109,106,94,77,69,97,125,129,106,84,56,32,31,53
80,70,59,60,77,95,106,107,105,108,110,103,88,68,55,85,122,132,112,91,64,49,72,118
79,66,53,55,75,95,106,107,105,108,109,98,82,62,46,71,112,131,117,96,68,67,114,178
76,63,50,52,75,96,106,107,105,108,108,96,77,56,42,60,101,129,123,101,69,76,136,208
71,58,48,53,77,98,107,107,105,107,107,95,74,51,39,52,93,126,127,104,70,73,130,202
64,54,48,57,81,100,107,106,103,106,106,93,71,49,38,46,83,117,125,106,72,63,106,174
63,54,50,61,85,102,107,104,102,104,102,87,65,44,33,46,82,113,121,109,79,58,81,134
63,55,53,67,90,104,106,103,101,103,100,85,60,37,37,76,119,137,126,111,87,61,63,92
61,54,56,72,95,105,105,102,101,103,100,84,56,39,66,131,176,173,135,114,94,69,56,59
58,53,57,75,97,106,105,101,101,103,99,81,54,50,107,181,216,194,142,117,98,77,56,45
