155,149,134,102,57,27,34,56,87,127,155,154,135,116,103,91,93,100,94,61,65,76,89,101
145,140,124,92,47,22,29,50,78,115,151,153,135,115,103,91,93,101,94,63,66,74,86,99
127,122,106,76,36,17,24,46,71,98,137,148,135,113,102,91,94,103,98,67,67,72,81,92
109,104,91,65,29,12,23,56,84,90,118,138,134,111,98,87,93,105,105,72,64,67,73,79
98,91,82,63,30,11,28,82,123,104,101,125,130,107,90,79,89,108,110,75,60,60,66,68
91,78,66,51,29,14,37,107,163,134,100,113,118,98,85,79,93,112,112,78,61,65,75,78
89,76,57,43,33,21,46,120,183,160,111,109,109,93,86,83,96,111,108,81,73,87,109,120
92,81,63,51,50,45,71,134,183,161,116,108,105,93,89,88,99,106,99,81,79,99,126,144
93,83,71,66,74,88,114,150,167,139,109,104,103,95,92,92,101,105,94,79,78,93,117,136
82,70,62,69,93,133,156,159,142,107,95,99,100,94,94,96,107,113,102,84,77,82,98,114
59,46,45,61,89,136,157,150,124,94,99,115,114,98,98,98,114,128,123,96,79,75,83,96
42,31,30,47,76,124,152,143,112,90,113,140,135,106,101,99,116,131,127,101,81,68,65,69
49,39,34,41,64,108,143,141,110,89,113,145,142,111,101,101,118,130,119,90,70,60,53,47
76,69,59,55,65,97,137,149,127,90,90,123,132,110,99,101,122,133,115,73,52,52,50,37
100,94,91,90,87,101,144,175,161,99,62,96,122,110,95,96,122,141,126,75,43,43,48,39
100,78,71,83,99,106,138,170,163,100,56,93,123,108,91,91,119,146,140,89,45,42,50,44
74,54,42,50,70,88,116,139,136,98,74,106,124,106,90,88,114,147,152,107,53,45,63,71
51,43,32,25,33,56,91,120,127,108,94,105,109,97,88,85,106,141,161,130,66,49,73,99
49,50,41,25,16,29,73,122,143,119,92,79,77,80,81,79,92,127,162,151,84,52,69,100
62,59,47,28,14,20,58,106,128,100,69,56,58,63,65,67,75,104,145,154,102,58,47,60
70,68,53,29,13,16,41,73,90,79,70,64,60,56,55,69,76,93,125,148,115,67,43,50
71,72,56,31,14,16,32,53,69,80,95,88,70,56,54,74,85,96,116,140,125,80,47,46
64,70,57,32,17,18,29,45,66,89,115,106,82,63,57,71,84,95,109,128,129,96,59,48
55,65,56,33,19,19,27,44,66,91,113,106,87,71,58,60,70,84,99,115,127,107,73,54
