72,56,36,24,22,34,62,125,183,175,103,78,80,107,176,228,231,199,150,101,77,83,92,89
58,44,31,23,22,26,49,112,177,175,105,84,95,127,188,231,231,202,162,120,93,91,91,81
51,39,28,22,20,18,28,76,134,149,103,98,124,164,210,234,217,183,155,140,120,105,91,76
54,44,32,24,23,32,33,46,74,99,91,107,147,194,229,234,190,139,119,133,127,109,87,72
61,55,42,33,43,86,87,59,38,52,71,99,147,201,235,228,158,88,68,90,98,89,74,62
68,66,54,53,91,164,167,107,44,37,53,79,131,196,236,220,134,59,44,58,64,67,61,50
67,69,59,64,113,187,176,109,44,29,35,56,112,189,233,208,120,50,41,48,53,62,63,52
66,68,63,66,97,144,125,79,43,33,29,36,82,159,212,186,107,50,44,49,53,63,67,60
70,70,68,66,68,80,63,49,46,45,38,30,50,104,160,147,94,52,47,50,54,65,71,66
78,74,70,68,63,51,40,41,50,55,56,49,41,49,86,99,81,58,48,48,55,70,77,71
84,76,65,60,63,57,50,48,50,56,79,99,89,59,51,70,77,67,52,46,55,74,81,69
86,80,69,59,59,65,63,56,49,54,91,140,155,121,70,64,74,76,64,55,62,80,84,68
85,84,78,69,61,69,68,58,48,53,98,163,201,180,106,66,67,77,77,69,73,87,88,72
84,85,85,81,69,70,66,56,47,53,102,169,215,205,129,69,57,69,78,79,83,95,95,80
90,85,83,80,73,69,67,59,49,54,100,168,215,205,130,72,53,57,64,72,86,103,103,86
93,86,80,75,71,69,71,67,58,54,85,152,204,196,119,75,59,53,49,57,81,107,109,87
77,76,76,75,71,70,72,71,65,60,71,124,177,179,109,76,62,52,44,49,70,97,105,87
50,58,72,81,78,73,72,72,70,67,66,94,131,141,97,75,60,50,46,49,59,77,87,80
29,40,65,87,89,80,75,73,71,71,68,72,83,91,83,72,57,47,47,49,52,56,62,66
24,29,52,79,93,86,81,77,72,68,67,68,69,71,74,64,51,44,44,43,46,46,50,59
21,21,36,62,85,88,85,81,77,73,68,68,68,68,68,63,56,52,51,46,50,52,59,70
36,40,53,76,98,101,92,86,84,76,69,69,68,65,62,69,86,101,103,94,88,80,78,83
88,93,99,107,117,112,96,88,86,79,72,71,69,64,57,67,100,132,144,137,121,104,93,90
153,149,139,128,123,111,93,85,85,82,74,73,72,65,56,56,82,115,135,135,121,107,97,92
