184,161,127,107,116,133,144,165,199,231,242,233,182,111,75,74,61,35,12,6,9,14,15,12
193,171,133,105,108,124,138,159,189,217,237,234,191,127,92,85,69,42,16,6,9,15,16,13
195,181,147,112,101,112,129,145,157,172,208,229,210,160,117,98,80,55,27,9,8,12,12,9
185,186,163,128,104,105,120,124,116,113,158,210,224,194,148,114,92,69,39,13,7,7,7,4
166,177,170,144,117,107,109,103,85,70,104,177,224,218,184,143,110,77,42,14,6,5,5,3
127,138,144,139,128,108,94,84,74,68,87,155,215,234,221,188,138,82,35,10,5,6,7,5
87,91,99,112,123,103,79,69,75,88,103,159,216,243,239,215,151,77,23,6,5,9,8,4
65,61,62,76,97,86,64,59,78,108,131,175,220,246,244,221,149,67,16,5,7,10,9,4
61,51,42,47,63,61,50,53,78,121,160,197,229,247,244,221,149,68,19,8,7,9,8,4
58,45,36,35,41,44,42,50,79,133,185,221,242,249,246,230,166,88,34,15,9,8,6,3
54,44,35,32,32,38,44,59,96,159,209,235,245,247,243,227,168,94,42,30,27,19,10,5
53,44,33,26,25,35,59,98,148,199,231,243,246,243,229,204,146,80,38,38,44,36,23,17
64,54,39,28,29,45,89,148,201,231,242,246,244,232,203,167,117,67,36,37,44,39,33,36
81,70,55,48,58,72,116,178,228,243,245,246,237,210,165,122,85,55,35,30,31,29,34,48
76,76,74,86,115,108,114,162,223,244,247,247,228,180,119,76,46,29,21,24,29,28,30,37
54,60,67,88,120,107,94,141,216,245,246,246,224,171,101,48,21,10,9,16,25,27,22,17
34,41,49,62,79,75,75,128,205,242,246,247,230,188,128,61,21,5,5,12,19,17,11,6
24,30,37,45,62,85,106,142,189,225,242,246,232,203,170,105,45,10,5,12,16,12,5,3
22,28,35,53,98,154,179,175,169,193,223,233,216,195,193,157,81,21,7,16,24,19,9,3
22,23,29,62,133,205,213,180,150,156,179,187,171,157,181,187,113,35,14,28,42,33,15,5
35,26,27,67,150,209,182,133,107,112,111,112,106,104,132,173,125,53,26,47,63,52,25,8
44,35,32,65,137,174,129,85,78,87,72,69,73,79,92,154,146,90,44,56,66,55,31,11
48,50,44,54,97,114,79,60,74,87,72,69,78,81,74,149,178,137,72,63,66,56,33,14
51,63,53,42,57,61,47,56,87,101,87,91,98,91,73,154,203,173,99,73,75,63,36,14
