244,244,244,243,243,243,243,243,243,243,243,243,243,244,244,244,244,244,244,244,244,244,244,244
244,244,244,243,243,243,243,243,243,243,243,243,243,244,244,244,244,244,244,244,243,244,244,244
244,244,243,243,243,243,243,243,244,243,243,243,243,244,244,244,244,244,244,244,244,244,244,245
244,243,243,242,242,243,243,243,244,244,243,243,244,244,243,244,244,244,243,241,239,235,232,231
241,241,240,240,240,241,242,242,243,244,244,244,243,243,243,243,243,240,234,225,216,205,196,194
228,229,230,231,232,234,236,238,239,241,242,242,241,241,241,240,236,222,199,179,166,156,149,147
217,217,219,220,220,220,221,222,224,224,223,219,214,211,209,209,199,179,156,140,133,129,127,126
211,211,209,206,201,197,194,191,189,186,181,174,167,163,160,161,153,138,126,120,118,118,117,116
198,197,192,182,171,165,159,154,149,143,136,130,125,123,121,123,120,116,113,113,113,113,111,106
161,160,155,145,135,130,127,125,123,119,116,115,114,113,111,111,111,110,109,108,109,110,108,103
119,119,116,113,112,110,109,110,110,109,109,109,108,107,106,107,107,107,107,106,107,109,119,136
113,112,110,110,109,108,108,109,110,108,107,107,105,103,103,104,103,104,104,105,106,108,119,137
147,146,144,142,140,137,134,133,130,125,120,116,113,109,108,106,104,103,103,103,104,106,111,119
190,190,189,186,183,179,174,170,163,154,146,139,133,127,123,119,113,109,106,104,103,99,95,93
201,201,200,199,198,195,194,191,185,177,170,165,159,152,147,142,134,126,118,111,104,86,67,59
206,207,207,206,205,204,204,202,198,192,187,184,179,174,170,167,161,151,140,127,112,76,38,21
206,207,208,208,208,208,211,211,208,204,199,194,191,191,191,191,186,177,165,151,133,84,31,7
190,191,192,191,188,198,212,220,220,217,209,189,182,193,204,206,204,197,187,175,153,95,34,6
160,162,162,156,150,168,196,216,223,224,210,169,153,174,195,194,193,192,188,177,153,92,31,7
136,139,138,130,121,128,147,172,194,205,191,146,124,139,149,132,126,131,135,129,112,67,22,6
113,116,119,116,106,86,78,92,121,144,132,103,95,106,103,75,59,59,67,70,63,38,13,6
92,95,102,105,96,64,43,45,68,96,96,82,78,83,73,44,27,28,37,44,41,27,15,14
75,79,88,95,91,66,50,50,63,83,93,86,80,78,68,48,39,42,52,59,58,52,51,54
66,71,79,88,91,81,77,81,90,98,103,98,92,87,80,69,67,73,82,90,91,94,101,110
