204,199,202,211,218,221,222,218,200,170,174,211,240,245,246,245,243,242,240,239,239,238,236,234
203,196,194,196,193,189,184,180,167,144,151,196,232,241,237,231,223,217,213,212,209,205,203,201
189,187,183,175,163,150,134,123,119,119,140,184,218,220,200,181,168,162,165,168,159,151,144,136
176,179,173,161,147,128,103,89,94,117,151,186,206,197,162,140,126,128,144,153,136,122,108,90
179,178,168,155,148,130,105,95,108,137,177,199,203,189,158,152,143,152,180,188,163,147,129,101
197,187,165,148,145,130,113,100,108,149,190,209,208,194,176,175,169,178,205,209,187,177,161,135
200,186,160,141,139,125,113,106,123,174,205,215,213,207,199,197,193,199,213,216,206,201,187,164
181,165,143,132,135,123,112,119,151,195,212,217,216,215,214,212,210,211,216,217,214,213,199,176
150,132,117,118,130,123,110,127,167,199,211,216,217,217,218,218,217,217,218,217,215,215,200,172
123,105,96,105,121,119,107,113,144,183,207,216,217,217,219,219,218,219,220,218,216,215,195,160
99,89,90,102,114,117,106,94,108,166,207,219,219,219,220,221,220,219,219,217,214,208,176,128
92,93,98,107,117,119,105,100,124,179,211,220,219,220,221,221,221,220,219,217,215,204,163,108
96,102,108,115,122,120,108,123,165,202,216,219,220,220,221,221,221,221,220,218,218,204,159,104
105,109,115,120,122,115,112,147,197,213,217,219,220,220,220,219,220,221,221,220,221,208,163,107
111,113,118,122,119,103,113,157,204,214,217,219,220,219,218,217,218,220,221,220,221,208,165,110
111,112,118,120,108,91,123,175,211,216,218,220,219,217,216,215,217,219,221,221,220,210,169,111
134,134,134,125,107,105,149,193,213,215,216,217,216,214,213,215,216,219,221,221,219,209,166,107
171,167,161,148,134,146,177,198,203,204,204,205,206,208,212,214,215,217,218,218,218,208,171,122
192,186,183,180,177,187,188,186,184,186,189,189,191,198,211,212,210,210,210,208,210,205,182,151
174,175,182,188,185,182,172,168,171,175,182,183,183,189,202,201,195,190,189,189,191,188,173,153
154,157,165,173,176,171,152,141,143,147,161,169,171,167,164,157,157,159,161,171,178,180,163,135
124,128,135,144,151,151,134,122,120,124,137,145,145,138,134,132,146,158,163,171,178,181,160,123
107,112,120,126,127,129,123,118,117,117,121,121,116,115,129,142,162,176,177,178,179,180,160,124
113,122,129,128,119,117,119,125,128,120,116,109,101,107,143,169,184,187,181,178,176,175,159,131
