152,152,152,152,151,151,152,152,153,152,151,151,151,152,153,153,154,153,152,151,151,152,152,151
152,152,152,151,151,151,152,152,152,151,151,151,152,152,152,152,153,152,152,151,151,152,152,151
152,152,151,151,151,151,151,152,152,151,151,152,152,152,152,152,152,152,152,152,151,151,151,151
152,151,151,152,151,151,151,152,152,152,152,152,152,152,152,152,153,153,153,152,151,151,151,151
152,151,151,152,151,151,152,153,153,153,152,153,153,153,152,153,153,153,153,152,152,152,152,153
151,151,151,151,152,153,154,154,153,151,152,153,154,153,151,152,153,154,154,152,151,151,154,158
151,151,151,151,153,155,155,154,152,149,151,153,154,152,150,151,153,155,156,156,158,164,174,181
151,151,150,151,154,162,161,156,151,149,151,152,152,151,150,152,156,162,166,170,177,190,204,213
152,151,150,151,158,174,172,161,152,151,152,153,155,158,161,166,175,182,188,194,199,210,222,230
152,151,151,153,164,188,186,168,152,153,158,164,172,181,190,201,212,219,219,217,206,202,207,215
153,153,151,154,167,195,193,173,158,167,181,196,207,216,222,231,237,239,238,229,208,192,189,196
153,153,151,155,172,203,206,195,189,201,215,227,234,238,241,245,247,247,245,236,212,188,177,181
153,154,155,163,184,214,223,223,225,233,239,243,244,241,238,237,239,243,245,239,214,180,161,166
154,158,167,183,205,228,238,241,242,241,237,232,223,211,205,206,216,231,243,241,216,174,151,160
155,166,192,218,232,241,245,245,238,219,199,183,160,139,144,164,190,219,241,240,224,192,176,187
156,172,204,233,242,245,246,244,226,187,153,127,101,94,137,184,214,232,243,243,238,228,223,228
156,174,209,238,245,246,247,243,221,172,136,113,95,104,167,216,236,242,244,244,243,243,243,244
155,174,209,238,246,246,246,239,213,166,134,120,115,132,195,232,243,242,241,240,239,239,240,242
155,173,208,237,245,247,243,222,188,155,137,131,133,152,204,230,234,230,230,229,228,227,230,234
153,172,207,236,244,245,233,186,139,144,157,151,151,174,212,224,217,209,208,208,215,219,224,232
155,174,208,235,242,244,227,171,129,161,185,175,173,196,224,232,224,206,187,179,204,223,233,239
155,173,207,235,242,244,231,192,160,174,173,153,147,173,215,237,237,219,193,181,208,231,242,245
158,174,207,236,244,245,240,221,189,156,127,110,111,139,200,237,246,235,220,212,225,239,246,247
163,179,211,239,245,246,246,232,189,119,85,88,102,132,197,236,246,245,244,243,242,243,245,247
