112,113,114,114,115,118,117,118,119,121,122,123,124,125,124,123,121,119,118,117,119,125,124,115
113,114,115,116,117,119,119,119,120,120,121,121,123,125,125,123,124,124,123,120,132,146,140,116
113,114,115,117,117,116,116,118,121,119,117,118,129,142,135,129,138,138,119,107,142,170,161,126
113,112,114,117,120,116,119,132,141,130,114,120,150,176,161,142,153,149,113,93,131,163,160,135
111,107,106,117,133,129,141,169,185,158,115,128,173,204,188,156,152,143,114,93,102,118,130,135
108,99,96,115,152,156,172,197,207,180,126,125,153,174,166,141,126,118,109,96,88,93,118,150
128,121,116,127,154,157,162,170,170,154,123,114,116,119,121,115,102,93,90,79,73,80,113,156
133,130,127,129,138,140,140,139,137,129,106,89,75,68,78,89,79,67,64,63,81,99,131,170
124,123,125,126,126,126,126,129,132,129,94,68,55,54,64,77,70,59,60,76,115,134,152,180
125,126,133,138,135,130,125,128,138,144,107,79,78,92,94,93,91,93,106,133,157,151,144,156
136,137,141,143,136,121,106,108,124,138,124,121,135,145,126,133,145,153,160,180,184,156,123,113
133,141,147,141,117,89,77,98,137,160,153,164,178,174,142,133,136,136,135,155,166,145,113,96
116,133,139,124,93,69,65,93,133,153,147,160,175,168,136,115,112,110,106,120,141,139,126,118
97,116,119,103,83,77,79,92,108,117,112,123,138,138,117,106,120,127,116,115,132,141,148,157
94,101,104,101,100,102,103,105,107,109,109,111,112,111,107,122,163,175,145,129,133,134,143,165
106,108,108,106,107,109,110,110,111,112,112,111,111,113,116,144,185,191,163,168,145,115,106,119
110,110,109,108,108,109,109,109,110,115,124,129,139,151,161,186,209,208,191,193,146,105,90,94
107,108,108,108,108,108,107,106,108,119,145,167,187,203,211,225,231,228,219,200,138,97,83,83
105,106,107,107,109,108,107,105,106,118,154,193,218,228,229,228,225,224,219,190,133,90,70,69
109,109,107,106,107,106,105,104,103,106,121,151,177,188,188,174,158,155,164,163,144,99,63,57
109,110,109,107,106,105,105,104,103,103,106,117,130,140,142,120,100,97,112,132,132,101,73,73
102,103,101,99,97,97,97,97,97,99,102,104,108,112,114,101,90,88,96,109,112,98,85,87
95,89,80,71,68,67,67,68,70,76,83,89,95,100,102,101,99,98,97,97,95,92,90,91
95,78,56,38,30,28,28,30,33,40,50,63,78,92,99,99,96,95,96,93,90,87,87,90
