189,187,188,189,187,184,179,168,158,159,166,175,180,176,170,158,137,118,107,100,95,90,86,83
179,178,179,180,177,175,170,161,152,152,158,167,171,167,159,146,127,109,100,94,91,88,85,83
165,165,165,163,159,154,149,141,135,136,144,156,161,156,146,130,113,101,94,91,89,87,85,84
147,147,146,142,137,132,124,118,117,123,136,147,150,143,130,115,103,95,92,90,89,86,84,84
126,127,127,125,121,118,111,106,111,125,137,141,136,124,112,102,94,91,90,91,89,86,84,84
115,116,120,122,122,123,119,113,114,127,129,124,114,105,99,94,92,91,90,89,87,86,87,88
117,119,122,124,123,124,123,116,112,117,113,107,103,100,97,95,94,93,93,91,89,89,90,90
121,120,120,119,116,117,116,111,106,108,104,102,102,101,99,97,96,96,96,94,91,91,90,89
121,118,114,110,109,110,109,106,105,108,107,108,108,106,102,100,99,98,98,96,93,91,91,89
119,116,111,109,111,116,116,114,113,116,114,115,115,112,107,107,104,101,99,97,94,92,92,91
110,109,111,116,121,127,127,122,119,121,120,120,119,116,112,111,106,100,96,94,91,89,88,87
111,111,114,119,123,127,128,126,124,127,125,122,120,119,117,113,107,101,98,99,94,88,84,81
114,115,118,120,120,120,119,119,119,121,118,115,112,113,112,108,100,96,100,105,97,88,80,77
110,112,116,119,116,109,104,101,101,102,100,97,95,95,98,97,87,84,92,99,92,82,76,72
93,96,105,110,106,94,85,81,81,81,79,77,75,74,82,86,78,71,74,77,76,72,67,64
83,84,89,92,90,84,78,76,78,77,74,72,68,65,67,72,72,71,71,72,71,66,60,59
73,73,74,75,75,74,75,79,80,74,69,66,65,67,73,78,81,78,70,69,72,70,65,61
67,67,68,70,71,71,76,83,84,73,65,62,65,75,87,93,92,82,69,65,70,72,70,66
66,67,70,73,74,74,77,82,83,75,66,62,67,78,90,93,89,79,67,61,62,64,65,67
65,64,65,66,66,66,67,68,70,70,66,64,64,66,65,65,64,64,64,59,56,55,57,61
51,50,50,50,51,52,51,50,51,52,51,50,50,50,49,48,48,49,49,46,46,45,44,45
44,43,44,44,45,46,45,44,44,44,44,43,43,44,43,43,43,43,42,41,42,42,40,39
45,45,46,46,46,46,46,46,45,44,44,44,44,44,43,44,44,44,43,42,42,43,42,41
48,47,48,48,47,47,47,47,46,44,45,45,45,44,44,46,45,44,44,43,44,44,44,43
