177,176,175,174,174,181,181,177,178,187,206,217,222,223,218,206,196,187,179,172,173,176,174,168
177,176,175,175,178,188,189,187,187,198,214,223,224,219,210,199,193,188,182,176,180,184,181,174
175,175,175,177,184,196,198,196,197,207,220,224,221,213,201,193,192,192,188,182,185,188,186,181
175,175,176,180,189,198,199,197,199,207,214,214,210,203,194,189,192,195,192,183,183,184,183,181
178,178,178,182,188,191,190,188,189,194,196,195,192,189,187,186,190,194,189,176,173,172,172,171
178,177,177,178,180,180,179,178,178,180,179,178,176,173,172,174,180,184,179,166,161,160,160,160
176,175,175,176,174,173,174,173,171,172,170,169,168,164,162,165,169,169,162,151,147,145,145,146
174,175,177,177,176,175,177,176,173,171,167,167,166,161,155,155,154,151,144,136,131,127,127,130
173,176,178,180,180,180,181,180,176,170,164,163,161,153,145,142,139,134,130,125,119,115,115,118
174,175,176,177,178,177,175,173,169,162,153,149,143,134,128,128,125,123,121,120,116,114,115,118
172,172,171,170,169,166,160,154,149,144,135,129,125,121,117,117,118,118,117,116,113,116,121,123
170,168,165,161,158,158,153,144,136,135,132,129,128,127,121,121,124,126,123,119,115,117,120,119
159,156,152,150,150,153,149,139,132,135,137,139,143,144,136,133,133,132,128,122,119,119,118,115
147,143,140,141,144,146,141,135,134,137,139,144,151,153,145,139,134,129,124,120,120,120,117,113
146,144,141,139,136,135,130,129,131,133,131,135,140,140,132,128,124,118,114,114,116,115,111,108
146,145,141,136,131,129,126,124,124,126,123,125,128,126,121,121,120,116,113,112,109,107,107,108
143,142,139,134,129,127,126,124,123,123,122,121,122,121,117,117,117,115,112,111,109,109,112,115
138,138,136,132,130,129,129,128,126,125,124,122,121,119,114,113,115,114,113,113,113,114,117,120
129,130,129,126,124,126,128,126,124,125,124,122,118,113,107,107,109,110,109,110,112,112,114,117
106,105,107,108,106,107,107,105,105,113,117,112,105,100,97,95,95,94,92,92,94,95,99,104
95,92,90,89,85,82,84,86,88,94,97,90,84,83,82,80,79,77,75,75,77,81,88,93
85,82,79,77,75,75,77,80,82,84,83,78,75,74,73,73,72,71,70,71,73,76,79,82
75,75,74,74,74,76,77,77,78,78,76,74,73,71,70,70,70,70,70,70,71,72,71,71
68,71,76,78,74,74,72,71,72,74,72,71,70,69,68,66,67,68,68,65,66,66,64,63
