181,180,190,198,191,186,214,234,235,234,231,228,228,223,209,199,188,178,173,167,164,164,159,150
175,170,181,193,183,170,188,201,201,196,189,199,210,206,183,181,178,171,161,152,152,150,142,133
185,173,182,197,188,165,170,179,175,162,143,165,185,178,156,171,184,179,159,140,152,147,128,116
211,198,202,215,212,189,188,194,190,168,134,150,168,160,148,180,206,207,184,161,179,165,132,112
233,230,233,240,241,233,233,237,236,217,171,161,164,161,160,197,228,236,224,213,219,190,145,119
204,208,224,242,247,243,243,247,247,237,204,178,162,154,156,196,221,220,209,217,213,172,125,104
176,176,201,234,246,242,241,244,245,240,219,193,166,147,150,190,202,183,156,156,148,118,87,78
191,188,208,236,247,242,237,234,230,220,189,172,160,149,150,187,192,163,123,99,83,65,56,57
223,220,228,240,246,243,234,220,204,185,141,134,146,153,149,177,177,149,108,70,48,40,43,48
210,205,208,218,227,230,228,205,174,155,126,121,135,146,133,144,136,111,83,57,46,45,47,48
126,121,129,145,159,175,187,171,146,145,144,126,121,128,117,110,110,110,98,67,50,54,65,69
101,98,105,118,128,146,150,148,157,182,179,142,116,112,106,113,113,111,108,90,73,68,77,91
140,139,147,156,159,169,164,168,190,219,210,174,147,137,133,150,150,142,137,129,117,109,112,124
187,190,204,217,219,219,214,215,222,231,221,204,190,182,177,191,195,188,177,168,161,159,160,163
183,187,208,233,243,239,236,235,233,227,215,203,190,180,180,199,202,195,187,180,171,168,173,179
192,196,215,237,246,242,238,236,230,217,204,194,183,172,173,195,200,193,184,172,159,152,154,159
213,216,225,236,240,235,232,230,227,217,208,201,190,178,175,196,204,198,188,173,159,150,147,149
231,231,234,236,234,229,224,221,221,222,219,216,208,196,187,200,206,202,192,179,168,158,151,149
234,234,236,236,233,227,221,216,216,224,227,227,223,214,203,206,208,203,193,185,178,168,158,154
228,228,230,233,232,229,227,225,224,226,226,227,226,222,218,218,218,212,203,198,194,184,174,169
227,226,227,228,229,228,228,228,227,228,228,228,225,220,215,218,221,221,217,213,209,205,200,197
228,228,226,223,218,221,227,230,230,230,229,220,205,190,189,210,224,229,227,225,221,215,203,189
232,234,231,215,192,192,206,216,220,227,223,196,170,162,174,204,221,226,228,226,219,206,180,150
239,242,236,207,161,153,174,191,202,220,212,167,142,159,186,207,211,215,224,218,208,188,152,116
