67,67,66,69,80,97,104,107,108,109,111,113,116,120,125,126,127,129,130,131,131,130,130,130
69,69,68,70,77,91,101,106,107,108,109,111,113,116,118,119,120,123,127,130,130,130,129,129
71,71,71,71,73,82,94,103,106,107,107,109,110,110,109,109,110,114,119,123,125,126,127,126
72,73,73,72,72,75,87,98,104,104,105,106,107,106,104,101,101,104,110,114,116,118,120,121
73,73,73,73,73,73,81,92,101,103,103,104,105,104,102,99,99,101,105,108,108,109,111,113
73,73,73,73,73,73,76,87,98,100,100,101,102,102,100,100,100,101,103,105,105,106,106,106
71,71,71,70,70,70,73,84,96,99,99,99,99,99,98,98,98,98,100,101,102,103,104,104
63,63,63,63,63,63,67,80,94,99,99,98,97,96,96,96,95,95,97,97,98,99,100,100
50,50,50,50,50,51,59,76,93,98,99,98,95,94,94,94,93,93,95,96,97,96,96,96
34,34,34,34,35,40,55,75,91,96,96,95,95,94,92,92,92,93,95,97,98,97,95,95
22,22,23,27,35,48,66,82,91,94,94,94,94,94,94,94,95,95,95,95,95,94,93,93
21,24,30,40,52,65,78,87,91,93,94,94,94,95,95,96,96,96,96,95,95,95,94,93
36,40,48,58,70,78,84,88,91,92,94,93,93,94,94,94,94,95,95,96,96,95,95,94
58,61,65,71,77,81,84,87,89,90,91,90,91,91,90,90,91,92,93,94,95,94,94,94
66,68,70,74,77,80,82,84,85,86,86,87,88,88,88,88,89,89,90,92,93,93,92,93
69,70,72,74,76,77,79,81,82,83,84,84,84,85,86,86,87,88,88,90,91,91,91,91
69,70,72,73,74,75,76,78,80,81,81,82,82,83,84,85,86,86,86,88,89,89,89,89
69,70,71,72,73,73,75,76,77,79,79,79,80,80,81,82,83,84,84,86,86,86,87,87
70,71,71,72,73,73,74,75,75,76,75,75,75,76,77,78,79,80,81,82,82,83,84,84
70,70,70,71,73,73,74,74,74,73,72,71,71,72,73,74,74,75,76,76,77,78,79,80
69,69,70,70,70,70,71,71,70,69,69,68,67,68,70,71,72,72,73,73,74,75,76,77
66,66,66,66,66,66,67,66,66,65,65,64,64,64,67,70,70,70,71,72,73,74,74,75
63,63,62,62,62,63,63,63,62,63,63,62,62,63,66,70,71,70,71,73,73,73,73,74
60,60,60,60,59,60,61,61,61,62,63,63,63,65,68,73,73,73,74,77,76,73,72,73
