85,80,81,98,128,151,165,170,169,166,178,176,147,107,92,106,113,113,111,109,120,130,133,131
89,83,81,91,115,136,152,160,158,151,159,156,131,99,92,107,112,107,102,99,110,126,144,156
99,92,83,81,91,105,124,138,137,124,125,122,107,90,90,105,110,105,102,110,133,159,182,196
108,101,87,74,71,76,93,108,108,96,94,94,93,90,94,108,117,122,130,154,184,208,216,213
112,105,89,73,66,65,73,79,81,80,84,93,101,107,114,126,143,164,187,211,226,228,212,188
110,104,90,75,67,65,68,74,83,96,105,117,127,135,147,166,187,207,224,226,219,205,184,163
113,108,94,79,71,71,75,83,97,116,125,130,129,129,143,171,188,204,218,207,194,190,187,179
105,102,92,81,78,84,92,98,107,121,124,121,114,112,128,162,172,185,205,195,188,197,206,202
89,89,88,87,87,94,104,107,106,110,109,111,110,111,124,158,166,177,204,206,208,219,224,217
84,87,94,98,95,92,97,101,98,95,103,129,141,135,138,169,179,191,215,231,237,239,234,225
97,99,99,93,83,80,85,90,93,97,116,152,161,147,154,184,205,221,235,244,247,246,241,235
97,95,88,78,72,74,82,97,118,138,145,158,160,157,177,208,228,239,245,248,249,243,236,231
92,85,75,68,68,72,84,111,147,176,173,167,166,173,196,222,234,238,240,244,246,237,225,217
90,80,70,67,70,72,86,117,156,177,176,171,173,184,198,208,212,215,223,231,236,227,209,196
92,82,72,70,74,74,88,117,141,139,139,140,148,161,172,162,161,176,200,209,213,207,189,170
91,85,79,82,90,93,112,136,140,111,97,95,103,117,128,130,141,159,176,185,195,195,182,166
92,90,93,101,108,108,119,126,116,89,78,82,100,125,149,164,178,185,183,182,185,186,182,176
94,99,113,124,118,104,100,97,93,92,98,116,144,175,199,215,221,214,197,184,170,168,176,183
100,110,132,142,118,85,71,75,95,127,152,178,202,218,221,224,220,208,191,175,147,145,164,180
118,126,142,147,124,88,72,82,118,172,204,220,217,198,175,171,165,161,159,153,132,136,160,180
129,134,134,133,130,112,94,88,110,163,195,200,177,140,115,109,113,131,153,155,149,161,184,199
112,116,113,111,119,118,106,89,89,117,139,146,131,105,91,91,103,126,153,168,180,194,203,199
82,87,88,91,100,107,104,88,73,77,93,117,127,118,108,109,120,136,155,172,193,209,204,183
65,67,71,79,90,96,98,86,70,68,89,133,161,156,136,131,136,146,156,163,181,203,198,167
