91,95,101,106,109,112,113,113,115,119,122,125,131,141,151,158,158,153,148,150,154,158,161,163
87,91,98,105,110,111,111,110,111,115,119,123,131,140,150,155,154,150,146,147,151,154,157,158
82,85,92,101,109,111,112,112,111,113,116,122,131,140,147,149,147,143,140,141,144,148,152,154
78,79,85,94,103,109,114,116,117,116,119,124,132,139,144,142,138,135,133,133,138,144,150,154
77,77,80,86,94,103,111,118,122,124,126,129,134,139,142,139,132,127,125,126,133,144,153,158
74,75,77,81,88,95,102,109,115,121,127,134,140,144,143,140,134,127,120,119,126,138,149,157
71,72,75,79,85,92,98,102,107,114,121,130,138,143,143,140,135,128,121,120,125,135,147,157
68,70,73,77,82,89,94,98,103,109,116,123,131,139,142,141,137,131,126,125,128,137,151,164
68,69,71,74,78,84,90,96,102,109,115,120,126,134,141,145,143,138,133,132,134,143,159,174
73,73,73,74,76,80,85,92,100,109,118,125,128,132,140,149,151,146,140,138,143,153,167,180
82,81,81,81,82,84,88,93,100,109,121,128,130,129,135,144,150,151,151,152,156,162,172,183
89,89,89,90,90,92,95,98,102,108,118,124,124,123,127,137,148,157,161,162,160,161,168,178
95,95,95,95,95,98,101,104,106,108,114,117,117,118,122,132,144,153,159,159,155,156,164,176
101,101,99,96,96,100,105,107,108,110,112,113,113,116,120,128,136,142,146,147,147,152,164,178
103,105,103,98,94,97,102,106,108,111,114,112,112,116,122,127,131,135,139,142,146,151,160,172
97,97,97,94,92,94,96,99,104,112,120,119,117,119,123,127,132,136,141,145,149,150,153,160
97,96,97,98,97,94,94,97,106,117,128,127,123,122,128,132,136,139,143,145,149,150,151,153
97,98,101,103,102,96,93,98,108,122,131,131,127,127,135,141,142,142,141,138,141,147,152,153
95,97,101,103,101,94,92,97,106,119,127,128,128,132,141,147,146,141,135,129,135,147,156,154
92,93,94,94,93,92,93,96,101,110,118,121,123,128,137,138,135,131,129,134,148,160,158,145
98,98,97,96,94,93,94,96,100,105,110,111,113,117,121,118,113,113,122,142,160,168,159,142
101,101,100,100,100,101,102,102,102,101,102,104,107,111,111,107,104,106,117,138,155,165,161,147
100,101,105,109,109,107,106,104,100,97,100,103,107,110,109,106,105,106,113,130,143,151,151,144
98,101,112,120,115,104,100,97,95,96,105,107,108,109,110,108,106,107,112,127,136,136,131,127
