110,110,111,114,116,116,117,121,127,133,137,141,144,145,139,127,117,113,114,114,112,110,109,106
107,107,108,111,113,112,110,112,117,123,126,130,134,136,132,123,115,112,111,110,109,108,107,105
103,103,104,107,110,108,104,104,108,112,113,116,119,121,119,114,109,107,105,104,104,104,103,102
102,101,102,105,109,108,105,104,107,110,111,112,113,113,111,108,104,101,99,98,99,100,101,101
105,104,104,106,109,111,111,113,117,122,124,125,123,119,115,111,106,100,96,95,97,101,104,107
107,107,108,109,112,115,118,123,129,135,137,136,131,124,119,115,110,104,98,97,100,107,114,118
108,110,111,112,115,119,123,128,136,144,146,145,140,133,126,120,113,107,102,101,105,112,121,125
109,110,112,115,118,122,125,129,136,145,150,150,146,141,134,126,117,110,107,106,108,114,121,124
107,108,112,116,120,124,126,127,131,138,143,146,145,143,139,131,122,116,113,112,112,115,119,119
104,105,109,114,119,123,125,125,125,126,128,131,135,139,139,134,128,125,124,122,120,119,119,119
98,100,105,110,114,118,121,120,119,118,117,119,123,129,132,134,135,138,142,140,134,128,124,123
93,95,100,106,110,114,116,116,114,113,112,113,116,120,125,130,135,141,148,151,146,136,127,123
91,93,98,103,107,110,112,112,112,111,110,111,113,116,120,126,131,136,141,145,144,136,126,121
92,94,97,101,104,107,108,109,110,111,111,111,113,115,118,121,125,128,129,130,131,129,122,117
93,94,97,100,101,103,104,106,109,112,116,117,117,116,117,119,121,123,124,125,127,124,118,114
92,93,96,98,100,100,102,106,112,121,128,130,126,120,120,120,122,123,125,126,125,120,114,109
90,92,94,96,98,98,100,105,115,128,138,138,130,122,120,121,123,126,126,122,117,111,104,100
87,88,90,92,92,94,96,101,110,123,132,131,123,115,114,115,119,123,123,116,108,102,96,92
82,83,85,85,84,86,88,93,99,106,112,112,108,104,104,105,109,113,115,111,106,101,96,92
77,78,79,79,77,78,82,86,90,93,96,98,98,98,98,98,101,105,107,108,110,111,109,105
73,74,75,76,75,75,78,81,83,85,88,92,95,96,95,94,95,97,99,103,110,116,118,115
71,71,72,73,73,74,76,78,80,81,84,88,92,94,92,90,90,91,93,98,104,110,113,112
70,70,70,71,71,73,75,76,78,79,81,84,87,90,89,88,87,88,88,92,96,99,101,102
71,71,71,70,70,72,73,75,76,78,79,80,83,86,87,87,87,87,86,88,90,92,93,94
