75,76,78,81,85,89,95,100,103,106,112,117,121,124,125,122,116,108,103,106,115,124,125,120
74,74,76,79,83,88,94,98,101,106,112,117,120,121,121,120,115,107,102,105,115,122,122,118
72,72,74,77,82,87,92,95,98,104,111,114,116,116,116,116,113,107,102,105,113,117,116,112
72,72,73,77,81,86,90,93,96,101,108,110,110,111,111,112,111,107,103,104,108,109,107,106
71,72,73,76,81,84,87,91,94,98,103,104,106,108,110,110,109,106,103,103,104,102,99,99
73,72,72,74,78,82,86,89,93,96,98,100,103,107,110,110,109,107,104,103,102,99,96,95
74,73,72,73,76,80,84,89,92,94,96,96,99,104,109,110,110,108,106,102,100,97,96,95
73,72,71,73,77,80,84,88,91,92,93,94,95,99,105,107,108,107,104,99,97,96,96,96
71,70,70,73,78,81,86,90,91,91,91,91,91,94,99,101,104,105,101,95,94,95,95,96
71,70,70,74,80,85,89,92,92,90,89,87,87,90,93,94,99,102,100,94,93,94,96,97
77,75,75,78,83,86,89,91,90,87,85,83,83,84,86,88,94,99,98,93,91,91,94,96
83,82,82,85,86,88,89,90,88,84,82,81,81,81,82,85,92,96,95,91,89,89,91,94
87,87,89,90,90,90,91,91,90,86,84,83,82,81,82,86,90,93,92,89,86,86,88,91
87,88,90,92,92,91,92,93,92,90,89,86,84,84,86,88,89,90,88,86,85,85,87,90
83,84,86,89,89,88,90,91,92,91,90,87,85,86,89,90,91,89,87,86,87,88,91,93
78,78,81,83,84,84,85,87,89,89,89,88,86,86,88,91,91,91,90,91,91,92,95,95
71,72,74,77,77,77,79,82,86,86,87,86,85,84,85,88,89,90,91,91,91,93,95,95
64,66,69,71,71,72,74,78,82,83,83,83,82,81,82,84,87,89,89,90,91,93,95,95
59,61,64,67,67,68,71,75,78,79,78,78,79,79,79,81,84,86,88,89,90,92,94,95
56,57,59,62,64,66,69,71,72,72,71,71,72,72,73,75,78,82,85,88,90,90,91,91
55,56,57,59,61,63,66,67,67,66,66,65,64,64,65,67,72,77,81,85,87,86,86,86
55,55,55,56,59,61,62,62,62,62,62,62,61,60,60,63,68,73,77,81,82,82,81,80
52,52,53,54,56,57,58,58,58,59,59,60,60,60,60,62,66,71,75,76,77,77,77,76
49,49,50,52,54,55,55,55,55,57,58,59,60,60,61,62,66,70,73,74,75,75,75,75
