167,175,171,159,151,155,173,195,215,226,228,227,223,217,210,208,204,201,201,199,197,196,201,211
182,185,180,169,162,164,173,183,195,207,214,219,219,215,206,203,200,197,195,191,188,187,196,210
204,203,195,184,176,176,176,170,162,162,172,188,197,196,189,193,195,193,188,181,181,184,193,204
209,204,196,187,181,188,191,178,156,140,145,164,178,180,176,185,193,191,180,169,173,182,191,196
181,177,172,169,175,195,213,214,198,179,172,179,188,190,184,193,201,195,176,158,162,173,184,191
155,149,143,145,160,185,208,221,224,223,218,209,204,206,213,219,217,209,194,171,167,175,186,194
166,163,156,153,161,180,202,217,226,229,221,206,194,194,211,227,230,226,215,184,168,173,187,195
182,180,176,171,171,180,198,213,220,220,208,189,176,179,200,224,235,238,231,202,173,165,175,184
187,185,185,184,183,189,202,213,215,211,196,176,164,170,191,216,231,239,238,220,186,163,157,161
188,186,188,192,195,204,214,215,208,200,190,174,163,164,179,200,218,230,234,228,206,182,158,143
187,187,190,194,199,207,211,205,193,188,193,189,176,162,165,184,204,218,224,220,216,210,195,176
183,183,183,183,185,191,197,198,193,192,196,190,172,155,161,184,199,201,195,189,195,205,208,204
197,194,185,171,163,167,182,196,202,199,193,182,166,158,171,194,202,192,172,156,162,176,189,196
218,212,192,165,147,153,176,197,205,196,181,172,170,175,189,207,210,197,172,147,143,151,162,166
207,199,180,160,152,162,181,194,194,178,163,167,181,195,204,217,220,213,196,172,158,155,157,158
177,176,171,166,169,180,189,193,189,175,162,167,182,196,203,211,213,211,203,185,166,153,148,149
181,182,181,181,185,193,197,195,188,176,164,167,180,193,202,208,210,210,206,190,170,153,144,145
196,197,196,195,194,197,195,189,181,173,165,167,177,189,200,205,209,211,208,195,180,163,152,152
199,200,201,200,197,192,183,173,165,164,163,166,173,182,191,198,203,207,207,201,192,178,169,168
194,194,195,196,193,184,171,158,151,155,158,161,164,170,177,188,195,198,198,194,189,183,181,183
187,185,185,186,185,179,167,155,148,150,153,155,156,161,170,182,187,187,184,180,181,184,190,194
176,173,173,177,178,174,167,158,151,148,147,147,151,157,167,178,179,176,172,169,171,179,188,194
175,168,166,169,171,171,172,170,163,153,142,138,142,150,160,169,169,165,163,162,165,170,176,180
184,173,165,163,166,171,179,182,176,160,140,130,131,139,150,157,158,156,158,160,162,162,162,163
