69,69,70,74,84,99,119,142,159,167,175,187,202,213,211,198,179,157,136,119,114,111,105,97
68,68,70,74,84,100,119,138,153,163,173,185,199,209,208,197,176,154,137,123,115,109,99,88
66,67,69,75,86,102,115,124,132,147,162,175,190,201,203,190,164,143,136,132,123,113,99,87
67,67,70,76,87,100,107,105,106,125,147,165,182,194,195,175,144,126,128,136,132,121,107,96
69,69,71,77,85,93,96,93,95,116,147,169,184,193,189,158,123,108,116,132,134,126,116,110
74,74,75,78,83,89,94,101,117,146,178,195,201,201,193,159,125,112,122,132,130,124,116,111
78,78,80,82,86,95,108,128,156,184,207,217,221,218,207,176,148,137,142,143,132,122,115,110
82,82,84,87,97,115,135,156,176,195,214,227,232,227,213,191,174,166,163,151,134,124,117,112
86,85,85,93,114,142,161,170,173,180,202,222,231,224,210,200,193,187,174,153,134,125,120,115
89,85,85,99,131,163,172,167,161,165,188,210,220,216,210,206,202,193,175,150,129,119,115,112
84,81,84,101,132,154,156,151,152,161,179,197,207,211,211,209,204,190,165,136,119,112,111,112
79,79,84,100,123,137,136,137,147,161,175,190,202,208,210,212,213,201,173,139,124,119,117,116
82,84,88,97,112,127,130,136,148,161,172,188,199,203,205,214,223,219,196,162,141,131,125,121
93,94,95,97,107,128,140,148,152,156,167,181,187,188,196,213,229,232,218,184,157,139,128,122
103,105,105,105,112,133,150,155,151,147,156,164,165,166,185,208,222,225,214,181,152,134,124,117
110,112,113,112,117,130,141,145,142,142,149,159,167,176,193,205,213,217,206,171,142,129,123,114
114,117,121,124,130,136,136,134,136,141,152,169,187,201,208,208,209,210,203,178,154,142,133,123
119,122,129,137,145,149,145,140,139,146,158,179,199,213,215,211,209,208,204,190,174,163,155,147
121,125,132,142,152,160,162,157,150,151,162,178,193,202,207,210,209,208,205,196,188,184,182,180
114,118,124,132,143,159,168,164,153,149,160,173,183,192,200,206,209,209,207,202,199,199,200,202
101,106,116,128,141,154,156,146,139,145,166,178,184,191,197,203,207,210,210,209,210,211,213,215
96,102,114,128,140,149,142,130,128,145,170,182,189,195,198,202,207,210,212,213,216,218,220,222
103,108,118,131,141,148,142,132,132,151,171,183,191,198,200,203,207,210,213,216,218,221,223,225
112,116,124,133,143,154,153,146,145,158,173,182,189,195,201,204,207,211,215,218,220,222,225,228
