84,74,74,83,89,78,72,70,70,69,71,72,69,62,55,50,50,53,58,61,57,50,41,34
108,99,104,119,122,99,79,67,62,63,69,71,68,63,57,54,59,68,75,77,69,57,44,36
140,135,139,148,148,132,100,71,58,60,67,68,66,66,69,70,77,86,90,82,75,62,48,37
151,146,140,137,140,149,123,84,60,61,64,63,67,80,95,93,91,91,86,70,66,59,47,36
127,116,101,92,101,135,131,96,63,61,60,60,77,109,132,114,93,77,65,52,50,48,42,35
86,81,75,73,82,121,128,95,56,55,54,67,100,138,153,132,102,75,58,51,48,49,47,43
67,69,69,68,74,108,115,85,50,49,51,80,122,154,158,137,106,77,59,54,53,60,62,52
66,68,69,68,72,96,95,70,43,42,47,88,133,154,146,120,100,82,66,57,61,79,81,58
72,70,69,69,75,90,78,56,39,37,44,90,133,144,123,94,91,94,84,67,75,101,101,68
73,69,67,72,86,98,74,51,43,39,44,92,132,132,97,76,88,111,115,89,96,120,120,90
71,69,69,80,102,101,69,55,60,58,52,93,127,118,78,67,75,95,112,104,123,145,146,129
69,68,72,90,116,97,70,70,85,80,66,88,107,97,67,63,66,77,92,104,135,142,133,129
68,68,78,100,118,87,73,84,100,94,77,79,82,75,62,62,65,69,82,107,132,120,107,118
69,72,89,107,106,75,74,85,91,87,77,68,63,60,60,63,65,70,83,108,113,93,91,118
67,81,102,107,84,66,68,66,59,60,61,55,51,54,59,60,61,67,78,87,78,70,89,126
68,82,93,86,66,61,62,55,48,53,57,52,47,48,50,49,51,59,65,62,55,61,93,133
58,69,73,67,58,65,69,65,61,64,63,55,48,46,44,42,44,47,50,49,49,59,93,135
46,51,54,54,55,70,78,77,74,75,75,65,54,48,43,46,47,46,46,50,53,64,96,137
40,42,44,46,52,70,81,78,73,79,88,83,70,57,50,56,58,55,54,57,59,71,104,144
46,46,45,43,46,63,78,76,71,84,102,110,100,79,64,61,57,54,55,59,61,74,110,150
50,52,49,44,43,54,74,78,76,90,108,123,124,108,81,62,54,54,57,58,56,68,106,151
49,52,50,45,42,46,66,76,79,88,98,111,120,112,78,58,53,57,61,59,53,60,93,134
46,49,48,45,41,41,55,67,72,75,77,83,90,88,64,54,55,60,63,61,55,56,75,100
44,46,46,44,42,41,46,54,60,59,59,57,59,60,54,54,58,62,62,62,60,59,62,66
