42,55,80,106,126,144,126,110,119,151,181,190,190,191,188,133,95,81,78,69,70,70,67,64
77,88,105,116,114,107,92,87,97,118,151,178,190,191,189,139,98,80,79,74,70,68,67,65
127,130,122,103,83,67,66,76,87,95,115,154,183,192,190,153,104,75,74,73,66,61,60,58
164,148,111,73,56,51,63,80,91,91,93,128,169,193,188,159,103,65,62,62,56,52,50,49
166,129,81,51,50,58,71,85,95,94,88,110,155,191,182,148,91,54,52,48,47,45,45,48
107,81,56,44,44,56,72,87,95,93,82,99,144,188,187,144,80,48,58,58,51,50,53,55
60,54,48,45,46,55,71,85,92,90,77,89,136,188,191,147,84,54,66,64,56,56,61,64
43,47,50,50,51,59,73,86,92,88,76,92,140,191,193,149,89,58,63,57,54,56,62,68
48,52,55,55,55,64,78,90,95,88,78,105,154,194,192,141,84,53,51,47,50,54,60,67
59,58,56,55,57,66,81,94,97,89,80,117,165,194,187,121,66,44,46,49,55,59,62,66
62,58,54,51,53,63,81,94,98,90,78,121,173,196,180,109,67,57,60,60,69,70,66,65
64,59,53,48,48,62,81,95,99,95,86,134,185,198,169,103,73,69,69,68,69,63,67,83
62,57,51,48,49,67,86,95,94,91,91,141,190,196,153,98,79,76,72,70,71,60,68,100
66,62,62,63,62,75,90,89,78,77,93,146,191,188,133,90,79,81,81,83,96,80,79,113
95,96,107,109,86,81,84,75,61,68,108,167,197,173,114,81,77,92,112,126,150,129,113,134
128,137,159,164,134,109,89,74,68,79,116,173,193,161,117,95,95,124,161,158,175,170,163,175
125,147,175,181,158,152,136,121,117,129,149,182,193,178,160,153,154,170,190,183,190,191,191,196
94,120,153,171,168,181,182,171,157,154,166,184,193,194,196,191,187,188,193,196,198,198,198,199
62,78,111,142,157,169,183,176,147,121,137,165,180,180,181,164,152,159,180,196,199,198,196,194
60,67,79,87,91,105,129,123,90,70,82,118,139,131,111,84,75,108,169,191,197,193,189,190
70,71,73,73,73,79,92,87,62,37,41,63,77,73,63,54,75,127,181,183,167,144,142,164
73,70,67,68,75,77,101,99,66,31,29,43,54,54,50,60,111,167,188,160,128,109,121,151
65,61,58,64,78,88,135,146,109,61,42,45,54,57,54,76,128,161,147,109,96,111,140,164
55,51,52,60,75,100,159,187,162,105,59,45,50,56,57,84,111,109,78,51,83,134,176,192
