44,71,104,129,140,144,147,122,106,149,153,145,139,137,132,138,144,115,52,13,7,17,66,139
40,48,74,112,146,149,141,104,86,142,163,157,147,142,136,141,148,122,61,16,7,16,68,143
48,35,48,96,150,153,142,92,62,120,172,175,164,160,156,154,149,124,73,21,8,14,55,116
80,49,41,79,139,151,145,91,45,88,155,170,170,175,169,160,146,119,76,23,10,11,32,65
120,77,42,55,109,136,135,87,36,53,100,122,143,162,153,151,143,112,62,20,12,12,15,22
105,68,34,39,84,109,98,59,25,23,35,47,83,127,138,155,153,109,43,16,11,12,14,14
52,36,23,42,100,136,125,92,63,50,49,41,50,82,122,146,129,81,32,25,16,13,14,14
53,39,24,36,87,134,127,98,78,78,77,52,33,41,78,107,100,72,51,52,26,14,14,14
109,75,35,26,64,108,98,68,60,87,93,59,25,16,29,68,93,99,94,85,38,14,12,12
150,99,42,36,92,122,98,55,45,90,108,73,32,14,19,63,115,142,133,106,45,14,11,11
149,94,39,44,118,162,150,94,52,79,105,88,48,16,14,46,114,159,149,115,50,17,10,7
101,67,33,45,108,139,120,74,39,49,75,83,61,27,16,51,131,179,166,139,73,28,10,6
70,66,52,53,83,110,98,74,61,69,91,108,96,56,23,62,146,192,171,148,103,53,19,8
86,100,87,61,59,98,105,101,106,126,143,151,132,84,30,60,138,177,155,137,128,86,35,10
133,135,97,48,39,65,74,78,93,125,137,137,114,69,27,45,98,129,124,129,142,108,50,14
152,140,87,31,18,24,29,30,35,47,53,55,48,37,36,46,78,106,113,113,120,93,47,14
118,121,82,29,12,23,45,45,32,35,42,43,44,58,85,78,90,110,122,129,131,99,50,16
97,110,83,35,16,46,92,96,74,81,89,80,81,103,126,105,99,100,102,120,125,102,58,21
126,128,95,48,33,67,121,133,121,137,143,119,111,129,136,119,100,74,53,73,85,87,64,28
166,163,127,85,72,71,102,128,144,161,167,138,113,116,140,148,130,86,47,63,73,79,65,37
132,121,108,101,95,60,56,80,119,152,144,104,68,62,89,112,106,89,83,98,109,113,89,46
114,99,105,120,113,65,34,40,78,120,118,85,45,27,48,87,107,115,123,124,127,129,99,47
118,107,116,133,127,86,37,28,64,111,114,95,57,28,48,104,125,126,130,137,137,139,110,57
122,121,124,132,133,104,47,37,85,138,128,115,80,47,75,142,133,102,107,144,153,159,132,77
