52,50,43,38,43,41,43,47,49,47,43,42,44,45,46,44,42,42,42,39,40,41,39,36
49,49,45,42,44,46,48,46,42,40,40,43,43,41,44,43,42,41,41,40,40,41,39,37
46,47,48,47,45,43,42,38,35,40,41,42,40,38,43,43,41,40,39,39,38,39,40,38
47,49,50,48,41,35,32,32,37,45,45,42,40,41,45,43,42,41,39,37,36,38,40,39
47,49,49,43,34,33,35,40,48,50,47,45,46,48,46,42,43,44,42,40,39,38,38,39
30,35,38,36,34,39,43,48,52,53,52,46,39,35,35,39,42,42,40,44,45,44,44,43
24,26,31,37,43,43,44,47,48,47,44,38,30,23,23,27,29,31,35,43,40,38,40,43
26,28,34,41,48,45,45,45,46,44,37,31,26,22,23,26,27,30,36,43,39,37,39,43
36,40,43,45,47,46,45,45,46,46,39,34,32,32,33,36,37,39,42,44,43,42,43,44
51,51,49,48,49,45,43,42,44,47,47,45,45,46,42,43,41,41,43,44,45,45,43,41
49,47,44,46,50,42,39,41,44,46,49,50,51,48,39,34,33,35,39,41,42,41,37,31
42,42,45,49,52,46,43,44,46,47,47,49,51,52,48,44,39,38,39,40,43,42,39,37
41,42,48,53,52,48,47,48,49,51,48,49,51,52,52,49,44,40,40,41,43,44,45,46
45,46,49,51,46,45,48,50,52,54,53,52,49,46,43,43,43,42,42,43,42,45,46,45
47,47,47,44,38,41,48,53,54,56,57,51,44,39,33,39,46,49,46,45,43,44,42,34
49,46,43,41,42,42,49,54,53,49,53,49,45,44,40,36,42,47,46,44,44,46,42,33
45,41,38,41,47,49,56,59,54,46,47,46,46,47,43,34,36,42,44,43,43,47,47,44
37,36,37,42,48,53,56,58,55,51,49,46,47,47,42,39,40,43,43,42,42,45,49,50
33,36,41,44,44,47,47,48,51,56,54,49,45,44,41,49,51,48,44,40,40,43,45,45
38,42,45,44,40,40,41,43,45,47,48,44,41,42,44,49,50,46,42,40,39,42,45,44
39,42,45,45,45,45,45,43,40,38,40,39,39,41,41,42,43,43,42,42,41,43,44,43
47,45,44,44,46,46,45,43,40,38,38,38,40,41,38,38,41,43,44,42,44,48,47,40
50,47,43,42,44,44,43,43,44,44,42,41,41,41,39,40,43,46,47,45,48,50,45,37
42,43,44,43,42,44,43,44,47,50,48,44,41,41,41,42,46,50,52,50,51,46,40,37
