48,46,44,38,30,36,65,75,71,79,61,65,76,86,98,75,49,51,73,68,56,47,50,63
40,38,37,32,27,44,70,72,61,64,57,59,66,73,83,71,48,42,58,62,59,51,50,56
26,26,27,26,26,50,79,83,66,51,51,52,55,62,65,62,48,38,41,45,49,48,48,52
20,20,22,25,31,47,73,83,69,44,41,40,44,48,47,48,46,41,34,31,35,43,51,54
26,24,24,29,37,38,46,53,51,39,30,28,29,29,28,31,38,41,37,30,31,45,57,59
28,23,18,20,29,35,39,38,39,50,43,36,30,24,22,26,34,36,30,26,28,39,50,56
29,26,23,22,28,42,57,48,35,50,46,35,28,26,26,25,33,37,29,24,33,44,50,50
37,41,45,45,44,48,55,46,32,37,35,32,30,30,31,32,39,40,30,26,39,50,52,47
50,60,71,71,60,44,35,33,33,29,26,34,38,32,32,40,47,45,36,34,43,53,55,49
58,66,75,73,55,36,28,34,44,43,37,42,42,33,28,35,48,55,53,47,49,57,59,54
51,51,56,63,62,47,34,29,35,48,49,41,34,30,28,36,44,48,50,52,53,61,61,48
44,41,48,56,55,53,47,36,29,36,39,31,24,25,36,50,47,38,35,37,39,54,62,53
47,42,45,48,40,44,53,47,31,26,26,24,24,29,40,54,52,40,31,31,27,41,58,61
56,47,42,39,29,32,51,53,38,26,28,28,35,44,39,47,58,55,43,42,30,35,51,61
62,52,38,30,32,38,49,50,41,34,44,41,44,53,43,53,69,68,54,54,40,43,52,53
73,70,52,34,36,38,40,42,40,36,42,43,43,47,53,63,77,73,55,61,60,63,69,72
64,66,58,49,47,38,36,36,34,32,38,49,48,44,59,70,80,70,47,52,59,62,66,72
58,57,59,60,54,38,36,33,28,32,44,52,48,42,57,68,75,67,50,47,50,48,49,54
63,59,60,60,49,35,37,34,29,39,54,47,37,37,46,54,59,63,62,52,48,42,37,36
57,59,59,53,40,30,35,40,40,43,49,36,26,27,30,29,32,43,52,44,57,63,53,34
43,45,48,45,37,34,33,33,35,37,39,28,19,20,22,21,20,24,31,32,50,57,46,28
41,43,43,40,36,38,33,30,33,38,39,28,20,22,24,27,29,33,39,37,38,38,35,29
39,40,37,32,31,32,30,32,38,42,41,36,31,29,33,42,43,48,56,49,35,31,35,37
28,30,27,24,25,20,21,34,47,41,38,46,45,36,40,54,50,49,59,52,46,44,45,46
