182,175,161,148,141,119,81,48,34,41,44,44,44,50,62,77,55,31,29,30,37,57,61,40
171,162,148,136,125,101,83,64,47,42,44,45,44,45,55,75,57,32,25,27,35,55,60,42
159,151,141,129,110,81,85,80,57,38,43,45,42,40,46,70,60,35,23,26,34,50,55,44
159,148,138,126,104,79,90,84,54,34,48,54,49,41,40,63,61,41,23,27,34,44,50,48
173,151,133,118,101,97,97,74,42,37,64,78,73,57,43,58,60,44,24,27,31,42,51,52
185,169,140,110,92,96,74,45,35,55,82,97,111,112,78,65,56,40,23,24,27,44,59,58
190,187,172,140,101,96,73,47,41,68,96,122,152,168,143,106,68,37,21,24,26,44,62,64
191,190,186,163,119,99,84,64,52,70,105,144,175,189,184,160,119,72,35,25,25,42,61,69
162,156,154,144,116,93,86,71,55,66,108,156,180,180,185,189,176,134,76,38,26,38,58,71
85,85,84,80,73,65,67,59,48,61,101,151,177,174,168,176,188,181,142,79,40,41,60,70
55,54,48,43,44,45,48,45,40,45,67,108,142,158,166,180,191,195,184,147,92,61,59,67
52,47,41,38,40,42,43,41,38,40,46,61,79,96,115,139,161,180,192,189,159,116,81,69
62,57,51,46,44,43,44,42,38,38,41,42,47,58,71,87,109,132,153,173,187,171,132,98
68,67,62,54,47,43,44,42,37,37,42,46,53,61,62,57,67,83,96,111,147,176,174,148
57,59,63,62,53,45,45,43,38,37,41,42,49,59,63,60,71,82,76,50,60,97,142,172
51,50,51,51,48,48,46,42,38,37,39,39,47,60,66,71,79,86,80,42,28,37,69,103
49,51,49,44,44,48,47,43,38,36,40,46,56,63,59,64,76,88,86,48,23,19,38,65
57,61,57,49,46,48,46,42,38,36,41,52,63,64,50,50,66,84,85,52,27,20,35,57
70,70,65,59,54,50,44,40,37,37,41,53,62,59,45,43,57,75,77,51,28,21,34,55
71,66,60,57,59,54,46,40,37,36,42,56,62,54,42,40,50,63,66,48,29,23,34,53
62,60,58,56,56,48,44,41,37,33,39,50,52,48,45,44,51,58,55,40,30,26,34,50
56,54,55,56,49,42,41,40,37,32,37,41,44,46,50,48,51,54,50,34,26,25,34,48
55,54,57,54,44,41,41,41,38,32,37,37,39,46,55,53,52,54,54,39,25,24,33,44
55,61,61,52,42,43,45,45,40,33,38,38,37,44,61,60,56,58,63,52,29,23,30,39
