143,152,153,124,72,86,85,92,110,124,126,112,98,87,66,49,50,61,66,58,82,116,142,152
103,110,107,83,47,54,54,64,80,87,92,84,78,75,61,38,31,35,37,33,46,72,97,108
78,82,68,40,20,23,36,53,64,65,76,80,78,75,70,43,35,40,39,21,18,28,45,58
86,88,61,23,7,10,40,71,85,82,86,86,76,66,70,64,74,86,75,31,11,11,32,58
108,110,76,30,10,15,50,91,115,112,92,67,41,26,39,86,125,138,115,46,14,19,62,115
108,116,88,39,15,30,41,57,76,82,57,30,15,15,33,99,138,147,123,51,15,17,57,109
119,120,83,38,33,72,75,66,55,38,22,11,7,10,25,90,139,154,128,62,40,38,48,62
138,120,69,33,60,118,123,113,90,38,14,6,6,8,17,72,135,165,142,84,81,90,81,55
161,120,55,29,81,149,146,144,139,86,36,12,7,10,13,50,121,172,162,109,107,135,135,98
177,121,49,27,84,159,127,110,133,134,73,28,19,26,18,27,93,160,171,123,92,122,153,143
150,96,35,21,71,143,115,84,99,132,79,42,57,85,51,24,63,129,163,129,78,87,129,154
87,53,22,17,46,112,126,105,91,100,54,33,73,126,103,43,39,85,133,117,76,74,99,117
32,20,20,33,51,84,123,131,112,89,39,32,77,127,110,48,24,58,112,111,88,86,93,89
12,10,25,59,90,80,100,125,130,103,46,49,90,116,84,40,25,61,119,121,106,110,113,98
19,12,22,67,130,111,86,87,105,102,52,71,122,145,106,61,46,87,146,131,122,130,136,128
22,15,18,63,143,151,131,117,113,101,63,99,150,166,144,99,63,86,145,131,131,140,144,137
18,12,19,66,146,162,159,147,131,112,89,132,171,174,164,122,67,69,125,129,134,144,149,144
12,10,20,68,144,159,161,158,148,129,113,152,180,175,173,144,80,60,104,134,144,155,155,142
10,9,17,56,124,144,135,137,143,125,108,146,174,169,169,159,98,60,87,142,162,171,159,129
9,10,11,28,63,81,67,74,91,74,60,111,151,146,130,123,80,42,54,123,166,169,145,120
9,9,10,15,24,30,24,25,31,27,25,54,74,70,57,51,36,21,29,82,137,148,138,138
12,11,10,10,9,10,10,9,9,10,11,17,31,49,61,45,28,17,19,40,85,112,132,153
22,16,13,13,15,15,18,21,21,13,12,13,33,74,115,87,64,50,34,19,39,68,102,131
34,23,17,21,27,27,32,40,38,17,19,27,52,98,151,121,109,99,64,19,19,34,59,84
