90,81,71,78,97,60,72,76,75,112,146,112,99,132,146,138,112,73,34,15,10,11,10,5
77,83,77,80,98,62,73,83,87,109,138,115,106,133,145,132,103,73,49,28,15,11,10,8
50,69,71,72,86,59,77,97,104,110,112,110,120,140,151,140,113,90,76,51,21,9,14,24
22,39,46,48,57,48,87,119,125,121,88,97,128,152,158,155,139,119,97,65,24,7,21,48
10,12,14,16,21,34,99,144,151,142,93,85,121,162,162,161,163,148,109,56,19,10,33,68
25,17,10,9,12,25,94,155,177,163,125,88,103,155,173,168,172,172,140,56,18,21,54,88
78,49,20,9,11,17,69,132,171,168,142,85,78,130,166,164,176,186,156,64,34,49,86,117
103,69,30,10,13,18,48,92,128,136,119,69,60,108,158,158,162,157,122,57,53,76,106,129
75,56,28,16,32,50,64,81,99,108,96,68,62,90,134,133,120,101,75,52,68,83,99,118
19,18,13,26,70,116,127,130,135,135,124,108,88,75,80,81,72,68,74,82,80,67,70,95
12,15,12,27,81,151,160,155,155,151,143,136,116,87,71,94,107,112,114,104,91,62,42,47
48,55,41,34,77,166,183,174,168,163,157,154,137,106,83,115,132,134,128,109,95,69,40,22
83,100,83,52,63,148,183,185,176,170,166,170,152,113,88,129,145,141,132,114,98,80,53,25
95,117,110,71,45,98,144,164,162,157,159,168,146,98,80,134,154,148,138,124,107,93,71,46
91,104,99,71,40,45,65,91,109,113,121,124,104,74,77,135,158,153,143,135,124,106,88,79
109,119,95,66,68,57,53,61,75,88,100,102,100,97,92,123,154,160,145,140,132,112,99,104
113,127,96,58,71,88,99,101,101,110,121,119,119,120,106,99,139,167,155,147,140,127,116,117
116,121,85,42,47,85,125,143,142,140,146,142,137,130,110,73,110,158,165,155,145,133,118,105
128,106,60,21,19,45,91,133,154,150,151,149,141,124,94,47,69,119,149,149,138,121,97,75
126,87,39,11,12,19,37,81,130,152,157,158,140,97,47,21,25,49,79,104,112,102,79,60
105,67,27,8,11,14,16,33,71,125,164,170,139,82,25,12,13,37,83,120,122,106,82,64
57,36,16,8,11,14,16,22,42,84,140,170,150,88,22,10,13,50,117,151,138,112,81,54
33,20,10,9,11,13,31,57,74,74,106,157,164,108,32,12,14,63,144,174,151,118,82,51
52,29,11,9,11,13,50,107,137,103,90,143,171,127,45,15,13,65,150,184,160,125,92,65
