114,117,147,183,194,196,196,187,179,184,178,195,186,134,76,76,69,54,43,42,43,46,49,50
99,104,130,163,177,171,170,174,181,188,174,174,155,110,71,71,67,54,43,41,40,38,38,43
77,75,87,110,124,108,117,150,182,184,166,152,118,74,57,59,58,51,44,42,38,30,29,36
80,67,58,60,64,46,69,128,180,183,167,139,92,48,45,47,48,46,43,42,38,31,29,35
125,110,83,56,39,29,54,115,178,196,184,132,77,48,48,45,43,42,43,41,41,40,39,39
169,161,131,94,70,55,53,100,172,206,179,107,60,59,64,53,44,42,44,44,45,45,41,36
169,164,148,122,94,76,57,90,161,203,160,84,48,59,64,54,46,44,46,45,49,53,49,38
177,175,170,151,113,91,81,111,162,182,129,65,41,52,55,50,47,47,47,44,50,57,53,39
186,180,179,165,130,114,124,156,179,160,97,54,42,45,43,42,46,49,47,43,48,54,50,40
152,136,138,151,151,156,173,195,199,158,79,52,48,42,31,32,42,49,48,46,47,47,47,48
77,87,129,172,182,186,188,197,194,147,71,51,47,35,26,24,32,43,51,50,46,43,47,54
84,118,165,194,191,191,189,195,186,133,78,64,57,42,37,34,34,38,46,51,47,44,50,63
139,168,195,200,190,188,189,195,179,116,81,76,69,52,46,47,43,39,41,49,48,45,51,66
187,193,197,194,187,186,192,197,171,97,71,75,73,57,46,51,51,46,43,47,46,43,46,56
199,194,191,188,184,183,192,195,162,82,53,57,65,59,44,46,50,52,50,44,41,39,37,37
184,186,189,189,184,185,192,189,153,78,54,52,61,64,51,45,40,41,44,36,39,49,52,45
132,157,183,191,183,185,190,183,144,74,65,64,64,63,55,48,36,32,38,39,43,53,57,53
121,152,181,191,184,185,191,186,148,75,73,75,69,59,53,50,40,35,39,46,52,54,53,52
169,179,186,189,188,183,190,191,155,77,67,73,69,55,49,49,47,46,47,51,60,58,52,50
194,191,188,189,189,175,175,167,128,65,54,62,65,58,52,46,47,51,53,57,61,60,60,63
194,191,188,187,189,186,175,138,89,62,49,58,65,63,60,49,43,45,50,54,58,61,66,72
196,194,191,189,190,193,180,126,71,67,58,62,69,72,70,54,39,38,49,56,62,64,66,70
196,194,191,190,191,198,191,147,102,105,104,87,72,69,69,55,36,30,42,52,60,69,84,100
189,188,185,186,193,205,207,185,160,163,167,121,73,53,54,50,35,25,31,40,48,75,119,159
