114,122,131,113,60,22,27,69,114,125,128,137,158,162,108,85,123,117,43,12,13,55,112,149
113,119,129,122,84,39,24,40,68,82,97,120,149,156,104,73,116,134,78,23,12,37,85,128
116,121,134,142,126,78,35,19,26,37,52,81,123,144,104,58,82,117,104,48,18,18,45,75
121,127,141,153,151,115,56,17,9,14,21,42,82,114,93,43,38,71,99,74,28,9,15,26
122,131,135,137,142,130,79,31,10,13,17,20,39,61,55,26,14,36,80,97,46,14,9,12
115,114,112,120,141,143,111,61,21,10,11,12,15,20,20,17,15,49,114,147,93,37,10,7
135,137,136,136,140,136,122,86,41,13,13,19,23,22,20,45,48,61,104,154,133,78,30,12
117,129,128,116,111,117,121,102,59,18,29,62,81,67,33,62,78,81,96,144,150,125,80,41
89,102,94,77,79,112,128,111,65,20,50,114,139,102,37,48,77,97,114,150,160,157,122,67
122,117,102,87,92,129,141,108,52,18,55,119,130,77,25,21,41,84,136,170,171,147,99,50
168,159,146,132,117,94,79,54,25,12,28,70,86,62,30,18,20,38,67,91,91,68,38,18
165,162,161,148,107,51,29,19,12,16,40,92,117,96,56,28,14,14,22,29,29,21,23,37
151,158,158,131,73,23,8,11,25,57,96,131,128,99,87,64,31,11,10,8,8,16,52,104
154,160,140,91,37,17,19,36,70,117,139,126,91,75,118,113,65,25,18,15,14,27,82,157
166,140,89,38,16,25,55,97,131,135,94,71,78,111,156,136,96,57,30,18,17,24,63,120
98,71,37,17,20,58,111,132,112,76,52,80,127,157,148,114,114,101,55,25,18,19,33,56
44,34,26,31,56,95,121,110,77,58,69,106,138,139,108,90,109,120,97,60,35,23,33,56
57,61,62,72,99,113,110,99,93,96,112,131,134,115,88,101,119,136,140,115,78,52,65,108
127,129,123,119,123,107,112,135,154,150,147,152,145,124,108,142,154,155,160,155,121,88,102,154
166,166,160,144,118,96,129,161,167,162,164,169,153,127,129,160,164,148,135,135,101,80,93,124
101,102,98,85,63,55,79,94,93,94,99,98,82,64,71,89,91,78,64,64,46,38,43,50
47,48,48,44,34,26,32,37,39,45,50,48,37,27,27,34,41,41,32,28,26,29,31,30
45,44,48,53,48,20,12,21,35,46,49,46,41,35,30,23,29,41,48,46,49,53,57,58
73,72,78,87,78,29,14,32,60,74,74,71,66,62,60,38,32,51,79,85,81,80,84,89
