130,150,112,44,12,11,47,105,144,130,122,107,73,31,9,9,8,8,24,72,124,119,82,58
103,138,132,79,23,12,32,78,121,128,129,125,94,45,14,8,6,7,17,49,96,112,104,94
56,91,119,104,50,18,16,40,71,90,107,122,108,71,48,24,11,6,11,24,51,78,106,128
18,36,74,98,78,28,10,13,25,39,62,94,107,103,103,71,36,14,8,10,16,36,76,119
9,11,37,80,103,47,16,9,12,15,25,61,100,129,147,131,83,36,11,7,8,14,34,61
16,15,51,113,153,96,41,12,8,11,14,43,93,132,129,130,116,76,25,7,7,10,14,20
67,53,61,104,156,137,82,36,14,11,11,26,71,120,129,133,135,99,33,11,13,13,11,11
100,89,78,96,145,151,129,89,46,15,11,15,39,79,109,128,122,81,31,34,52,39,16,10
83,90,95,114,152,158,160,132,74,18,10,9,14,32,65,94,81,51,42,76,112,78,25,8
30,45,85,135,172,172,152,109,57,18,14,11,9,13,22,31,36,54,90,124,153,109,38,6
17,20,38,67,92,92,71,43,24,28,50,44,23,10,14,16,27,70,135,164,178,133,59,10
13,11,14,22,29,29,21,21,42,88,127,120,75,26,11,11,18,50,108,158,159,110,50,17
32,20,12,10,8,9,12,43,101,158,176,163,110,43,12,12,15,26,56,104,106,88,66,49
69,45,25,17,14,15,21,70,146,196,180,153,108,56,26,18,17,17,22,41,59,99,117,95
96,83,57,30,17,17,21,53,118,183,181,138,97,77,67,35,20,17,17,23,65,130,154,121
109,120,99,56,25,18,18,29,66,126,129,103,99,121,126,89,52,28,19,23,70,118,139,135
110,122,120,97,62,35,23,29,59,103,102,94,106,132,142,121,95,78,64,42,53,82,109,120
130,129,137,139,117,81,50,60,98,123,115,117,129,140,142,136,138,142,132,88,62,83,118,130
169,158,155,159,156,127,84,96,139,148,135,140,150,153,144,145,159,172,165,130,99,123,157,161
174,165,146,135,135,106,76,89,119,115,111,113,114,116,129,132,126,113,101,97,95,117,130,117
96,92,77,65,64,48,37,42,51,45,44,43,43,48,62,61,52,40,32,33,42,57,60,46
41,44,40,32,28,26,29,31,29,23,23,23,24,27,31,27,21,15,12,11,14,24,33,37
21,30,41,48,47,48,53,56,54,47,46,51,55,55,53,48,44,43,44,39,22,19,37,61
19,28,52,78,88,81,80,83,84,74,73,84,91,91,91,87,84,86,89,81,40,19,37,70
