4,18,48,59,30,11,11,14,14,16,45,109,135,111,95,117,95,47,11,12,13,12,25,49
5,25,70,91,56,24,13,13,13,15,45,115,146,125,115,133,106,52,12,12,11,11,37,81
9,42,106,142,107,61,28,14,11,12,32,95,142,148,137,149,117,58,12,13,9,9,38,86
11,47,113,154,133,96,48,18,10,11,16,65,130,168,153,154,121,62,14,13,10,7,29,70
10,26,64,96,99,96,59,24,9,12,13,60,133,181,162,153,125,74,21,14,12,8,28,69
12,13,23,39,56,76,59,31,11,9,15,87,167,200,175,165,154,109,43,15,11,9,36,87
38,35,42,62,90,107,97,68,32,10,17,100,182,210,186,180,166,127,70,30,13,8,27,61
90,97,109,126,142,147,146,112,57,15,18,101,185,213,181,159,143,131,112,66,23,7,22,47
125,147,168,176,173,170,172,133,65,19,19,91,168,193,155,126,120,139,151,104,38,10,22,46
91,121,153,167,163,159,150,104,45,19,17,65,119,139,119,127,140,157,161,118,51,15,13,23
32,44,56,62,61,59,55,38,20,15,15,38,65,82,88,106,103,110,132,116,56,18,8,10
7,9,11,13,16,19,17,17,29,50,48,58,84,111,116,119,105,101,111,88,39,14,9,10
10,18,25,30,36,41,30,37,71,108,96,83,104,140,137,134,137,140,130,90,40,15,10,10
38,56,74,85,89,84,64,80,125,151,125,87,89,116,109,121,151,169,155,120,67,27,9,7
89,111,130,139,135,103,89,121,159,144,110,87,73,62,49,72,98,109,109,116,86,39,8,5
131,142,149,153,153,120,98,123,153,128,112,130,130,87,30,27,40,49,54,68,63,36,12,9
159,162,167,175,178,149,104,107,143,152,151,168,154,95,31,33,53,66,64,65,74,50,19,11
155,167,176,176,164,131,80,67,99,135,150,154,127,81,56,72,94,107,107,101,104,67,24,11
112,140,158,145,109,70,34,20,32,58,87,98,88,77,97,112,116,123,136,137,124,72,22,10
45,72,106,117,90,60,30,13,11,19,47,79,101,115,129,132,122,121,136,145,121,66,20,9
61,84,107,116,111,98,55,20,11,32,88,127,145,150,151,150,138,124,121,133,118,66,19,10
95,126,138,129,123,122,83,37,19,55,138,161,139,113,113,136,148,146,139,147,144,90,31,13
101,144,165,149,124,117,97,58,33,64,159,176,128,74,67,101,145,171,175,175,162,103,39,15
77,128,171,167,125,101,95,73,45,57,152,186,149,86,62,77,133,183,199,192,150,86,34,14
