207,222,209,153,84,76,80,82,86,93,77,97,160,225,225,221,164,90,48,67,123,144,115,68
197,206,206,169,100,81,82,83,85,91,72,95,159,220,221,211,146,78,54,72,113,138,121,80
191,189,200,187,123,85,85,90,90,91,69,98,162,212,208,188,116,58,54,71,104,122,103,63
201,186,185,176,130,90,90,97,97,90,72,107,166,205,196,173,101,49,53,67,99,103,81,58
223,202,169,140,120,98,94,95,93,87,79,116,168,201,197,186,118,62,58,70,91,85,86,112
230,214,190,167,145,108,95,87,78,76,77,116,168,204,211,207,141,82,72,74,66,67,106,164
229,217,212,201,168,113,88,78,69,59,65,115,173,208,213,212,178,132,99,89,81,92,118,142
226,216,219,213,170,109,88,85,80,65,69,124,182,210,206,207,201,162,111,112,124,124,111,96
222,214,218,207,155,97,96,105,98,80,79,134,190,210,199,199,201,172,131,150,172,159,124,96
219,212,219,204,139,84,105,121,100,69,70,130,190,212,202,192,183,179,186,202,207,202,188,174
213,209,215,195,127,87,108,117,86,47,67,140,198,213,211,196,146,121,154,202,210,194,191,210
208,210,211,181,113,75,90,100,81,53,74,148,200,210,214,194,120,68,90,156,199,198,194,211
207,211,199,159,102,68,77,90,83,60,76,147,202,214,208,161,88,42,53,106,175,198,195,198
213,210,173,123,90,74,80,91,85,62,70,142,206,221,198,117,60,45,60,76,139,182,194,190
223,202,135,75,71,83,83,86,86,70,76,146,206,216,189,116,73,70,82,68,101,156,193,196
202,170,111,66,66,77,75,75,76,70,75,147,204,214,205,159,104,78,80,69,87,145,194,200
142,121,102,91,84,79,81,89,93,83,82,149,199,205,208,183,113,63,63,69,73,126,186,207
85,86,99,107,91,79,88,101,101,84,89,156,202,204,210,187,106,45,47,70,66,103,168,214
59,74,93,95,77,71,88,96,83,65,85,159,207,209,209,177,100,45,48,74,70,89,145,207
53,64,78,81,70,70,85,86,68,50,71,136,179,182,177,149,101,69,68,79,81,88,121,167
53,63,74,79,75,78,76,75,73,64,69,96,111,103,99,97,89,82,75,63,69,84,102,114
71,75,77,78,82,86,80,78,79,73,68,72,74,72,73,78,81,79,71,57,71,90,99,94
87,87,82,79,81,76,75,78,79,70,59,54,60,76,88,86,78,74,75,72,85,94,95,91
87,87,87,85,75,54,55,68,75,63,45,36,49,77,100,93,78,76,89,93,96,89,82,84
