31,42,52,59,65,63,49,40,39,43,58,61,61,64,69,47,35,47,69,70,64,62,63,64
29,36,45,51,56,58,52,45,43,47,57,58,59,65,69,50,39,50,72,72,63,55,57,63
27,31,39,49,55,55,53,53,55,60,59,52,53,63,68,51,39,48,70,74,59,44,46,62
32,32,41,55,64,57,50,51,62,72,65,53,51,58,61,50,40,43,61,72,58,40,43,64
46,42,50,65,73,59,42,39,52,71,71,65,57,51,47,49,48,46,50,64,60,51,53,68
52,51,58,70,75,63,46,37,44,64,69,71,65,51,38,49,60,55,41,51,61,63,64,70
55,58,65,69,67,60,52,45,48,66,72,75,68,50,34,46,59,56,46,54,67,72,71,70
60,63,67,66,60,55,50,44,45,61,67,72,69,56,40,48,58,61,59,65,75,77,73,70
63,65,67,66,60,51,42,35,39,53,58,67,71,65,48,48,57,65,67,72,77,75,71,69
60,62,67,68,60,45,35,33,41,55,60,68,75,69,47,38,45,54,60,68,70,69,69,71
64,63,63,59,47,35,31,34,45,62,74,78,77,69,51,38,35,39,48,68,68,65,68,74
66,65,63,55,40,29,31,38,48,61,70,72,70,69,66,59,51,46,50,70,73,69,68,74
65,65,65,58,42,29,32,40,49,59,65,68,67,67,72,74,68,59,57,68,72,68,66,71
63,64,67,62,46,30,30,38,49,58,65,71,70,63,66,75,70,61,59,63,66,65,66,70
59,63,69,65,46,28,28,37,46,51,61,70,68,60,64,76,66,53,53,63,68,72,74,74
52,61,68,64,47,35,37,42,44,43,47,54,56,57,64,74,67,54,51,59,67,80,88,87
44,49,55,57,52,46,44,43,42,42,45,43,41,47,58,63,65,65,64,65,71,82,89,88
39,39,42,48,53,50,45,42,42,43,46,39,35,43,60,57,63,72,75,72,76,79,79,78
41,41,41,43,46,46,44,43,42,40,41,39,40,50,66,57,59,68,74,76,79,74,69,68
47,55,55,45,38,45,49,47,40,33,33,39,48,54,54,39,44,59,71,82,84,79,76,81
51,57,56,48,44,52,53,47,38,31,26,36,46,47,38,29,32,43,57,70,75,75,80,91
50,52,53,53,56,58,48,41,38,33,25,33,41,39,35,35,34,41,57,67,70,70,76,86
52,52,54,60,66,61,45,37,39,37,34,36,35,34,41,47,47,53,66,69,73,74,75,78
57,57,61,66,69,63,47,39,39,41,45,41,32,30,43,53,60,66,70,68,80,85,81,78
