195,195,203,198,161,107,60,68,123,176,181,174,158,142,152,174,182,180,170,144,98,95,132,170
178,176,176,174,158,122,69,50,81,132,143,134,116,104,112,137,143,137,129,118,81,67,92,132
108,103,97,95,94,79,46,26,35,64,73,66,55,49,55,70,73,69,67,66,48,36,47,73
33,28,22,20,24,24,18,16,19,23,24,21,20,20,22,24,27,30,32,33,30,28,32,40
16,15,12,13,22,29,27,30,38,38,35,33,33,34,33,35,42,46,46,49,48,50,53,57
39,41,35,30,36,48,47,53,61,60,56,57,59,56,48,50,65,71,63,69,70,70,74,80
54,59,55,45,42,66,73,76,79,76,66,68,75,73,57,49,79,106,102,88,84,87,90,89
60,65,59,43,37,82,105,104,94,92,81,84,91,91,73,46,67,108,130,116,107,99,86,71
70,70,53,29,26,84,128,131,113,109,101,103,106,102,88,45,38,71,113,120,113,95,73,57
92,81,47,14,15,58,120,144,132,124,116,113,109,99,83,41,17,20,42,65,73,74,78,84
115,82,36,7,7,24,73,101,108,123,127,121,107,88,67,34,13,8,14,23,47,91,120,116
139,89,34,4,4,12,53,85,91,87,112,129,122,97,75,40,17,9,9,10,49,110,143,130
152,96,36,5,4,10,51,100,117,85,91,127,145,132,112,66,27,9,8,10,59,125,157,144
131,83,32,7,7,12,45,105,141,105,70,113,163,176,154,93,37,9,7,11,68,138,170,154
59,37,15,7,12,18,26,50,73,65,45,92,157,187,153,84,33,13,13,14,77,148,168,134
21,13,6,5,9,20,24,27,29,26,26,48,78,94,74,38,18,15,18,15,56,95,96,65
17,11,6,4,7,20,23,18,14,16,19,21,24,27,22,12,11,14,16,16,30,41,37,23
17,11,6,3,8,37,45,36,23,20,16,10,6,5,7,6,9,12,13,15,15,14,12,12
14,8,4,2,12,58,77,66,42,23,11,6,6,9,9,7,7,10,12,13,13,12,12,12
40,25,10,4,10,40,62,66,48,21,11,7,6,6,8,7,6,7,9,11,11,10,9,9
75,63,33,8,6,14,22,25,20,10,7,8,8,6,7,6,5,5,7,9,10,9,8,8
62,61,37,10,5,6,6,10,18,21,13,9,7,6,5,4,4,4,6,8,9,8,7,7
25,30,23,10,7,6,7,24,54,80,66,37,13,5,4,4,4,5,6,8,9,9,8,7
4,6,8,9,9,5,8,38,99,160,145,83,28,5,4,5,6,6,7,8,9,11,10,9
