224,224,225,228,229,226,217,214,214,211,203,198,196,189,164,126,108,97,75,41,40,33,26,29
222,222,224,227,228,224,215,213,214,210,202,197,191,178,153,119,104,97,79,40,37,30,22,22
220,219,221,225,226,222,213,210,211,206,200,195,182,161,135,109,97,95,83,40,32,27,19,14
217,216,218,222,224,221,212,207,205,200,197,191,174,147,121,99,89,93,87,40,27,23,18,10
215,214,216,221,224,221,211,202,197,194,191,187,171,142,113,90,81,90,92,43,23,18,16,10
212,212,215,220,223,221,210,198,191,188,186,183,169,141,108,82,74,88,97,49,21,13,14,12
211,211,215,220,223,220,208,194,186,185,184,180,167,140,100,74,67,83,98,55,22,11,12,13
209,210,214,219,222,220,208,193,183,184,182,176,163,136,92,68,61,77,95,65,27,11,10,12
209,210,214,219,221,220,209,194,183,183,178,170,159,134,85,65,59,72,91,76,35,12,9,10
210,211,214,218,221,220,209,195,184,180,174,168,161,138,83,64,61,70,85,84,43,16,8,8
210,211,215,220,222,220,208,193,181,175,169,167,164,142,85,62,60,68,80,91,54,22,8,7
211,213,218,222,223,221,206,189,177,171,164,166,166,143,88,63,59,62,71,89,64,30,10,7
214,217,222,226,226,221,203,185,174,169,164,168,166,143,92,64,59,58,61,79,66,37,13,7
220,223,227,229,227,218,199,182,173,171,169,171,167,142,95,65,58,55,53,68,64,41,17,8
227,230,231,230,225,213,194,180,175,177,174,175,167,141,95,61,52,51,49,60,62,43,19,9
228,229,228,226,222,210,193,183,181,183,178,176,168,141,95,59,46,43,40,44,48,36,18,9
225,226,227,227,223,212,195,185,184,186,181,177,167,142,97,60,45,38,30,27,29,24,15,10
223,226,228,228,222,211,193,183,183,184,181,175,163,138,97,64,45,33,23,17,15,14,12,10
224,226,228,225,218,204,188,180,181,180,179,172,157,131,94,67,46,30,20,16,12,10,10,11
224,224,224,221,214,198,186,183,184,180,179,172,157,133,97,70,45,27,19,16,13,10,10,11
225,225,225,223,215,198,187,185,186,182,179,173,160,137,101,69,41,23,18,15,13,11,10,11
226,227,227,223,213,195,185,184,185,181,178,174,161,135,98,62,35,21,18,15,13,11,11,11
211,217,222,219,207,191,183,182,182,181,178,177,164,131,87,49,28,20,18,15,13,12,12,13
182,198,212,213,201,188,184,183,182,180,179,182,169,131,76,39,23,19,18,15,13,13,13,14
