51,49,47,45,44,45,52,101,180,242,250,251,252,251,250,252,252,242,209,149,130,127,130,135
51,49,46,45,45,46,57,111,190,242,249,250,250,249,249,250,250,241,210,150,129,125,130,136
51,48,46,45,45,45,67,131,207,245,249,249,250,250,249,250,250,242,213,154,129,124,130,138
50,47,45,45,46,46,78,150,222,248,249,249,250,251,250,251,250,244,218,161,130,123,131,140
49,47,45,45,46,49,91,163,228,248,248,248,250,250,248,250,249,245,223,168,131,123,132,140
47,45,44,44,47,57,109,179,233,248,248,248,249,249,248,249,248,246,228,175,133,125,134,138
46,44,43,44,48,65,128,197,240,249,248,249,250,250,249,250,250,248,233,182,137,127,135,137
46,44,42,43,50,76,148,212,244,249,247,248,249,248,248,249,249,248,236,189,142,130,135,135
46,43,42,45,55,94,170,226,246,248,247,248,248,247,247,248,248,248,239,197,149,132,135,134
46,44,43,47,65,123,196,239,249,250,249,249,249,249,248,249,249,250,243,208,160,137,134,133
45,44,43,49,76,147,213,244,247,248,248,247,248,247,247,249,249,249,244,216,170,143,136,134
46,45,44,52,86,163,223,246,247,248,248,248,248,247,247,249,249,249,246,223,177,148,138,136
48,47,46,56,94,175,228,247,247,249,248,249,249,248,247,249,249,249,247,230,184,150,138,138
50,49,47,60,103,183,231,246,247,249,248,248,248,248,247,248,248,249,248,234,189,151,138,141
49,48,48,64,112,192,234,246,246,248,248,248,248,247,246,248,247,247,248,236,191,152,138,144
51,49,49,67,122,204,240,248,247,249,249,249,249,248,247,248,248,248,249,239,197,157,142,149
51,50,49,68,126,210,243,247,247,249,248,248,248,247,245,246,246,247,248,240,201,160,142,147
51,50,48,69,128,214,244,247,246,248,248,248,247,246,244,245,245,246,248,242,206,164,140,143
51,49,48,69,130,217,246,248,247,249,249,249,248,247,245,246,246,247,249,244,214,170,141,140
49,48,48,69,131,217,246,247,246,248,247,247,246,245,243,245,245,246,248,245,220,176,144,140
50,49,49,70,131,217,246,247,246,248,247,247,246,245,243,245,245,246,249,246,224,181,146,140
52,51,49,69,131,217,246,247,246,248,248,247,246,245,244,246,246,247,249,247,228,185,147,138
54,51,48,68,130,216,245,247,245,248,248,246,245,244,244,246,246,247,249,247,232,189,149,137
54,51,47,67,130,216,245,246,245,247,246,245,245,244,243,245,245,246,248,247,234,194,153,138
