80,79,80,81,79,77,79,91,103,103,91,72,61,61,64,51,44,49,61,68,71,72,70,66
92,89,84,82,82,83,87,101,117,119,110,89,75,74,73,56,52,62,75,79,81,79,76,72
100,95,88,85,88,88,93,108,124,127,117,96,85,86,81,59,61,76,88,91,93,91,89,87
90,87,83,83,87,84,89,102,115,117,105,89,86,89,78,55,57,71,80,83,87,88,87,87
67,65,66,69,72,70,74,83,93,97,89,78,79,83,68,46,42,47,52,56,61,62,62,63
49,49,51,55,57,56,56,61,71,84,83,74,73,75,63,49,47,55,62,63,62,58,55,54
52,52,56,60,60,57,54,57,68,83,83,73,70,73,63,58,62,69,72,68,60,56,59,66
66,67,74,80,76,69,67,71,80,88,83,73,71,73,66,67,72,75,76,75,69,65,67,74
81,85,96,101,92,84,86,93,96,90,82,74,72,74,72,74,75,75,78,85,86,81,78,80
95,99,107,108,97,92,103,108,100,86,82,75,72,75,78,77,75,76,82,91,97,95,92,92
101,101,102,101,97,98,107,106,93,82,81,73,69,72,74,72,68,69,78,87,95,94,89,86
97,97,96,94,93,93,98,97,90,87,87,81,76,76,78,80,79,79,84,88,91,86,78,74
90,90,87,85,86,88,91,93,94,96,96,90,85,82,83,85,85,85,85,86,83,78,74,73
86,84,79,76,79,86,91,96,101,102,99,93,89,86,84,81,81,82,83,81,76,76,80,81
83,81,76,71,73,82,91,99,103,98,94,92,91,89,83,81,83,87,88,83,80,81,84,86
82,81,77,73,74,80,86,91,92,87,89,91,90,84,80,85,91,94,91,86,82,81,83,86
81,80,79,78,76,80,84,85,83,80,84,81,78,78,80,87,93,95,91,87,85,83,84,86
84,81,81,81,80,84,86,86,82,76,78,72,69,74,82,87,89,91,91,89,89,88,90,95
88,83,81,84,87,91,90,90,86,75,75,71,71,78,87,87,86,87,89,90,93,95,101,110
84,79,78,85,95,97,91,91,94,88,82,82,87,93,96,90,87,84,80,83,93,101,107,112
76,72,73,83,95,98,91,89,93,93,87,89,92,91,87,82,80,78,75,83,95,103,106,105
72,72,77,85,90,90,85,83,85,87,86,92,92,84,79,76,77,80,82,91,97,100,99,96
80,81,84,85,81,75,76,77,76,76,80,86,85,78,76,75,78,82,85,90,95,95,91,86
94,91,87,81,71,61,70,76,71,67,73,76,76,76,76,77,78,78,76,77,89,93,87,79
