127,125,119,113,108,105,112,114,110,105,105,109,110,107,112,114,118,128,140,145,133,125,128,138
128,125,120,114,109,108,111,111,108,105,103,103,103,105,108,113,116,121,130,133,125,119,121,128
118,114,110,107,106,110,113,113,111,108,103,97,93,94,95,100,100,101,107,111,111,110,112,116
106,101,97,97,101,110,114,117,116,111,105,96,88,85,85,87,86,86,91,95,96,100,104,107
106,99,95,95,100,107,112,115,115,110,106,100,93,87,86,87,88,91,94,94,88,89,96,101
113,108,99,94,97,105,107,107,107,106,104,99,91,84,81,84,88,90,90,91,85,88,95,100
107,104,93,83,84,90,94,98,101,104,106,105,98,89,83,88,91,92,92,94,96,101,103,102
105,101,90,82,85,87,88,91,96,99,100,100,97,92,87,92,96,97,97,100,104,107,106,102
106,102,94,91,99,97,89,87,91,94,92,89,89,91,89,91,93,95,97,102,105,109,109,106
102,102,97,95,100,100,91,87,89,90,90,90,93,95,88,81,77,80,87,97,105,115,119,115
93,94,93,88,85,92,92,90,88,85,91,98,101,99,88,77,73,80,94,94,95,97,100,103
82,84,83,78,71,78,85,95,102,99,101,104,104,100,92,82,80,92,105,93,85,80,78,78
77,78,81,82,79,83,88,104,119,117,115,112,110,107,104,93,88,92,95,83,76,74,71,65
85,87,95,104,107,107,107,115,125,123,122,120,118,118,117,106,93,83,77,74,77,80,78,71
112,114,121,127,128,124,119,117,115,112,118,121,120,117,118,110,98,91,90,87,92,91,88,87
127,130,134,136,134,127,110,95,88,89,100,107,105,101,105,104,102,103,104,98,101,104,107,112
125,126,130,134,134,124,102,91,93,98,106,108,104,101,104,101,106,113,112,106,107,112,117,120
120,119,122,127,128,120,106,105,114,119,121,117,114,114,110,106,111,116,114,108,109,115,119,120
120,118,122,125,121,116,111,115,124,129,125,122,123,124,114,112,114,114,111,105,107,112,117,121
123,123,128,131,123,111,98,96,105,117,114,117,120,116,106,109,111,111,109,103,101,104,112,122
111,112,113,112,106,98,89,89,97,108,105,107,105,96,93,105,109,107,102,96,97,105,115,119
92,94,93,95,103,104,97,95,100,106,105,105,104,101,101,107,108,103,97,95,104,110,110,107
82,82,83,92,112,117,113,110,111,112,112,114,117,120,121,117,113,108,103,104,115,114,106,101
86,85,86,98,118,122,122,122,121,117,118,125,130,132,133,129,123,118,115,117,122,116,108,108
