25,26,31,38,42,43,38,35,36,44,51,62,70,79,98,106,98,89,87,93,90,78,69,70
33,35,39,41,39,37,34,35,40,46,59,74,82,86,98,101,96,90,89,92,85,74,68,70
41,41,40,37,33,30,30,38,50,58,76,92,96,92,94,95,94,89,82,81,75,69,70,77
40,37,33,29,27,26,30,44,62,73,89,101,101,91,86,88,88,82,74,70,68,70,78,86
30,27,25,25,27,27,34,51,69,78,83,91,90,82,79,80,78,75,75,71,72,79,87,90
27,26,26,29,33,36,49,62,71,76,71,75,78,76,76,74,73,78,84,77,82,88,86,80
31,31,34,40,49,59,72,75,69,67,64,71,78,79,78,73,78,88,92,81,81,83,80,71
42,43,47,55,68,79,84,78,70,70,69,76,83,85,82,76,85,96,94,75,74,78,76,69
52,53,57,67,81,89,82,73,72,79,75,78,84,85,79,76,87,96,88,66,71,76,75,70
53,54,60,72,86,90,78,68,70,77,69,70,73,72,65,66,76,84,81,73,74,73,70,69
57,60,71,83,88,83,73,67,66,67,65,63,60,57,57,63,71,80,85,82,76,70,66,67
80,77,80,85,81,72,69,68,64,59,63,60,53,49,54,64,72,78,81,77,71,68,65,63
84,82,83,81,70,63,66,68,63,57,59,54,47,46,55,71,81,81,73,71,74,73,66,59
69,73,79,76,65,62,65,66,62,57,56,50,46,48,58,76,87,80,65,69,81,78,68,61
71,71,72,71,67,70,69,64,60,59,58,56,56,58,60,67,72,64,52,62,74,71,66,67
70,65,61,60,62,68,66,65,67,70,68,68,72,75,72,73,67,54,44,52,59,61,62,66
59,55,53,54,61,64,65,69,77,82,81,82,85,84,76,71,61,50,45,52,61,61,58,58
47,47,46,50,57,59,62,70,79,84,83,83,80,74,64,57,54,54,58,63,68,63,54,50
42,45,43,40,45,53,59,66,73,74,72,66,59,53,49,48,56,67,74,77,70,60,51,48
45,53,44,29,29,48,60,64,65,63,56,49,44,47,59,67,71,74,76,80,71,61,54,52
54,58,46,32,36,52,59,61,61,59,53,51,53,56,59,60,55,49,47,52,53,55,60,64
49,48,38,31,37,44,47,49,53,55,53,53,50,44,36,33,31,27,26,34,44,54,63,69
34,31,27,27,33,34,36,39,43,47,49,48,37,22,12,17,30,37,37,41,48,58,66,68
22,20,22,27,32,34,37,37,35,37,42,41,28,12,8,24,53,71,69,60,56,62,68,66
