178,164,140,126,133,144,143,152,161,154,150,151,153,153,151,144,141,143,148,155,139,115,110,130
171,158,140,130,133,136,132,143,158,155,155,156,157,152,141,136,141,149,154,158,140,118,119,142
154,145,138,136,138,136,133,142,155,158,162,164,163,155,144,144,154,162,163,161,142,128,135,157
138,135,136,139,142,144,144,148,153,156,161,162,159,154,154,162,167,167,163,156,141,138,150,165
137,136,133,134,142,149,150,151,151,147,148,144,138,139,154,165,159,150,146,141,135,138,150,160
144,136,125,123,133,144,147,151,154,148,143,134,125,125,136,137,127,120,120,118,119,122,131,142
135,126,117,114,119,128,133,138,141,136,127,120,117,117,120,117,110,106,107,107,107,105,107,113
116,113,111,110,109,115,120,121,120,118,112,109,110,113,112,108,100,94,95,96,95,90,87,88
99,101,105,108,106,109,110,106,102,103,102,99,100,103,106,103,93,85,84,88,85,82,80,80
89,91,97,103,105,109,102,96,95,99,96,88,84,89,98,100,95,89,87,89,86,86,88,91
86,85,85,88,93,99,102,103,105,107,107,96,89,93,102,104,103,103,107,109,101,102,105,104
85,78,73,78,93,97,100,102,104,110,112,101,95,99,105,103,103,109,117,118,105,104,108,106
92,86,81,88,104,102,98,98,102,106,108,98,93,97,99,96,99,108,117,117,103,97,99,99
102,103,104,108,114,106,100,101,105,106,104,96,93,96,92,91,98,107,113,112,101,91,89,92
105,107,108,108,108,102,105,110,115,117,118,114,112,110,99,100,109,113,109,105,96,90,90,95
113,106,101,101,103,97,102,112,118,118,117,118,121,119,105,103,106,103,96,95,92,95,101,105
115,108,109,116,119,108,109,116,121,120,116,117,121,121,110,106,102,94,85,86,87,95,102,105
105,106,115,126,130,119,119,122,122,119,114,114,116,117,111,111,106,96,88,88,89,94,98,97
91,97,106,113,116,115,118,120,119,113,109,108,109,108,107,109,108,103,99,98,94,93,91,87
91,93,89,85,88,97,101,103,104,102,101,97,96,95,93,89,91,95,96,94,90,84,77,74
89,86,78,72,73,73,73,78,85,89,84,78,74,75,73,70,71,76,80,81,83,80,74,69
78,76,73,72,72,63,55,56,66,77,73,64,58,55,52,54,58,62,65,72,80,78,72,69
68,69,71,76,78,69,53,48,55,68,69,64,58,55,54,62,71,76,79,85,92,89,83,84
69,68,70,76,83,78,60,51,55,63,69,71,72,74,79,88,101,111,115,115,116,110,105,106
