118,118,116,115,114,107,103,97,97,109,128,123,112,106,105,95,88,85,85,88,87,87,92,99
101,104,106,105,103,99,97,94,95,109,130,125,110,103,108,101,97,96,99,103,102,103,109,117
94,99,103,104,107,113,116,111,110,126,147,140,124,118,121,113,109,113,121,126,125,125,126,125
96,102,107,112,119,135,140,133,128,143,161,154,140,133,133,128,126,131,140,144,140,138,132,120
98,103,111,118,122,133,139,133,127,138,152,152,141,131,134,141,144,144,142,142,135,132,127,114
107,108,113,114,108,108,113,116,119,128,142,148,142,131,131,129,128,125,119,118,110,108,110,114
104,103,106,109,107,108,115,122,127,133,145,152,147,138,133,118,111,111,111,108,101,100,106,113
107,104,107,111,111,113,122,130,134,138,146,151,146,137,130,118,115,116,115,110,103,105,112,117
119,117,117,118,119,119,126,132,135,139,139,139,134,126,122,122,125,126,121,116,109,112,119,121
133,129,125,126,131,131,132,133,134,138,129,120,115,115,120,118,117,119,119,117,115,117,118,116
130,127,127,132,136,133,133,130,129,134,125,112,105,111,124,121,116,115,118,119,120,120,117,114
118,117,121,125,123,116,115,115,116,120,115,106,100,103,111,112,110,111,117,121,120,118,115,114
109,107,107,108,105,100,97,96,99,106,107,103,98,95,95,98,99,104,114,124,121,120,118,114
108,101,95,93,93,98,92,86,88,100,106,102,93,85,83,86,90,99,111,123,124,126,124,115
112,104,95,90,93,107,102,95,97,104,108,96,79,69,75,86,97,108,118,120,121,127,126,116
126,121,113,104,102,122,128,123,115,109,110,96,81,78,90,107,118,122,121,120,120,117,113,113
137,133,128,122,116,125,134,133,124,117,118,110,106,112,122,127,129,123,114,115,117,111,102,99
140,138,136,131,123,122,126,125,121,121,125,127,133,140,137,129,124,114,104,110,117,109,96,90
136,135,131,125,119,116,114,110,108,114,119,126,133,132,118,111,106,100,94,104,116,111,101,100
122,118,112,109,110,103,95,90,90,96,97,92,88,88,86,83,82,80,82,92,106,114,120,126
107,101,93,91,94,88,79,74,76,84,81,72,66,71,85,85,88,97,105,103,110,120,127,129
99,95,89,89,93,85,76,67,64,71,74,74,74,80,96,100,108,119,126,121,124,130,134,134
100,100,99,99,100,92,85,74,66,71,80,85,89,95,106,113,120,126,126,123,123,127,129,127
108,108,110,109,104,99,96,87,79,83,91,92,94,101,111,114,116,117,114,108,105,111,113,108
