79,74,65,59,61,67,71,67,58,57,70,80,88,87,65,45,24,8,8,28,64,72,83,112
63,61,57,54,56,61,65,61,57,65,75,80,82,78,57,43,24,9,8,28,65,72,75,92
64,59,55,53,53,55,60,56,55,70,78,76,70,59,41,34,21,10,11,23,47,59,67,77
74,63,55,54,54,52,56,57,58,69,72,70,60,44,26,25,22,21,24,27,28,45,66,74
72,59,48,49,56,51,52,61,69,67,62,63,60,45,25,27,33,42,51,47,31,45,68,72
63,56,47,43,45,45,49,64,82,88,72,60,50,41,33,28,34,47,57,52,37,45,59,58
52,51,52,51,48,47,47,55,72,94,95,77,50,30,30,23,26,42,58,53,40,46,57,55
58,56,59,61,55,53,50,52,63,80,87,75,45,18,19,15,18,37,58,52,38,42,52,53
73,69,68,69,64,60,55,56,60,60,64,60,39,14,8,9,15,35,57,52,36,39,51,54
75,77,76,76,76,68,62,59,57,57,64,63,46,19,8,7,14,34,58,58,40,47,62,64
66,67,69,74,80,81,73,62,57,60,65,65,50,28,13,10,13,33,62,71,47,51,69,72
59,59,63,68,73,75,68,60,60,70,73,66,54,40,25,13,11,28,59,72,55,61,73,70
56,54,57,60,62,61,56,54,60,72,74,68,60,50,34,18,11,22,48,65,59,69,78,71
54,51,51,52,50,47,45,48,55,63,67,69,65,54,36,26,17,20,37,55,55,70,84,80
52,48,48,48,39,32,38,47,51,51,59,66,65,54,37,37,30,24,32,50,51,69,86,86
40,38,41,41,28,21,30,43,48,44,51,56,59,56,42,38,35,28,26,40,54,77,88,79
31,31,37,36,24,17,24,37,43,39,42,42,47,49,38,34,39,34,22,28,47,74,84,70
27,27,32,31,21,17,21,32,40,36,32,29,32,37,31,31,42,42,26,23,40,68,79,65
26,25,27,25,19,20,22,30,37,33,24,18,20,26,29,31,44,47,33,25,38,64,76,66
33,29,26,24,21,27,25,24,28,31,16,11,16,26,35,34,41,43,33,24,32,52,67,67
42,36,30,25,21,24,22,18,18,25,15,14,21,32,43,37,32,32,30,25,25,38,54,61
38,33,29,26,21,21,19,15,15,21,21,24,29,35,40,35,28,27,30,29,24,30,45,56
48,36,28,24,23,23,23,21,20,20,28,35,37,36,34,33,29,28,31,31,24,30,43,51
78,54,29,20,26,30,31,31,27,21,33,41,43,39,34,35,32,31,31,27,23,33,45,47
