67,58,51,47,41,30,31,38,46,48,44,41,42,46,49,49,42,34,34,43,53,53,48,47
66,64,62,56,43,33,34,39,42,46,49,48,46,45,44,43,35,26,25,37,50,51,50,53
67,69,69,62,46,39,42,43,42,47,53,55,54,50,47,43,32,22,22,38,51,52,51,54
66,67,64,56,47,47,50,50,50,54,61,63,63,62,59,54,43,35,36,50,57,56,53,52
62,58,50,45,47,54,55,56,60,70,85,78,70,71,71,68,63,60,60,64,62,58,56,56
51,47,43,44,51,55,55,53,57,79,124,106,71,56,59,61,62,62,59,54,51,52,62,77
37,36,38,44,52,54,55,53,58,90,162,146,95,66,71,70,64,67,82,89,96,102,102,97
28,29,37,50,62,61,61,61,70,102,181,188,156,132,136,119,89,95,139,159,170,174,151,109
31,29,41,61,75,70,65,68,82,113,185,216,215,208,207,179,135,141,197,217,224,222,178,109
53,43,51,70,77,63,55,59,78,117,192,222,225,223,222,205,178,181,215,223,226,219,169,97
101,83,68,64,67,54,47,50,70,118,196,224,225,222,222,217,208,208,216,213,214,201,152,87
113,95,71,59,60,49,40,39,55,100,163,185,184,178,177,175,173,171,168,158,153,145,120,86
94,85,75,69,69,59,52,49,58,85,116,128,129,125,123,126,126,125,123,115,107,104,101,96
79,80,85,90,89,81,77,77,81,89,91,94,97,97,98,104,106,107,109,109,102,100,104,109
100,100,101,102,100,96,97,99,102,106,109,112,112,109,110,112,113,114,115,116,112,110,109,110
116,116,115,114,112,110,109,110,113,116,118,119,117,112,109,109,110,110,109,111,110,109,109,107
124,124,123,122,123,123,123,124,127,129,126,123,117,111,106,107,108,109,111,113,113,113,111,108
117,114,111,110,112,116,116,116,119,122,117,112,106,100,98,102,103,103,103,104,107,108,104,98
90,84,79,77,81,86,83,81,83,86,84,82,80,80,81,87,87,82,75,74,82,85,81,73
53,51,48,49,55,61,55,50,51,52,49,49,52,57,58,61,59,50,41,42,52,59,60,56
52,50,47,46,49,52,49,46,44,41,40,45,54,61,63,62,58,53,49,50,55,65,72,71
47,44,41,42,47,52,53,49,41,36,38,53,71,82,78,70,64,63,65,64,67,77,85,86
46,42,44,51,55,62,64,57,47,44,49,66,88,98,86,73,68,72,77,74,76,83,89,89
55,54,62,72,74,79,75,67,62,65,68,79,94,98,82,69,70,78,84,77,76,82,87,85
