91,90,99,108,105,103,108,111,107,97,93,99,104,107,114,103,86,74,75,88,104,112,109,99
87,87,97,108,107,105,107,108,104,98,96,100,108,114,113,103,94,87,83,86,101,114,113,102
83,83,94,107,109,105,105,104,100,99,97,94,102,113,103,92,94,94,87,85,105,118,114,101
86,83,89,100,104,97,94,93,92,94,94,87,91,101,92,84,86,87,82,84,103,112,106,96
94,86,84,88,90,79,73,74,78,85,91,88,86,89,92,93,83,74,74,81,91,96,95,94
95,82,72,70,70,66,63,65,75,91,102,100,92,88,91,94,87,81,81,85,92,102,105,98
88,78,71,67,62,64,69,71,76,88,95,91,88,89,88,86,87,89,90,91,103,110,106,93
84,84,82,76,67,71,79,80,76,79,84,85,90,95,91,84,87,93,97,98,103,103,95,87
87,92,92,85,78,82,86,81,72,69,75,90,104,107,97,90,91,97,101,101,94,86,84,87
90,90,86,82,85,90,84,74,65,63,68,93,118,121,98,91,98,103,101,100,91,83,83,90
87,85,86,88,89,79,69,65,66,66,69,86,106,110,92,85,89,95,96,98,95,91,90,91
89,89,88,90,93,83,76,78,80,75,78,86,97,103,91,86,90,96,97,96,101,105,106,106
93,91,88,89,96,92,88,91,94,91,88,87,92,100,94,92,95,99,99,94,102,109,112,113
92,90,86,88,95,93,89,93,102,106,96,89,91,98,96,95,97,100,100,93,96,100,103,106
86,88,87,87,87,80,80,93,108,107,97,96,98,98,97,93,95,99,99,95,92,89,94,107
92,92,86,81,84,89,102,112,111,99,94,101,106,106,107,96,97,101,98,95,93,90,99,120
86,83,79,81,91,96,109,117,110,93,84,91,101,103,100,90,99,106,98,88,88,90,100,117
81,78,80,89,99,99,106,108,100,85,75,79,89,96,94,93,110,117,100,78,85,96,105,111
85,86,92,101,104,100,98,91,81,75,70,72,80,90,96,104,122,125,102,77,93,109,113,111
85,90,101,108,103,97,83,68,61,65,63,67,73,80,89,96,104,104,98,98,112,118,114,110
80,88,97,100,96,87,68,57,59,63,62,67,78,86,87,91,96,101,105,110,110,103,94,89
86,93,93,87,79,73,62,62,71,77,70,72,85,100,99,99,98,98,98,101,95,80,67,62
96,93,80,66,63,68,73,82,94,103,91,83,90,103,107,106,96,84,77,82,82,71,61,60
99,82,58,46,55,75,91,103,116,128,113,96,89,92,100,103,85,64,57,71,79,81,82,83
