49,63,75,77,83,121,145,154,162,181,194,200,201,201,201,203,204,204,203,205,205,200,192,184
53,65,73,78,91,131,155,165,173,187,197,202,203,203,204,206,207,207,207,208,208,205,197,190
67,74,75,79,102,140,164,180,191,199,204,206,207,207,209,209,210,211,211,211,211,208,200,191
91,93,85,85,111,141,160,179,199,208,210,210,210,211,211,211,211,211,211,211,211,208,198,185
117,115,100,94,118,135,142,160,187,204,210,211,211,211,210,209,209,208,208,208,209,205,192,176
123,120,104,97,122,143,149,157,174,194,205,209,209,208,208,208,207,206,205,205,206,203,190,175
110,103,90,91,121,155,175,180,181,191,200,206,207,207,207,207,206,205,203,202,203,200,189,177
91,81,75,86,117,153,182,193,192,193,197,202,205,206,206,206,205,202,201,200,200,196,186,175
77,68,69,85,112,136,163,183,193,192,193,196,200,202,202,203,201,199,198,198,197,192,180,167
73,68,72,87,104,117,140,163,179,185,186,188,191,192,195,197,196,194,193,193,193,188,175,160
78,69,74,90,100,102,119,145,167,177,180,181,182,184,187,189,189,188,189,189,187,180,168,156
75,65,76,103,118,115,118,135,157,168,171,171,173,178,182,183,184,188,194,195,189,179,166,157
71,64,83,118,141,140,132,137,150,157,157,156,160,168,180,186,190,196,205,206,197,184,173,167
70,68,89,122,148,153,147,144,147,148,145,142,144,158,182,197,202,207,213,213,206,194,185,182
72,70,82,106,129,142,147,148,149,148,145,140,140,155,188,204,208,210,215,214,210,199,189,188
68,61,69,91,116,131,139,143,146,153,155,154,158,173,194,199,199,202,209,210,207,195,181,174
65,60,70,90,110,125,133,137,146,160,170,175,184,196,205,198,187,186,197,203,196,180,163,155
63,64,80,99,109,126,139,146,153,171,190,201,208,215,217,207,188,178,183,192,181,162,146,141
54,63,86,106,109,123,146,156,159,175,200,211,214,216,218,214,198,181,173,176,164,149,137,134
38,52,79,99,98,96,112,125,133,147,163,173,176,177,184,188,183,175,166,154,142,138,135,130
24,41,66,81,77,68,68,76,87,98,98,101,106,114,124,129,129,128,127,121,112,115,122,125
20,37,59,70,66,58,53,58,69,76,71,73,81,91,97,97,93,89,89,91,86,87,95,104
26,43,61,68,64,63,63,67,74,78,77,81,88,94,94,88,81,75,71,75,73,70,73,81
36,53,67,70,66,70,76,80,82,83,87,92,94,94,91,86,82,77,73,75,74,69,67,70
