31,31,31,31,30,30,30,30,30,31,31,31,31,31,31,30,31,31,31,31,32,33,33,32
30,31,31,31,31,31,31,31,31,31,30,30,31,31,31,31,31,32,32,32,32,32,32,32
30,31,31,31,32,32,31,31,31,31,30,30,30,31,31,32,32,32,32,32,32,32,31,32
31,31,31,31,32,32,31,31,31,31,30,30,31,31,32,32,32,32,32,32,32,31,31,31
32,31,31,31,31,31,30,30,31,31,31,31,31,31,31,31,31,31,32,32,31,31,31,31
31,32,31,31,30,30,30,30,30,31,30,30,30,30,30,30,31,31,31,31,30,30,30,30
30,31,31,31,30,30,30,31,31,31,31,30,30,30,30,30,30,31,31,31,31,31,31,31
29,30,31,31,30,30,31,31,31,31,31,31,30,30,31,31,31,32,32,32,32,32,33,33
29,30,31,31,30,30,30,31,32,32,32,32,31,32,32,32,33,33,33,33,33,33,33,34
30,30,30,31,30,30,30,30,31,32,32,32,33,33,34,34,34,34,34,34,34,33,33,33
29,29,30,30,29,30,30,30,30,31,31,32,32,33,34,33,33,33,32,32,31,32,32,33
29,29,29,28,27,28,29,29,29,30,29,29,29,30,31,30,31,31,31,32,34,34,34,33
29,29,29,28,27,28,29,30,30,29,28,28,28,29,31,32,34,36,39,43,47,47,43,37
29,29,30,32,33,37,38,38,36,34,31,32,34,34,36,42,46,49,53,59,64,64,56,46
27,28,33,41,49,58,59,55,50,46,42,45,49,48,46,55,63,66,66,68,70,70,64,57
28,30,38,51,65,75,73,68,62,58,56,61,65,64,57,61,67,70,69,68,67,66,65,62
27,32,44,59,72,78,76,74,72,70,70,77,84,83,71,66,66,67,67,66,65,64,62,59
30,37,53,69,77,79,78,79,81,78,77,83,90,91,81,72,67,67,69,66,64,61,55,49
40,48,65,78,80,80,79,81,84,80,75,75,79,81,81,76,72,76,82,74,65,57,46,37
63,66,75,79,72,70,70,72,75,77,72,66,64,68,76,76,75,83,96,92,77,59,43,32
77,74,70,67,62,59,61,60,61,71,70,62,58,61,70,72,69,72,83,92,87,75,60,48
75,72,65,59,58,56,58,55,53,61,64,60,57,60,65,67,65,66,71,82,85,82,74,65
72,72,69,66,66,64,64,61,57,60,67,69,68,67,67,68,70,71,72,77,81,83,81,78
78,79,81,81,78,75,74,71,68,70,81,88,85,77,76,76,78,80,81,84,83,82,84,85
