101,104,111,121,126,109,101,103,108,104,108,108,110,116,122,123,117,83,28,4,0,0,0,0
104,102,107,115,120,112,104,99,97,97,102,103,106,115,123,133,126,86,28,4,0,0,0,0
109,102,102,110,116,113,100,88,83,89,100,106,111,119,127,140,128,83,27,4,0,0,0,0
101,95,99,112,121,115,97,86,87,95,106,118,124,125,125,133,116,73,26,5,0,0,0,0
78,78,92,115,128,117,106,109,118,117,117,126,132,127,115,113,102,73,32,7,0,0,0,0
66,69,77,90,105,113,120,130,136,132,120,113,116,119,107,106,116,104,59,14,2,0,0,0
95,96,89,84,94,108,121,128,130,133,127,113,114,125,119,111,126,125,83,22,3,0,0,0
129,129,119,110,114,123,131,132,134,142,139,127,128,139,135,126,140,144,105,30,4,0,0,0
142,142,139,136,138,141,142,141,143,151,144,138,140,145,141,138,154,159,121,36,5,0,0,0
127,127,126,124,124,129,133,133,133,135,129,126,126,127,127,134,154,158,118,38,6,0,0,0
119,115,111,108,107,115,122,118,111,112,111,110,106,102,107,116,121,115,87,34,8,0,0,0
115,108,102,96,89,96,105,105,99,98,98,101,102,98,98,101,98,91,72,32,8,0,0,0
106,97,89,84,82,91,96,96,93,92,90,95,99,97,92,91,90,88,74,35,9,0,0,0
91,82,74,76,87,103,100,93,90,88,87,91,94,92,86,88,94,97,84,42,11,0,0,0
88,78,73,79,95,108,104,95,88,85,87,94,97,92,88,96,103,107,97,54,16,1,0,0
108,101,98,103,107,110,111,109,102,96,94,99,101,99,103,113,118,122,113,68,22,2,0,0
115,115,121,126,122,120,123,124,123,118,111,107,106,106,111,121,132,138,124,75,24,2,0,0
113,119,130,138,135,132,129,130,134,139,129,118,112,113,118,132,145,149,133,84,29,4,0,0
118,121,129,135,135,134,125,120,127,141,134,121,114,116,125,142,149,150,140,98,41,8,0,0
131,128,125,121,116,115,108,102,103,111,108,101,99,104,115,124,129,137,138,105,50,13,0,0
112,113,115,109,94,89,89,88,88,93,89,85,83,83,85,87,94,104,110,95,56,21,3,0
103,104,112,110,88,74,82,89,90,93,93,91,86,79,76,75,79,86,92,87,66,34,8,1
114,112,120,124,107,88,95,103,104,104,108,109,102,91,88,86,86,88,90,88,78,48,15,1
133,127,133,142,136,119,114,117,118,114,118,119,113,105,104,101,98,96,95,95,87,56,20,1
