137,136,134,131,126,118,116,117,122,132,134,135,135,135,133,128,120,117,122,128,135,142,146,148
134,133,132,129,123,117,117,122,130,138,137,136,135,134,132,128,121,119,123,128,136,143,150,152
131,130,128,126,121,116,115,121,130,138,139,137,135,133,131,128,123,119,121,127,132,140,149,155
128,127,126,124,121,116,117,121,127,133,137,137,135,133,130,126,121,120,124,133,136,141,148,155
127,125,124,122,119,117,127,133,132,131,133,134,132,130,127,123,117,120,135,149,150,149,150,153
124,122,121,118,114,114,131,142,141,132,130,129,128,125,122,118,112,114,126,139,143,142,144,149
119,117,115,111,105,101,111,121,123,118,122,123,122,119,115,110,103,100,104,113,121,125,131,140
111,110,107,102,96,90,97,109,113,108,113,115,113,109,105,99,94,91,94,107,122,126,127,133
101,100,97,92,87,83,92,107,115,104,106,105,102,98,93,89,86,87,93,109,128,130,125,127
89,87,85,82,78,74,80,94,105,98,97,96,93,88,84,80,81,84,87,87,97,105,112,117
75,75,74,72,69,65,66,72,80,85,84,84,82,79,76,77,92,108,112,93,81,84,95,103
92,93,94,96,98,99,101,106,114,121,116,113,109,103,99,106,119,129,130,120,107,104,111,118
131,131,134,138,143,146,150,155,160,163,160,157,153,147,143,152,157,156,154,158,155,153,155,160
161,161,163,166,169,170,173,177,179,178,180,181,180,177,176,182,184,181,180,187,195,199,201,204
153,154,155,156,156,156,157,160,164,165,166,165,165,166,168,172,175,179,184,189,199,210,218,219
159,161,162,160,157,154,153,156,159,160,160,160,160,160,163,165,168,172,178,185,198,212,221,222
175,176,173,167,161,155,155,157,159,160,161,162,164,168,172,175,179,185,190,193,196,197,194,190
181,180,173,162,151,147,156,164,168,168,168,172,176,176,175,179,182,183,180,171,165,150,133,122
177,171,157,139,125,127,148,166,170,168,163,170,170,157,146,150,148,141,131,113,107,89,67,55
186,173,143,111,95,104,126,136,131,124,110,116,110,88,77,85,84,82,82,75,76,69,59,55
160,148,126,102,87,83,91,91,86,85,77,77,67,50,53,65,69,73,80,77,75,70,67,69
117,110,102,95,87,79,74,71,70,72,68,66,58,50,54,63,70,77,80,68,60,58,64,73
77,71,71,76,76,70,61,61,70,75,73,68,61,57,61,70,80,85,78,53,46,58,79,96
55,47,45,51,55,50,40,47,68,77,78,69,55,50,62,80,93,93,79,52,51,80,118,142
