101,99,98,97,95,98,98,98,99,100,99,99,99,99,98,98,97,97,98,96,98,100,99,96
105,103,103,102,101,103,103,103,102,104,103,103,103,103,101,102,102,102,102,101,102,103,102,100
110,109,109,110,110,110,110,109,108,110,109,109,109,109,108,109,109,110,111,111,111,111,110,110
113,113,114,114,115,114,113,113,113,113,112,112,112,112,112,114,114,115,118,117,115,115,116,116
113,113,113,114,113,113,114,116,116,114,109,108,107,107,109,112,112,113,115,112,110,111,112,111
112,112,113,113,114,116,119,122,121,113,103,102,104,104,103,104,105,105,103,98,101,105,104,100
113,112,112,113,115,119,123,124,119,109,105,113,120,119,110,105,108,107,98,90,94,100,101,96
119,118,119,119,118,121,127,129,123,114,117,128,134,130,120,114,118,117,106,97,100,106,108,106
135,135,137,136,129,130,136,138,133,128,132,137,136,131,124,122,125,124,118,112,113,117,120,120
162,163,163,161,153,150,150,146,140,137,138,136,131,125,122,123,123,122,120,119,120,122,124,124
175,173,168,162,157,158,153,145,137,133,130,127,124,122,121,123,121,120,120,118,120,122,123,122
183,177,167,157,152,154,150,143,137,136,134,132,132,131,130,133,133,131,131,130,132,133,132,131
189,182,169,160,160,168,163,153,147,150,149,149,149,147,144,148,149,148,146,146,149,151,150,147
193,187,176,170,179,196,186,166,155,160,163,164,163,159,149,151,155,153,147,148,158,163,162,159
194,188,177,172,183,205,190,159,142,151,157,159,158,151,134,135,141,135,120,126,149,160,158,155
199,193,183,178,186,203,187,157,141,151,151,148,146,143,133,136,138,129,114,123,148,157,153,148
199,193,185,183,189,199,190,173,165,170,166,161,159,159,158,160,159,152,145,152,167,171,165,160
195,189,183,185,193,200,198,193,192,192,188,185,184,184,187,187,184,181,181,185,190,190,185,182
189,183,179,184,197,205,204,200,199,201,197,193,192,194,197,196,189,185,190,196,200,199,195,191
182,177,175,183,197,207,200,188,185,192,180,167,165,177,188,180,163,154,164,183,194,190,176,166
179,173,169,175,187,196,186,167,161,175,160,143,140,153,170,156,135,123,128,153,174,169,152,140
175,168,163,167,179,189,182,165,157,168,153,137,134,145,158,143,124,111,110,131,155,152,137,128
169,162,156,160,177,191,190,180,174,177,166,157,155,159,164,155,143,132,128,140,156,156,147,142
163,156,150,156,178,197,201,197,193,192,188,185,184,184,183,179,175,170,168,170,174,175,173,170
