74,78,67,51,46,48,50,43,30,20,20,33,53,75,91,88,71,56,52,63,81,85,93,115
67,71,62,49,48,51,49,37,22,14,18,34,52,70,86,88,76,65,63,72,88,92,96,106
59,62,56,48,49,54,51,36,19,12,22,42,57,67,82,92,85,72,67,74,86,96,98,93
57,58,50,41,42,53,55,42,23,16,29,52,63,67,84,99,90,72,63,70,78,91,98,95
64,61,45,29,28,49,59,50,32,22,35,55,63,66,91,103,87,68,63,69,72,78,95,118
62,67,56,37,33,61,75,64,40,29,37,51,58,65,95,106,88,72,69,63,58,65,91,119
96,102,87,61,50,70,84,72,48,39,39,50,54,52,68,91,90,85,86,68,53,63,96,126
156,154,128,92,72,80,93,84,67,66,61,62,53,40,44,84,106,119,123,94,72,84,117,142
206,191,155,117,96,95,107,102,93,107,101,79,51,31,34,85,130,158,163,131,113,125,149,163
206,186,152,123,113,110,119,115,114,140,133,90,43,19,26,77,139,174,172,158,158,170,180,181
149,145,139,131,120,102,91,92,108,134,126,84,38,13,24,71,126,156,157,168,178,184,186,186
125,133,141,138,116,91,73,80,104,122,125,87,39,11,21,66,116,140,139,160,178,185,186,187
132,135,137,132,117,93,77,94,126,137,133,90,39,11,18,57,100,122,124,143,162,177,185,187
138,128,120,124,130,108,95,120,161,169,137,83,34,10,18,48,80,99,109,126,139,160,180,188
114,102,108,132,150,127,107,126,164,172,126,68,26,11,19,51,73,81,90,115,121,142,170,186
106,99,113,142,155,125,93,93,121,137,106,57,21,11,22,63,84,85,84,105,115,131,155,176
85,80,94,119,130,102,69,60,77,98,85,52,21,9,18,55,76,79,81,101,125,143,158,169
63,66,84,101,96,74,53,45,54,72,80,57,26,6,10,35,54,63,72,92,130,157,171,176
64,77,102,106,74,57,56,56,57,68,95,73,32,5,3,16,34,48,58,77,119,155,180,194
101,106,113,101,67,59,71,78,77,81,120,94,41,5,3,12,27,42,55,72,105,141,177,204
128,121,110,94,73,55,68,87,96,96,120,86,36,8,6,13,26,49,75,87,95,120,157,186
130,122,108,92,77,55,65,83,94,98,117,78,30,7,7,10,16,43,91,128,121,123,143,162
120,118,108,90,72,65,80,91,91,95,121,82,30,5,5,12,15,42,102,165,159,142,136,140
114,115,108,87,61,78,107,115,101,96,129,94,36,4,6,19,28,54,110,176,178,156,134,124
