164,170,179,185,185,170,145,135,141,145,160,161,144,126,132,128,129,118,97,90,68,90,116,111
165,167,171,178,182,173,150,135,138,151,161,154,131,109,113,122,135,127,99,82,65,93,132,141
174,173,170,168,166,164,146,127,121,130,137,128,111,96,96,119,145,146,118,91,83,121,167,183
184,182,178,169,160,158,146,128,116,121,127,125,117,107,96,115,144,158,144,114,119,157,193,202
184,185,185,183,178,174,163,146,140,161,167,169,162,143,118,108,127,151,153,127,146,171,183,179
177,177,178,179,178,178,165,143,141,180,187,186,181,173,158,140,140,142,130,106,132,148,147,141
171,167,166,169,173,178,166,142,140,182,190,189,186,183,180,174,166,151,126,98,117,124,112,98
179,172,168,170,175,182,171,148,145,186,196,193,187,181,175,174,169,154,128,100,115,125,113,93
195,190,185,184,186,188,177,156,153,187,198,191,179,169,157,150,150,144,128,109,124,142,139,118
203,204,202,199,197,188,177,162,158,172,180,167,155,149,142,135,133,132,132,129,132,150,154,133
208,206,199,193,189,172,170,171,170,166,163,154,143,134,126,126,131,146,164,155,144,152,149,125
195,191,183,175,168,154,154,157,153,144,136,130,125,120,117,122,134,159,183,173,148,138,128,107
166,165,159,153,147,136,134,133,128,119,112,110,111,111,111,121,140,164,182,174,146,125,107,91
131,133,132,130,129,121,119,118,115,106,103,105,109,111,112,127,146,163,171,168,149,120,94,81
106,106,107,109,113,118,123,124,120,113,113,119,124,127,132,140,146,156,171,177,161,119,83,75
123,121,120,126,141,159,162,157,152,154,166,170,159,146,150,135,118,129,167,184,162,113,76,71
155,153,156,167,183,192,191,181,177,190,207,208,188,169,174,152,130,139,172,174,143,101,85,100
173,172,180,196,211,214,207,193,185,197,215,218,205,189,189,167,155,164,180,163,124,90,92,123
173,174,183,199,216,222,213,194,178,175,188,200,200,188,172,150,152,169,178,156,115,85,87,111
183,187,195,203,209,212,205,185,160,145,150,162,158,135,114,96,118,149,158,141,110,82,73,81
187,196,210,217,208,192,177,155,135,130,139,127,102,84,91,88,116,144,150,149,135,110,92,93
169,181,199,210,201,176,154,140,133,130,134,106,74,68,94,107,123,139,150,161,143,114,99,103
152,162,175,183,180,162,133,131,150,154,148,116,84,79,106,129,136,140,152,159,132,108,103,111
154,160,161,158,153,150,113,121,167,188,177,147,112,94,111,141,149,149,153,145,120,112,117,122
