209,216,211,198,187,176,169,153,123,95,159,205,215,208,217,225,224,213,203,207,210,203,191,182
195,204,197,173,150,141,141,141,126,97,148,197,216,215,221,221,221,217,206,196,193,190,186,183
180,183,172,150,128,121,124,136,134,108,137,184,207,206,213,213,217,216,201,172,170,179,192,200
181,172,159,148,144,136,139,150,151,127,134,163,174,168,191,205,214,214,199,166,170,188,208,220
202,187,170,167,180,173,173,178,171,141,134,135,120,112,162,201,215,214,210,199,206,216,223,226
209,205,190,180,187,197,191,176,152,121,109,108,90,80,138,195,213,214,219,219,221,223,223,224
195,203,208,206,203,209,205,182,141,99,81,87,82,74,107,175,207,214,218,220,217,212,212,216
184,196,211,215,206,207,207,185,148,116,95,86,84,83,89,146,192,213,215,215,207,199,198,204
195,200,209,210,202,207,205,185,162,159,140,111,103,110,104,131,178,210,214,212,203,193,189,191
222,221,219,215,209,216,210,183,163,179,168,150,146,153,152,147,174,202,209,206,202,196,187,178
227,226,226,221,210,199,181,150,134,159,158,155,160,168,167,157,168,184,187,185,184,179,171,162
196,195,194,188,174,159,143,119,107,124,126,124,126,131,136,138,149,159,160,159,159,158,153,148
154,154,153,149,140,134,126,111,98,102,100,96,92,95,109,126,141,148,148,146,145,145,144,142
130,130,130,130,130,135,133,119,103,98,94,91,87,89,110,134,150,154,152,147,145,145,144,143
134,133,133,134,137,140,134,120,106,101,101,102,101,102,120,142,155,159,155,150,148,149,149,148
123,120,122,128,133,131,122,118,119,121,129,134,132,127,129,141,152,157,155,154,152,155,160,161
95,93,98,109,119,115,107,107,113,115,128,136,142,145,140,142,150,152,149,157,168,175,175,170
95,93,99,110,121,121,116,111,106,106,120,127,139,156,162,161,160,154,148,163,180,181,166,147
126,124,129,138,145,150,149,132,114,121,137,139,144,164,189,193,184,172,165,172,172,160,132,100
126,130,141,154,164,172,159,135,128,158,181,180,171,172,195,213,215,207,195,178,148,131,108,77
90,94,104,115,120,122,112,96,95,118,139,136,122,115,132,155,158,151,145,136,119,109,94,70
95,96,102,107,102,93,84,81,85,92,95,87,79,77,82,100,103,99,100,103,98,96,90,79
121,121,121,119,108,92,84,89,99,98,82,69,71,79,73,81,85,95,114,121,116,114,116,118
131,130,128,123,112,98,91,97,110,115,93,80,87,99,90,90,97,127,168,175,162,156,161,170
