4,4,10,16,15,12,25,60,98,112,129,144,163,163,114,90,94,110,117,101,92,57,18,3
3,3,8,12,11,9,22,58,96,111,119,133,155,158,105,88,98,112,112,98,99,61,16,3
3,2,4,6,6,6,16,49,89,108,116,128,146,143,88,77,100,120,118,103,98,56,12,2
2,2,2,3,6,9,15,47,91,112,115,123,132,120,73,62,97,132,134,110,88,44,8,5
1,2,2,6,18,30,26,59,112,128,104,100,106,101,72,55,93,139,146,111,78,36,10,15
1,2,3,19,56,88,60,67,119,147,86,64,82,103,85,68,93,127,136,122,97,47,18,31
4,3,4,23,70,110,77,58,91,137,79,45,60,91,90,91,104,117,125,125,100,49,17,27
14,8,4,15,50,104,95,61,57,102,75,40,41,67,74,100,109,109,111,112,83,40,16,21
19,11,4,4,21,88,115,78,38,68,71,41,29,45,51,89,98,92,88,87,58,29,18,26
10,7,3,2,14,72,117,90,40,55,69,40,25,39,47,73,73,60,55,64,42,22,23,41
9,6,2,1,6,35,84,86,53,40,49,30,21,39,68,84,67,43,39,55,39,19,27,59
11,7,3,1,2,14,54,75,69,58,53,30,14,27,62,76,58,42,51,71,44,20,36,81
10,7,3,1,2,7,31,64,99,119,93,43,11,16,46,62,60,65,83,91,53,25,45,93
12,9,5,3,6,10,18,54,119,179,147,72,21,16,33,53,77,99,111,101,67,40,51,89
29,23,13,10,19,24,23,39,88,159,172,117,56,27,25,46,87,110,104,96,88,63,54,73
29,25,18,17,24,28,26,25,40,86,155,159,106,42,18,25,57,81,87,90,82,52,36,48
22,22,20,17,17,18,24,31,34,47,130,167,130,57,26,19,37,67,90,85,64,35,27,47
33,31,24,16,13,14,29,61,79,62,125,162,132,70,57,41,46,68,87,74,46,29,44,78
77,67,42,21,19,23,38,93,138,111,149,167,129,79,98,93,84,73,64,54,34,34,66,107
138,131,89,41,25,30,33,86,150,155,185,186,135,84,123,155,131,80,43,40,28,31,49,66
164,169,131,74,42,29,22,52,113,175,220,216,156,99,137,187,147,77,47,57,37,26,27,28
149,170,149,94,48,25,15,30,86,178,228,231,179,121,140,180,133,78,74,82,46,22,15,12
109,151,158,114,52,32,23,34,85,175,210,223,190,140,143,162,113,78,102,111,64,26,10,7
74,135,170,136,61,50,39,50,100,173,185,205,188,148,150,162,106,74,111,134,88,35,6,2
