167,142,109,93,97,70,80,145,207,197,204,209,193,158,123,102,98,102,97,58,16,0,0,0
179,153,111,82,81,62,89,159,215,204,204,206,185,141,108,87,94,113,112,65,18,0,0,0
185,163,117,80,78,65,100,161,202,194,181,190,168,114,83,70,91,119,118,63,16,0,0,0
185,169,128,91,85,83,117,157,180,175,155,162,141,87,58,62,97,129,120,56,13,0,0,0
190,176,145,111,97,116,149,172,178,171,154,133,103,67,41,61,116,153,131,53,11,0,0,0
200,180,156,144,152,183,199,208,212,201,173,111,65,46,31,66,132,163,123,46,8,0,0,0
213,186,160,160,193,223,232,235,238,229,189,116,70,56,33,56,106,125,89,33,6,0,0,0
226,191,147,141,190,228,240,244,247,239,195,126,86,72,39,44,72,81,59,36,12,1,0,0
234,195,132,111,167,215,232,239,245,237,191,120,81,72,45,42,52,53,43,48,22,4,0,1
233,203,140,111,164,208,220,229,239,231,180,100,52,48,50,57,52,39,31,46,26,7,0,1
203,204,169,141,168,210,203,198,208,211,164,107,58,37,57,82,79,50,19,21,13,5,1,1
160,179,176,159,161,208,193,161,154,177,162,146,102,54,66,100,96,57,15,6,4,2,1,0
133,149,158,148,134,190,199,171,147,157,146,164,144,87,70,98,95,60,20,5,1,1,1,0
127,131,135,122,101,160,211,216,183,145,108,146,164,126,79,83,82,64,37,14,4,1,1,0
125,125,126,112,89,140,202,222,183,110,67,124,175,162,109,77,74,76,63,34,13,2,0,0
109,114,123,121,112,154,182,177,133,71,61,135,182,163,131,94,78,68,54,44,24,8,0,1
71,86,109,124,131,170,157,127,100,81,77,149,183,148,114,85,60,41,32,39,27,10,0,1
54,70,93,111,130,176,144,104,103,134,125,173,184,132,89,66,42,23,17,26,20,8,1,1
70,75,79,87,112,168,139,105,124,193,193,208,187,125,83,62,42,25,16,15,10,4,1,1
79,71,60,65,96,142,112,86,121,209,230,227,186,128,101,83,55,27,9,8,7,4,1,1
78,56,42,55,92,115,83,66,105,186,219,217,178,129,107,77,43,17,6,5,4,2,1,1
84,54,36,53,94,97,70,56,75,118,146,155,140,110,86,50,23,9,6,3,1,0,0,0
94,61,39,56,96,95,72,49,42,54,82,95,92,79,60,28,11,9,10,3,0,0,0,0
100,66,45,60,95,101,76,43,24,35,75,79,65,55,52,24,13,16,17,4,0,0,0,0
