63,63,63,67,80,99,67,35,34,52,38,40,75,118,129,138,114,81,68,81,42,15,18,35
63,56,53,59,71,92,70,43,41,66,63,73,102,129,130,139,126,106,99,106,61,31,29,37
64,48,41,49,65,85,74,51,47,75,87,106,126,136,134,138,138,138,141,132,90,60,45,35
75,50,38,47,66,89,87,63,50,76,87,103,117,131,147,149,150,158,165,143,112,82,52,26
99,70,50,53,72,106,109,79,54,71,64,61,76,115,169,178,165,161,164,137,115,83,44,16
110,81,58,56,73,113,119,87,54,58,50,48,63,107,179,199,181,164,157,126,102,74,44,24
86,67,54,55,69,99,103,73,41,43,46,65,87,115,164,202,189,166,157,137,105,71,51,51
59,49,47,55,68,83,86,61,33,37,60,98,117,118,141,193,196,175,159,147,111,74,64,82
49,44,48,63,77,75,72,55,36,41,79,126,131,106,115,176,201,188,163,148,117,85,82,105
60,57,64,81,93,69,55,48,46,49,88,130,122,82,90,154,198,200,171,143,128,110,103,115
64,68,82,96,96,60,36,37,49,59,98,136,118,68,72,133,183,195,172,147,158,141,119,119
60,71,93,108,95,58,33,36,54,65,90,119,114,83,79,120,168,185,168,159,181,163,129,118
56,67,86,100,92,67,47,48,62,68,79,100,111,105,92,116,158,174,156,157,181,167,132,113
55,60,69,79,88,82,68,63,67,67,77,92,110,118,102,114,144,154,137,139,159,154,127,105
53,56,64,76,87,90,82,70,61,60,81,92,108,121,112,111,118,119,114,124,138,137,117,94
55,56,63,74,78,71,69,66,57,50,73,83,97,113,109,104,105,108,115,135,148,145,122,97
52,49,49,54,60,59,58,63,63,52,71,91,102,99,89,87,95,110,127,144,152,148,130,110
44,38,33,32,39,47,53,68,78,67,69,91,102,89,73,81,101,126,146,147,147,146,138,125
36,30,25,24,25,35,49,73,92,86,66,72,84,84,72,89,116,146,164,150,143,145,145,139
35,30,25,26,34,40,46,61,81,89,64,55,64,75,71,80,102,135,162,151,144,146,151,152
23,29,29,30,44,58,48,45,61,83,62,48,52,63,57,52,61,85,115,130,144,150,152,153
16,35,46,46,46,56,39,30,48,86,84,63,60,73,70,65,68,69,70,97,133,150,154,156
25,41,55,55,42,41,28,22,42,89,115,95,82,92,99,108,111,86,52,76,119,146,156,158
44,39,45,49,37,31,26,23,38,84,131,123,103,103,118,138,142,107,59,77,112,141,154,154
