12,13,14,15,15,12,10,40,111,197,213,200,201,208,175,158,161,172,177,160,97,62,71,97
11,12,12,14,15,13,13,52,123,189,208,214,214,196,150,134,140,161,181,169,100,54,57,86
10,10,11,12,13,13,24,75,140,169,187,215,213,170,120,124,144,170,188,177,112,53,44,77
8,10,11,12,12,15,50,113,162,157,165,197,194,145,104,134,171,193,194,178,120,57,44,82
9,10,12,12,12,24,90,160,189,167,160,176,169,133,108,148,189,205,193,167,106,52,53,99
10,11,12,12,15,40,125,190,200,174,165,173,160,127,113,144,181,197,180,141,70,34,51,91
13,14,14,13,19,61,150,200,189,155,149,157,149,126,120,141,172,192,185,144,63,35,68,115
14,14,15,13,21,78,159,192,170,137,127,132,133,124,122,140,159,181,195,172,86,55,94,149
12,13,13,13,28,93,157,177,157,131,114,109,111,114,118,143,154,170,195,192,108,79,122,179
10,11,11,19,50,120,161,171,156,130,110,93,86,93,106,148,164,169,176,164,94,93,152,204
10,9,9,31,93,168,183,172,157,134,104,77,65,70,88,137,165,161,135,106,70,112,188,228
14,10,14,53,136,190,185,166,154,139,91,57,46,50,58,100,136,136,104,79,65,113,184,225
16,12,22,74,163,184,164,151,149,132,72,43,48,62,61,86,121,135,123,117,94,103,153,207
15,12,30,88,166,162,135,131,135,109,59,58,91,117,109,115,140,166,181,189,137,97,123,194
12,11,38,93,147,143,122,117,112,79,70,116,170,189,169,155,171,202,224,221,154,100,121,196
11,16,55,106,134,137,140,142,126,92,122,173,203,197,173,162,187,219,231,217,151,90,100,170
10,24,74,123,134,144,152,156,146,125,156,182,194,189,175,171,194,217,219,199,149,94,98,160
10,34,90,136,138,148,146,140,137,139,155,151,152,164,170,177,195,209,208,189,156,120,126,171
13,43,101,144,143,143,129,108,102,123,136,114,104,122,147,173,189,199,202,192,173,159,169,194
20,54,113,157,156,140,126,99,80,104,132,115,92,91,113,154,170,176,187,195,193,188,196,212
34,68,121,162,167,145,122,88,62,81,136,145,126,109,110,137,143,141,155,184,195,189,193,212
57,92,132,157,160,141,111,71,48,75,140,167,162,144,132,135,123,117,137,176,187,176,173,189
93,124,144,144,139,128,97,59,47,86,139,169,178,172,153,134,116,117,142,175,178,164,153,157
126,150,150,131,122,115,88,59,57,100,134,161,178,179,156,125,119,134,158,177,175,161,146,137
