185,183,183,185,186,185,183,182,183,184,185,189,198,204,194,188,188,191,200,214,220,214,212,222
185,184,184,185,186,185,183,183,183,184,184,186,195,205,206,199,192,194,200,196,197,203,215,227
186,185,185,185,186,184,184,183,182,182,183,183,189,201,211,206,205,206,197,164,156,178,208,223
185,184,184,185,185,184,184,183,182,180,185,185,184,187,200,205,216,216,190,146,129,156,195,213
183,181,183,185,185,184,183,183,182,181,190,192,180,165,174,196,214,211,184,158,136,149,182,206
180,179,181,183,183,184,183,183,184,185,188,190,173,144,130,164,191,197,182,155,123,129,163,193
182,180,180,182,183,183,183,183,183,184,183,186,173,139,106,137,165,172,158,125,101,111,144,171
195,187,182,182,183,182,183,183,183,183,181,183,169,135,101,124,143,146,132,107,96,111,137,152
213,199,185,181,183,181,182,183,183,184,183,180,162,127,96,109,124,129,123,115,114,124,135,139
227,208,187,178,182,183,184,184,183,182,182,178,161,125,79,81,109,129,132,138,138,134,129,125
231,212,189,177,180,183,183,183,182,181,183,183,168,132,83,90,129,147,130,128,138,136,124,113
240,226,201,183,182,184,184,183,183,183,184,186,178,152,110,118,156,171,142,114,126,130,116,100
247,239,216,192,182,182,183,183,183,183,183,185,185,174,149,150,175,187,163,123,123,129,119,99
246,241,220,193,179,178,182,183,182,183,184,185,187,186,179,175,183,191,183,155,137,135,127,108
238,230,206,183,180,180,181,182,183,184,186,187,185,183,183,182,183,187,188,181,160,141,123,110
227,216,188,173,195,197,188,183,182,177,176,181,183,183,185,185,184,185,188,187,184,165,134,106
214,202,166,143,166,187,188,185,179,166,155,164,175,179,185,188,188,188,187,186,189,182,165,148
194,183,148,118,126,164,182,186,180,166,150,153,160,163,171,183,190,192,192,191,189,185,185,189
172,162,140,118,114,144,166,178,183,182,170,159,150,144,148,165,179,187,193,201,193,182,181,190
162,152,144,140,135,132,133,151,177,192,189,179,167,156,147,145,146,152,168,193,193,187,174,156
176,166,157,157,164,147,130,142,174,191,189,186,183,179,173,163,144,122,114,136,160,174,159,126
184,178,170,170,179,170,156,160,178,188,187,187,188,188,187,183,170,145,117,109,130,153,141,101
184,182,178,177,183,185,183,182,185,186,186,186,187,188,188,191,193,184,161,136,137,154,143,102
183,182,180,181,185,188,189,190,188,186,184,183,186,189,189,187,190,195,194,181,174,179,165,126
