72,67,69,93,137,144,114,95,103,129,175,204,199,167,140,143,178,214,230,234,236,222,194,169
66,63,73,103,137,137,114,98,101,116,158,196,201,177,157,147,169,195,210,228,229,217,195,176
65,61,78,109,132,125,116,111,108,106,135,173,186,173,164,154,163,170,176,204,202,192,189,196
56,57,83,118,131,117,122,131,126,105,114,144,157,149,146,146,155,157,153,169,166,164,176,196
43,57,97,134,136,118,129,146,140,106,100,120,129,119,110,112,139,161,155,133,137,149,156,155
104,115,134,141,121,108,116,126,119,91,92,105,109,100,91,99,132,156,145,106,114,136,141,127
175,171,156,132,109,98,98,96,85,69,82,97,103,98,94,103,126,140,131,106,115,130,132,122
164,150,137,125,111,97,91,80,67,62,88,109,114,106,99,101,113,128,134,125,129,135,137,137
109,92,98,115,114,102,95,81,66,71,108,130,126,108,95,89,99,124,148,145,143,146,155,166
112,89,84,96,102,103,98,81,65,79,130,141,120,91,79,77,94,125,151,149,145,152,172,195
124,111,103,106,110,105,88,63,54,90,151,151,111,71,62,70,90,121,150,154,146,151,173,196
122,120,116,112,109,93,64,42,50,102,162,154,102,57,54,69,85,105,129,140,147,162,175,178
119,128,130,116,92,67,44,39,68,125,172,157,104,60,56,69,77,88,108,122,142,166,170,149
119,141,149,125,81,55,47,63,101,148,175,156,115,79,66,67,67,77,102,122,144,167,157,120
116,148,159,139,107,89,86,101,124,143,152,140,122,102,79,63,58,76,114,150,182,189,154,105
111,133,137,128,132,141,136,128,122,119,125,123,113,96,74,62,60,76,112,156,198,212,177,121
111,117,107,98,116,157,168,152,125,109,111,115,104,82,65,64,67,81,108,138,165,190,185,152
106,102,90,78,83,127,162,160,132,114,112,110,94,71,61,70,75,86,106,124,133,161,185,185
90,92,94,85,69,82,123,138,128,124,121,106,83,65,63,79,81,83,100,123,133,156,185,202
78,88,101,104,91,77,87,93,97,119,135,112,76,56,65,84,76,66,78,113,144,166,181,190
87,94,101,110,123,123,88,62,71,114,140,123,88,67,75,77,62,54,69,102,138,158,166,170
117,115,111,123,156,159,94,49,60,105,127,123,104,89,88,75,59,53,66,92,124,142,154,166
148,140,127,135,169,164,93,47,55,86,109,122,117,102,93,78,67,62,66,83,110,126,141,161
162,154,137,136,160,150,86,46,48,65,98,125,124,101,88,81,76,70,66,79,104,115,126,144
