26,14,5,12,37,71,89,112,135,139,147,161,164,151,130,94,75,70,68,69,68,68,67,63
28,14,7,17,40,59,71,99,130,139,143,153,158,149,128,93,76,72,71,72,73,75,74,72
21,11,11,30,58,66,69,93,127,136,131,138,147,145,126,95,85,87,90,96,105,113,115,114
9,4,11,38,77,89,88,103,127,131,116,122,139,146,130,99,93,101,111,127,146,158,163,162
3,1,7,31,74,103,110,115,124,123,102,112,139,156,142,104,89,97,115,138,162,176,180,179
11,6,4,18,52,88,106,110,112,116,100,117,145,163,161,124,96,87,93,107,140,163,173,173
30,20,14,21,43,72,89,95,98,100,94,120,148,162,171,150,115,85,72,79,120,155,169,167
55,47,40,39,45,67,88,93,84,73,76,108,134,147,168,163,134,102,79,69,102,142,165,166
84,81,70,54,45,69,102,102,69,43,47,75,102,126,161,162,144,121,99,74,85,121,153,162
113,106,82,49,33,70,114,105,55,21,18,33,67,115,159,158,137,116,98,77,74,97,128,145
111,107,78,39,25,74,110,93,46,19,9,21,64,124,163,143,104,79,74,72,77,89,108,125
95,94,71,39,33,87,109,80,34,17,13,28,73,132,161,123,71,41,43,58,84,100,110,117
93,87,65,44,51,103,103,63,21,16,26,38,72,122,151,115,67,34,26,41,79,101,106,105
108,89,61,51,75,113,91,44,12,17,38,44,63,104,143,125,96,63,35,34,63,82,88,90
119,92,65,65,96,113,79,36,13,18,40,46,62,100,144,143,131,104,69,47,51,60,75,91
121,97,80,86,106,103,73,38,16,18,45,62,77,99,129,145,150,132,96,69,54,59,79,99
144,131,110,103,115,108,81,50,28,19,44,66,77,85,103,130,155,151,116,85,70,68,80,98
174,170,139,112,120,123,103,74,46,27,34,53,67,74,85,109,145,157,130,88,76,73,79,92
197,195,156,116,119,130,122,95,62,36,21,35,58,75,79,91,125,153,142,87,69,68,75,83
212,204,166,126,113,108,103,84,56,34,18,35,61,73,69,74,110,151,158,108,71,61,63,63
187,180,157,128,105,71,49,37,27,18,27,50,59,54,62,82,121,158,166,124,74,56,57,58
155,151,140,122,94,49,28,26,26,21,45,80,81,58,65,94,130,160,167,134,80,55,53,56
144,143,135,117,86,52,57,65,54,35,49,87,101,89,87,99,125,153,166,144,95,62,52,55
160,157,145,119,86,65,103,116,83,44,36,61,98,122,116,98,110,142,166,157,114,73,53,53
