200,202,203,202,196,189,185,181,178,175,169,160,148,133,119,105,81,56,38,29,29,30,36,44
199,201,203,201,195,189,185,181,177,174,168,159,146,131,120,108,84,59,43,36,34,35,41,49
199,200,201,199,193,187,183,180,176,172,165,155,141,128,120,118,98,72,53,44,40,41,46,54
197,199,199,196,190,184,182,179,175,170,162,151,136,122,118,125,113,87,61,47,40,39,46,54
196,197,197,194,187,182,180,178,173,167,158,146,131,117,112,121,117,93,60,42,33,30,37,48
195,197,196,191,184,181,180,177,172,165,155,143,127,113,107,112,108,87,58,43,34,32,37,45
194,195,194,189,183,182,180,177,170,163,153,140,124,110,102,103,99,81,55,45,41,43,47,50
194,194,192,187,182,182,180,176,169,161,150,137,121,106,97,95,90,75,52,40,41,49,55,56
194,193,190,185,183,183,181,176,169,161,149,134,118,102,92,90,85,72,52,37,38,45,52,53
194,193,189,186,185,185,181,176,170,161,148,133,116,101,91,88,84,73,59,47,39,35,34,34
193,192,189,187,187,186,182,177,171,162,149,134,117,101,91,88,83,73,62,57,49,36,25,21
193,192,190,188,189,187,184,179,172,163,149,134,117,101,91,87,81,74,67,63,56,41,26,19
195,194,192,191,191,190,187,182,175,165,151,135,118,102,91,87,83,78,72,65,59,48,34,24
198,197,196,196,196,195,192,187,180,170,156,139,122,106,95,91,88,83,77,68,62,55,43,33
205,205,205,204,204,203,201,197,190,180,166,150,133,116,105,103,100,93,84,76,69,62,51,39
218,218,217,216,215,215,213,210,205,197,185,172,158,144,135,134,129,120,109,99,87,75,60,49
228,228,228,228,227,226,224,223,220,215,209,200,191,181,172,166,156,143,129,114,97,81,66,56
232,232,233,233,232,232,230,229,228,226,222,217,211,203,194,183,169,153,135,117,98,82,67,58
226,226,226,227,226,225,224,222,221,217,214,209,203,195,184,172,158,143,126,109,92,77,64,56
208,209,208,207,205,202,199,197,192,186,180,174,167,158,146,134,123,112,101,88,77,66,57,51
170,170,170,167,163,159,154,149,144,135,127,121,114,107,99,91,83,76,69,62,57,52,48,45
130,132,132,131,128,123,118,113,108,103,99,94,87,79,73,68,65,60,55,48,45,44,42,42
108,111,114,114,111,107,104,100,97,98,103,103,97,88,83,83,85,85,79,73,69,69,70,70
107,112,116,116,112,108,106,104,104,110,122,127,124,117,112,118,126,129,125,120,117,117,119,120
