63,63,64,68,73,80,79,75,71,67,69,72,71,65,64,65,68,71,71,66,64,74,93,110
63,63,63,65,69,71,71,70,69,68,69,73,71,67,71,76,80,82,83,82,83,94,111,126
62,61,60,60,63,68,71,74,75,74,76,82,84,84,90,98,104,105,103,102,105,111,122,133
60,59,57,58,63,75,84,89,89,85,88,97,105,108,107,109,112,114,111,106,109,112,118,127
60,59,59,61,69,85,98,104,102,97,102,112,122,123,111,98,94,97,98,91,94,99,108,117
61,61,61,62,67,76,85,93,97,101,114,124,129,129,121,112,106,103,101,95,88,90,98,107
61,61,62,63,66,73,80,86,92,97,115,126,129,125,116,114,112,106,101,98,91,87,85,84
75,75,75,76,78,82,85,87,89,91,103,111,111,105,96,96,96,93,92,98,102,102,94,83
96,95,94,94,95,95,92,91,90,87,90,90,87,83,82,81,78,78,86,102,119,126,120,107
104,101,98,98,98,94,91,90,90,91,92,88,81,81,94,97,91,88,99,119,136,142,139,132
88,87,85,83,84,84,83,81,84,93,105,107,98,95,112,122,119,115,118,127,137,137,134,132
70,69,68,67,67,70,72,71,74,85,100,102,94,89,100,113,122,125,125,125,125,119,116,121
57,57,59,61,60,61,64,65,65,73,82,82,77,73,77,90,109,125,129,125,120,111,108,116
56,57,61,65,62,61,62,62,61,64,67,66,64,63,64,77,104,126,131,126,120,110,106,111
66,67,69,71,68,67,65,62,61,65,66,64,65,68,71,92,116,130,126,113,103,92,86,88
71,70,71,71,69,69,65,61,63,71,71,66,66,74,83,105,119,122,115,101,92,85,85,92
77,74,71,69,66,67,66,66,73,85,88,84,87,97,106,113,110,106,105,104,105,98,93,95
84,78,70,63,60,64,69,76,88,100,106,107,114,125,127,120,106,98,104,121,132,126,113,106
86,79,68,58,56,61,68,84,102,111,117,121,129,137,136,127,114,107,114,139,152,149,136,125
77,73,70,67,61,55,60,80,104,117,121,118,119,125,129,125,123,123,124,133,139,138,132,126
85,85,86,86,77,65,61,73,95,111,109,100,95,94,95,95,105,113,110,104,101,100,96,89
96,100,105,105,96,83,70,69,78,89,86,79,73,72,75,75,85,93,92,82,78,75,71,65
90,97,106,112,107,97,82,72,70,73,67,60,59,63,68,69,72,76,79,79,77,74,69,63
69,75,91,106,107,100,90,82,78,74,61,51,50,59,66,68,67,68,74,86,88,85,78,71
