26,26,32,40,42,39,36,36,39,49,74,100,94,66,60,73,69,48,25,14,14,14,12,9
30,29,34,39,39,36,35,34,37,48,72,97,92,66,59,69,63,43,22,13,12,14,15,14
36,34,34,35,33,32,32,31,34,48,67,90,90,69,58,60,51,35,21,14,14,17,19,20
38,35,31,30,32,34,32,29,31,46,62,84,89,74,58,54,45,35,28,22,20,20,21,21
33,30,24,26,40,44,37,29,29,43,57,78,89,81,63,57,49,45,46,39,28,21,17,13
28,24,18,24,45,49,40,29,29,42,53,74,89,86,68,57,52,55,61,54,38,25,16,12
18,15,13,21,40,46,42,34,33,44,54,72,88,89,71,58,53,55,59,53,37,24,16,12
17,16,17,24,37,45,43,37,36,47,57,73,88,91,76,64,55,51,49,43,30,24,20,17
28,27,29,34,39,44,39,33,36,51,63,77,90,93,82,72,62,52,46,40,32,30,28,23
38,39,41,42,40,39,29,24,32,52,67,81,93,96,87,77,71,64,56,52,47,40,33,25
29,31,35,40,41,33,24,26,39,57,70,83,93,96,89,78,73,68,60,54,43,31,23,20
27,26,27,31,32,27,27,35,47,60,71,82,92,97,94,80,68,57,47,38,28,21,18,18
35,30,26,26,29,32,39,47,55,61,71,79,89,96,97,78,54,36,28,22,20,23,25,22
43,38,31,29,36,44,50,55,58,61,68,75,85,94,97,72,39,18,15,16,28,38,37,30
37,36,34,36,43,47,50,53,56,57,62,71,82,93,96,68,35,16,16,23,44,48,42,42
44,42,41,43,50,52,53,54,56,59,67,75,83,92,96,70,41,28,35,48,58,52,50,65
54,50,49,51,57,58,58,59,62,65,71,75,80,88,96,74,49,39,48,61,58,55,64,82
52,50,49,51,55,56,57,60,65,68,72,73,78,91,104,87,62,51,56,60,51,59,76,84
40,40,41,42,44,47,50,55,61,66,70,72,80,98,116,103,78,62,58,52,48,64,78,75
32,32,34,35,36,39,43,49,56,61,67,72,81,96,112,103,85,66,51,47,53,66,72,68
27,26,26,28,30,34,37,43,53,66,69,70,76,87,98,94,80,62,51,62,70,71,68,66
24,22,22,23,26,28,31,35,49,76,83,74,70,79,88,87,74,61,60,76,86,87,83,80
22,20,20,22,24,24,26,29,42,75,99,84,70,74,83,82,71,65,70,80,89,96,98,97
20,20,21,23,25,24,25,25,34,64,104,95,76,73,81,79,73,71,75,76,80,90,100,104
