116,121,133,142,139,141,144,145,145,148,147,145,144,146,148,145,128,114,112,116,127,143,147,135
117,117,122,128,131,136,142,144,144,145,141,138,140,143,144,142,134,127,126,126,127,132,129,115
108,103,97,98,107,122,137,144,141,134,129,129,135,142,143,140,138,136,131,118,106,100,94,84
88,80,70,66,76,102,131,143,137,125,125,126,134,143,147,144,140,135,124,98,81,71,67,63
62,59,54,50,54,85,120,136,132,124,127,129,132,139,147,148,140,126,109,86,73,68,66,66
57,57,55,50,48,69,91,104,107,104,102,100,102,107,115,123,119,104,84,74,69,66,66,69
56,58,57,52,48,62,69,75,82,89,83,77,74,75,80,88,89,79,67,69,69,66,68,74
53,54,51,46,46,57,60,65,78,91,79,67,61,60,62,65,69,67,66,84,89,88,90,97
50,50,46,43,49,57,60,69,86,103,95,78,65,60,63,62,68,73,80,108,120,123,125,128
55,53,55,62,69,66,64,68,85,111,124,106,81,69,75,73,83,93,101,122,137,143,144,146
64,65,73,83,86,79,73,71,79,99,122,121,102,84,89,101,112,116,118,127,132,132,136,144
86,84,92,101,101,96,94,92,93,102,118,128,121,106,106,124,133,136,138,141,132,123,126,139
115,112,114,117,115,114,118,121,121,122,127,135,134,125,121,130,129,130,140,146,138,130,132,141
140,137,135,132,128,128,133,139,142,141,141,141,138,135,132,126,114,113,127,141,145,146,146,147
143,143,143,140,134,132,132,135,138,139,138,138,138,137,137,131,121,120,132,141,146,148,148,146
140,140,140,139,137,133,123,119,124,137,139,137,137,139,139,136,135,139,145,145,145,147,147,145
128,132,134,135,136,137,131,125,127,138,139,135,136,141,139,137,139,144,147,148,147,146,145,143
109,117,124,129,132,138,141,138,135,138,140,135,135,140,139,138,139,143,147,148,147,144,142,141
92,97,108,121,129,136,142,142,138,136,140,136,135,139,143,141,141,145,149,146,141,137,137,140
90,83,90,112,131,140,144,142,136,132,139,141,141,143,148,145,143,145,148,140,131,127,131,138
77,71,83,110,138,145,145,143,140,136,141,145,146,149,153,149,143,143,146,143,137,134,136,141
67,66,82,111,137,140,139,140,142,140,141,144,146,147,150,149,145,144,146,145,144,144,145,145
73,76,93,116,133,134,133,135,140,140,139,141,142,142,145,147,147,146,145,142,143,146,149,149
92,96,109,124,132,134,133,134,138,140,138,138,139,141,144,147,146,144,142,138,137,142,148,151
