68,47,33,38,53,51,65,67,62,74,85,93,118,128,63,19,7,9,10,7,7,8,10,13
78,57,36,31,38,35,37,37,39,55,64,66,81,90,49,18,10,12,12,11,11,12,14,17
102,82,58,43,39,27,21,19,22,31,34,34,43,51,39,27,32,40,37,26,19,17,19,21
113,99,79,63,54,39,41,45,38,20,17,19,25,32,40,49,70,86,82,61,40,27,22,23
92,85,73,63,60,62,85,99,78,28,19,20,22,27,47,72,99,117,120,107,78,49,30,24
68,68,54,39,41,66,87,91,69,24,12,10,12,18,34,65,83,88,93,106,109,89,58,39
59,59,45,28,23,35,43,44,36,19,12,11,12,14,20,42,49,47,55,84,108,103,79,60
54,51,40,25,16,15,16,18,19,19,18,16,15,14,13,22,24,28,46,79,90,86,69,53
53,46,36,27,20,17,17,18,19,21,22,20,17,13,11,13,15,26,50,73,62,50,40,29
61,52,39,30,27,22,18,16,15,16,19,19,15,11,11,12,14,18,26,32,24,19,19,20
63,54,39,29,29,28,25,20,16,14,18,18,14,10,8,9,11,12,14,16,17,18,20,24
62,54,41,32,35,42,43,38,32,26,22,18,15,12,9,7,8,9,9,13,19,23,29,37
59,53,44,39,43,50,49,45,40,36,27,19,15,15,13,8,7,8,11,17,25,31,37,43
54,51,47,46,48,48,42,37,36,36,29,20,16,17,18,11,9,11,18,26,36,41,42,39
51,48,45,46,47,45,43,38,33,31,29,24,19,20,23,17,15,19,30,42,50,51,43,32
49,44,39,38,41,42,49,50,42,31,29,24,18,17,22,25,29,34,41,49,47,43,38,34
54,48,41,38,39,43,48,49,43,33,30,27,25,26,30,33,38,43,44,42,37,33,31,29
57,51,45,42,42,43,43,44,47,49,40,36,36,36,36,35,39,42,40,32,26,23,21,19
53,47,44,45,45,42,38,42,55,67,51,42,39,36,32,31,33,35,34,24,19,14,12,13
50,47,44,44,43,37,34,37,45,52,39,32,28,25,23,24,25,26,25,17,12,11,13,16
53,51,48,43,39,34,32,32,34,36,30,28,27,24,22,21,18,17,19,16,11,14,21,24
56,51,44,36,31,28,27,28,28,28,27,28,27,23,19,16,14,15,18,19,15,17,22,24
58,50,43,38,32,25,24,25,26,25,26,26,23,19,14,13,15,17,20,22,20,19,19,18
59,50,50,53,43,29,25,25,26,24,23,21,18,15,13,16,19,20,21,23,22,20,15,12
