7,6,6,6,7,6,7,9,11,13,18,16,20,30,38,37,43,54,57,40,26,15,8,6
7,6,6,9,12,10,9,10,10,11,14,14,20,32,38,35,40,48,47,31,21,16,13,9
8,7,9,14,20,17,13,11,11,11,10,9,15,24,29,33,37,38,33,23,19,21,20,13
13,12,14,18,23,20,15,13,13,12,8,7,9,12,16,30,36,33,24,19,18,21,21,15
23,21,19,18,16,14,12,12,14,13,11,9,8,9,12,27,36,33,23,17,13,13,15,16
27,24,21,21,19,13,10,10,13,17,19,18,17,19,22,26,26,24,21,15,12,13,18,23
21,20,20,24,28,20,13,10,13,22,33,32,29,29,30,27,22,19,19,17,16,18,23,29
19,20,23,27,30,26,21,16,14,20,32,32,31,32,29,24,19,21,29,33,27,24,26,28
24,25,27,28,27,29,26,20,13,13,17,21,25,26,21,18,18,29,46,51,37,28,26,25
28,27,25,25,28,27,23,16,10,10,10,13,17,18,14,16,22,38,56,50,37,31,29,29
27,25,19,17,21,19,16,15,14,13,13,15,17,17,18,23,27,36,46,39,32,29,28,27
20,18,15,13,14,13,13,16,21,24,25,23,21,21,24,28,29,31,34,29,26,28,29,27
19,18,15,14,13,13,13,16,23,30,32,31,28,26,26,28,27,25,25,24,28,29,27,25
27,24,20,19,21,21,18,18,21,28,31,35,34,31,26,27,26,23,21,25,34,30,23,21
29,28,28,32,40,37,33,30,28,28,29,37,42,37,29,30,31,29,25,29,36,32,25,26
31,34,40,52,65,54,48,45,40,33,34,41,44,40,34,38,43,47,48,41,39,36,35,37
34,35,40,49,56,50,51,54,52,45,46,48,46,42,43,44,46,52,58,50,45,42,43,48
43,39,37,37,36,37,47,53,51,48,50,50,45,39,43,43,43,46,52,52,50,47,47,51
49,43,36,32,28,29,40,43,37,38,41,41,36,30,32,35,36,35,37,46,49,48,46,44
30,30,35,38,33,24,30,31,26,26,27,25,23,21,20,21,21,24,31,35,38,41,40,36
19,22,30,36,29,19,20,20,18,18,16,16,16,17,16,15,16,22,29,33,41,46,45,43
20,25,40,46,30,16,14,15,15,16,18,18,17,15,15,16,22,33,46,56,68,72,76,84
43,44,52,52,35,20,19,19,18,20,24,22,17,14,19,31,43,53,66,86,95,98,105,118
74,67,54,44,40,27,29,29,25,24,26,19,14,15,28,55,67,68,74,100,105,106,112,120
