7,6,15,37,60,49,36,41,57,69,66,64,73,89,100,109,113,95,54,25,37,52,52,42
6,6,14,35,59,52,41,40,48,53,61,66,74,87,100,107,114,100,61,23,23,33,37,34
6,6,14,36,64,60,49,44,42,37,50,63,73,83,99,106,116,106,69,22,12,15,19,22
7,6,15,41,73,72,66,62,54,40,46,62,71,75,89,103,116,110,77,30,13,9,10,13
6,6,16,42,77,83,90,91,82,65,61,70,72,65,71,93,110,110,88,50,26,14,11,11
6,6,12,34,67,80,89,90,85,79,78,83,80,68,59,71,95,108,94,62,37,21,12,9
7,6,10,29,60,73,81,84,83,80,80,83,81,71,56,56,79,96,87,61,44,28,18,15
7,6,11,28,55,63,70,80,88,86,81,81,78,69,56,51,65,79,78,63,55,45,39,39
6,6,11,28,50,53,62,78,92,92,82,78,72,61,52,49,54,63,70,68,70,69,67,68
7,6,10,24,43,46,57,70,79,80,74,71,64,52,45,45,48,54,60,63,81,86,83,83
6,5,8,19,36,39,50,61,68,69,69,71,68,61,53,44,45,50,53,56,64,69,77,91
7,6,8,18,36,43,53,60,63,65,70,73,76,75,67,49,45,48,49,50,44,46,64,87
7,6,9,21,42,56,62,64,65,65,68,72,80,84,74,54,47,48,50,50,35,33,51,74
7,6,10,25,50,66,70,70,69,67,64,66,77,85,74,56,49,50,53,54,40,36,51,73
6,6,11,28,52,62,68,72,72,70,66,60,66,79,77,60,52,52,54,53,53,54,73,103
7,6,12,29,54,58,65,71,73,73,69,58,60,74,82,66,57,55,56,56,64,69,87,115
6,6,12,30,53,54,59,64,69,74,71,61,58,70,82,67,59,60,60,57,61,67,76,84
6,6,12,29,51,52,57,62,66,73,71,62,60,70,82,68,63,65,64,58,57,60,56,44
7,6,11,27,49,53,61,65,67,71,69,60,60,70,81,72,69,70,65,58,61,58,44,29
6,6,10,25,49,57,58,58,63,69,69,59,54,61,71,72,70,66,61,53,58,59,51,41
6,6,10,23,45,57,57,56,60,63,66,59,53,57,66,66,61,56,52,51,57,59,57,55
7,6,10,21,39,49,55,58,58,57,60,56,54,57,66,61,56,52,49,52,54,54,60,70
7,6,9,19,35,44,52,59,61,58,55,51,52,58,68,59,56,54,52,54,52,50,57,72
6,6,8,18,36,45,51,59,66,65,55,46,48,58,69,59,57,57,54,54,53,48,51,62
