47,44,45,46,39,27,26,47,76,95,100,106,118,125,113,101,106,118,128,130,127,126,121,112
58,55,56,59,56,45,35,43,66,85,93,106,118,119,104,94,102,115,124,131,128,123,114,104
54,51,52,58,66,68,57,48,50,66,91,117,127,120,104,98,101,101,95,99,100,97,89,80
39,37,37,45,60,73,71,55,41,49,88,122,133,123,112,108,103,86,63,58,64,64,57,51
35,34,34,38,47,54,60,56,46,47,74,103,118,118,115,108,102,88,65,53,59,54,43,35
53,56,56,52,51,48,54,56,53,51,60,73,89,103,107,101,105,107,96,82,83,78,67,57
65,72,69,60,54,50,53,55,51,47,50,58,72,86,90,87,87,94,102,96,92,93,93,89
67,72,72,65,57,48,52,53,48,43,44,52,63,72,73,69,65,78,99,96,91,100,111,112
62,65,70,71,61,47,50,53,51,45,44,49,57,62,61,55,53,69,92,88,86,101,118,122
62,64,70,75,70,57,54,55,55,53,50,51,52,55,55,53,55,63,74,75,80,96,116,128
67,67,70,72,70,60,55,54,54,55,54,53,52,52,53,57,60,62,64,67,78,95,115,131
67,69,69,68,65,56,55,55,55,57,59,55,52,52,56,62,65,64,61,60,71,93,117,130
62,68,69,63,54,49,55,58,57,60,62,58,54,53,57,64,68,67,63,63,75,97,116,125
59,65,65,55,41,43,56,61,59,62,62,60,55,52,54,61,69,72,70,74,86,100,111,116
64,62,52,38,32,44,55,58,58,60,60,58,53,49,50,61,71,77,78,80,80,88,101,108
59,47,36,32,37,50,57,55,50,51,55,56,51,44,43,65,84,91,89,87,75,80,97,110
49,41,37,38,44,51,56,56,54,54,55,54,54,56,65,87,102,102,94,90,70,74,97,115
42,42,43,46,49,51,55,60,61,57,55,58,62,70,88,99,97,90,87,87,68,75,96,107
40,42,45,49,53,52,54,57,57,51,52,58,61,63,78,76,61,58,71,80,73,78,84,78
36,38,43,50,53,50,46,40,37,40,40,35,28,22,24,24,24,36,59,76,81,68,47,34
21,22,26,30,31,28,26,22,19,23,22,16,11,9,8,9,11,20,36,49,51,38,23,16
11,10,12,13,13,12,12,10,9,11,10,8,7,6,6,9,16,26,35,42,39,37,34,29
7,8,10,16,22,24,15,8,6,8,10,12,14,14,14,15,29,45,55,58,56,60,62,56
9,12,18,32,50,55,31,11,8,12,16,21,25,27,26,21,37,59,75,79,80,80,79,77
