99,92,88,87,87,81,85,116,153,159,144,122,108,109,116,103,71,49,54,82,96,101,95,85
93,88,88,90,88,81,80,105,138,144,134,122,114,112,114,103,72,51,59,90,103,107,105,100
90,90,96,100,92,75,65,77,100,111,116,116,108,97,92,90,73,61,69,88,105,112,109,100
90,91,100,107,97,71,55,52,61,77,98,105,93,74,67,71,67,65,69,75,98,112,104,85
92,86,91,99,97,74,68,58,52,68,91,95,81,63,57,57,53,50,52,57,89,108,99,76
95,86,82,84,84,73,92,91,78,89,103,97,82,67,60,56,51,46,46,53,88,108,104,90
116,108,101,94,81,75,96,103,97,104,111,111,101,87,80,74,59,47,44,48,76,92,86,70
138,131,124,115,98,95,103,107,107,110,112,118,119,113,105,90,71,60,60,58,72,85,80,61
152,143,138,135,129,125,118,113,112,114,111,119,130,132,122,94,83,89,95,89,91,102,100,80
158,147,143,149,154,143,129,120,117,117,109,121,135,136,123,96,100,121,137,133,126,132,131,114
155,152,146,141,138,128,116,112,112,105,94,110,126,131,131,121,117,125,140,145,138,141,142,131
134,135,135,135,135,124,111,105,103,95,91,105,119,126,130,132,130,129,130,134,135,139,139,133
114,117,124,132,135,125,114,105,97,93,95,109,122,126,123,128,128,122,113,111,126,136,137,134
106,108,116,125,126,120,116,108,97,94,97,114,127,126,116,117,114,106,97,93,114,131,137,135
101,102,105,108,110,109,111,107,98,93,95,107,114,112,110,110,105,99,95,91,98,110,121,127
95,94,95,95,97,101,106,104,96,92,92,95,94,92,94,97,97,97,96,91,88,93,103,111
91,90,90,91,92,100,105,101,92,90,93,93,89,85,86,90,90,92,96,97,92,90,94,99
87,85,84,86,90,99,104,98,89,87,92,93,90,86,87,90,88,88,94,99,95,91,91,93
82,78,76,78,84,93,98,95,88,85,87,90,90,89,91,93,90,89,92,93,90,87,87,89
82,78,75,74,78,81,85,88,89,86,85,84,85,86,90,90,90,91,89,84,82,78,75,76
85,82,78,75,73,68,72,80,87,86,84,82,80,81,85,88,89,88,86,82,80,74,68,68
81,79,76,73,70,65,67,75,82,85,84,82,80,82,85,88,89,86,81,79,77,71,66,68
75,74,73,72,70,69,70,73,76,80,82,80,80,83,86,84,86,84,78,75,73,70,69,72
73,73,74,73,71,73,74,73,73,75,78,77,77,81,83,79,80,81,76,73,71,71,72,75
