7,6,6,6,7,6,7,7,7,6,7,6,6,6,7,6,7,7,7,6,8,11,15,20
6,6,5,6,6,5,6,6,6,5,6,6,5,5,6,6,6,7,8,10,12,16,20,25
6,5,5,5,6,5,6,6,6,5,7,6,6,6,7,7,8,9,11,15,19,22,27,30
6,6,5,6,6,5,6,7,7,7,9,9,8,7,10,10,12,14,17,22,26,29,32,35
7,6,6,6,7,7,7,8,9,10,12,12,12,12,16,17,18,21,25,28,32,34,37,41
8,7,7,7,9,11,11,12,14,15,14,15,17,19,23,23,25,28,31,34,36,39,43,46
14,13,13,14,15,18,18,20,22,23,22,23,24,27,30,30,32,34,35,37,40,44,48,49
21,20,21,23,24,25,26,28,30,30,30,30,30,32,34,35,36,38,39,40,44,47,50,50
28,28,30,31,31,32,33,34,35,35,35,35,34,34,35,37,38,40,42,46,48,50,51,52
36,36,37,38,38,38,38,39,39,38,38,38,37,36,37,39,40,42,47,51,53,53,54,56
43,44,45,44,42,42,42,43,44,44,42,41,40,41,43,44,46,49,52,54,57,59,59,59
41,43,46,46,44,43,44,46,47,48,47,46,46,47,50,51,52,54,56,57,60,63,63,63
39,40,43,45,44,42,44,47,49,50,51,52,52,53,56,57,58,59,59,60,62,64,65,64
37,38,39,40,42,41,43,47,50,51,54,56,57,58,60,61,63,63,62,62,63,64,65,66
33,33,34,35,37,39,44,48,52,53,58,60,60,60,63,63,64,66,66,66,66,66,66,68
29,29,30,33,37,42,48,53,55,56,59,60,60,61,64,63,63,64,66,67,66,65,66,67
29,30,31,35,41,48,56,58,57,59,61,62,63,64,66,65,62,62,63,65,65,65,65,67
37,38,39,41,45,50,60,62,60,65,69,71,71,69,70,68,61,56,57,60,62,61,61,64
52,51,48,44,44,44,54,63,70,82,89,91,87,79,77,71,57,48,51,54,57,53,52,59
61,57,48,39,38,36,42,60,87,113,122,122,115,102,87,69,54,49,53,54,55,49,48,57
54,50,46,42,41,40,43,56,78,97,100,99,97,90,73,57,53,59,64,65,65,59,53,52
49,49,50,51,49,55,59,61,65,71,67,67,69,66,57,54,65,77,81,83,78,67,57,53
57,56,60,63,65,76,79,70,57,55,48,48,50,53,58,68,94,115,122,122,100,76,61,58
71,67,67,73,82,93,92,75,56,54,48,45,48,57,71,87,125,160,173,169,126,85,65,63
