136,139,136,127,119,133,149,152,142,132,135,137,139,143,149,152,158,149,122,89,75,67,70,84
127,136,141,139,133,141,151,152,147,142,143,142,143,147,149,154,155,145,121,95,82,76,79,85
113,125,134,136,133,135,137,137,135,133,132,131,132,133,131,136,135,123,104,90,86,92,100,102
88,96,103,106,107,105,101,101,103,103,103,105,109,110,105,106,106,100,88,82,87,104,120,124
55,55,59,64,68,65,60,66,77,80,79,85,94,100,97,91,93,95,91,85,87,104,121,127
49,54,59,60,59,58,64,85,108,115,113,116,123,130,133,125,118,109,97,88,86,90,98,104
60,59,59,61,68,74,88,110,133,141,140,141,145,149,152,148,139,125,111,103,99,101,110,119
84,80,78,82,93,106,120,133,143,148,147,148,151,154,154,154,148,137,125,117,110,116,129,141
113,110,111,116,124,135,140,139,137,139,142,145,149,152,150,150,150,145,136,127,120,127,142,152
132,132,136,142,145,140,131,120,116,123,140,148,151,151,146,147,149,149,146,140,136,140,148,153
134,133,135,137,135,131,123,110,105,116,137,149,151,148,143,142,144,147,151,150,146,145,145,144
120,117,117,118,119,120,110,93,83,93,116,137,148,149,145,143,143,148,157,160,155,150,144,138
97,94,94,100,111,119,109,95,89,95,111,132,144,146,145,144,144,149,157,160,155,145,135,130
75,75,78,90,111,124,118,115,118,119,122,132,139,140,140,140,143,147,152,152,146,133,122,122
66,68,72,86,109,121,116,114,118,116,119,123,128,132,133,136,138,141,145,143,138,125,117,120
74,76,85,102,120,112,85,78,92,98,110,116,115,112,117,122,131,137,137,131,136,136,128,121
86,85,95,112,118,91,62,71,100,106,113,114,106,100,111,124,137,142,135,130,140,143,131,115
94,84,84,93,96,78,69,93,125,129,130,128,119,111,118,134,149,151,142,140,145,146,135,121
95,78,64,61,69,79,93,113,132,137,139,140,136,128,122,133,145,148,144,144,145,145,143,142
95,88,78,72,74,80,85,92,101,106,106,105,102,96,93,103,111,114,116,122,127,130,137,147
113,105,88,72,67,72,75,75,73,71,68,71,74,72,70,74,76,75,76,82,89,92,103,122
112,108,94,82,79,77,72,69,67,62,55,58,61,60,59,60,63,65,65,70,82,88,96,110
96,98,96,96,97,85,73,74,80,77,62,59,60,60,66,79,88,86,80,88,106,117,123,127
82,89,94,100,104,87,75,82,95,93,68,62,62,65,82,118,131,117,97,110,133,150,156,157
