177,178,154,101,45,31,23,18,25,58,120,165,183,179,162,107,67,37,19,37,99,159,165,120
179,174,137,80,34,24,19,22,44,90,144,174,184,178,152,88,46,27,30,70,129,171,161,112
176,155,102,48,22,18,27,52,93,137,168,181,182,165,118,55,28,38,74,125,164,181,155,103
152,116,62,23,18,31,62,105,146,172,181,180,164,127,69,32,40,82,133,170,184,181,148,99
97,65,32,20,37,77,123,158,174,179,179,162,122,68,33,45,92,143,175,183,184,172,140,106
39,28,25,47,93,140,167,177,180,177,156,111,61,31,43,99,149,177,183,181,176,153,128,121
18,26,57,103,147,171,180,181,173,147,100,58,33,38,79,144,177,183,177,169,157,131,123,144
43,66,110,153,174,179,179,167,138,92,54,48,49,61,109,166,182,174,164,156,142,119,125,163
101,126,158,177,178,175,162,129,84,50,56,82,82,74,121,166,174,163,155,154,134,116,133,174
163,170,176,178,174,157,117,72,48,66,113,125,91,66,122,159,163,159,164,163,122,115,146,181
176,177,178,170,146,102,62,54,82,129,161,137,82,57,115,152,166,172,174,154,106,119,162,183
178,177,163,131,88,58,63,96,138,168,176,133,75,56,116,160,176,180,172,130,100,131,175,184
167,154,120,80,55,69,109,149,172,175,167,124,71,58,123,169,183,180,158,104,104,147,183,184
128,104,70,55,78,125,159,173,170,163,155,118,70,60,130,173,185,172,137,86,118,162,185,184
60,53,63,96,141,166,170,163,155,153,159,126,74,60,131,174,183,157,110,83,135,174,185,184
61,79,115,149,165,162,155,152,157,165,170,131,75,61,133,174,175,133,83,96,152,181,184,184
119,134,152,160,155,150,152,160,169,175,175,131,75,63,135,173,155,103,70,118,166,184,184,185
160,161,156,150,148,154,164,173,178,178,175,129,73,65,137,168,129,78,74,141,176,185,186,188
153,149,145,148,160,170,176,178,178,178,176,128,72,66,138,156,104,64,92,159,181,186,189,192
142,147,156,166,174,176,177,177,177,178,175,126,72,68,139,139,84,64,114,170,184,187,193,199
160,163,169,175,178,177,177,177,178,178,174,125,72,71,138,121,72,74,138,178,186,190,199,208
172,173,175,177,177,177,177,177,178,178,173,123,72,72,130,97,67,93,158,182,188,194,206,217
175,175,175,176,177,177,177,177,178,177,173,121,72,70,112,74,71,116,172,184,191,199,212,224
174,174,175,176,177,177,177,177,178,178,173,121,73,67,94,59,79,135,179,185,193,203,216,229
