114,123,144,166,170,148,118,102,102,108,114,124,138,147,138,108,83,77,91,107,113,121,140,162
130,141,159,169,159,134,112,103,104,108,115,129,142,144,125,95,77,78,95,111,117,128,149,167
144,156,167,163,142,124,114,109,107,110,123,140,146,132,102,79,75,88,108,121,127,141,161,176
116,127,133,128,117,123,124,117,111,118,137,150,141,113,82,73,85,107,126,135,141,155,169,176
39,46,56,69,88,121,129,122,119,135,152,149,125,94,76,83,105,129,143,146,152,162,165,157
16,21,33,50,71,99,117,125,135,152,152,131,103,83,82,99,124,142,150,151,155,156,145,128
57,67,85,102,112,118,129,142,154,155,135,107,87,83,92,114,136,149,151,150,147,138,127,120
112,122,133,140,141,142,152,164,164,144,112,90,84,91,105,128,145,152,149,141,133,127,131,143
144,147,147,144,147,160,174,174,156,124,98,90,95,105,119,140,153,153,143,131,126,136,156,176
145,144,142,146,161,180,182,165,134,107,101,107,113,119,133,150,157,152,138,130,142,163,182,189
139,139,145,161,180,187,172,143,116,107,117,123,124,128,143,158,158,147,138,147,168,184,188,183
136,142,158,178,190,180,154,128,116,123,133,132,130,136,152,159,155,148,152,170,185,187,181,174
144,154,173,188,187,167,142,129,130,140,142,134,131,140,153,153,151,157,172,185,185,178,171,167
160,170,182,185,173,154,142,142,148,150,141,132,131,139,144,144,153,170,186,185,176,169,164,161
175,179,178,169,156,149,150,155,157,150,137,130,130,132,131,141,162,180,184,174,168,165,161,157
181,177,165,151,143,149,157,160,157,147,136,130,126,125,130,151,169,177,173,166,163,161,159,157
178,170,154,141,143,154,160,160,153,144,135,131,128,130,142,159,169,170,165,160,158,158,159,161
173,164,150,143,150,158,160,156,149,142,135,134,137,143,155,163,166,165,160,156,156,159,164,167
168,161,153,151,156,158,156,151,144,138,138,143,151,158,161,162,164,163,159,156,159,165,170,171
163,159,155,155,157,155,151,142,133,132,142,155,164,166,162,160,159,157,156,160,168,173,174,174
161,158,155,154,154,147,137,125,120,130,151,166,171,167,160,154,148,148,155,166,175,176,174,174
160,156,154,152,148,137,122,112,115,138,160,170,168,162,155,146,141,146,160,173,178,176,173,172
156,154,152,150,143,129,114,110,122,148,162,162,156,151,146,139,141,152,169,178,177,175,170,165
153,152,151,148,142,127,114,117,134,153,155,149,143,140,137,136,145,161,176,180,177,174,167,157
