48,57,75,93,99,89,75,81,102,121,122,108,94,94,113,135,148,146,128,100,85,80,79,76
57,66,81,93,92,81,78,91,111,120,114,100,94,102,121,138,143,134,113,92,82,79,77,75
77,82,87,86,80,78,90,107,117,113,103,97,101,115,128,133,126,111,95,84,79,76,76,76
95,93,85,76,75,87,105,115,112,102,97,101,112,123,126,118,104,91,84,80,76,75,76,79
97,89,77,73,86,102,111,109,101,96,101,110,117,118,110,98,88,84,84,81,77,77,79,82
80,76,76,84,97,105,104,99,96,100,107,110,108,102,94,88,85,85,85,84,82,81,85,92
73,77,86,96,103,104,102,99,100,101,102,100,97,92,88,87,87,88,88,87,86,89,100,111
84,90,99,106,108,108,106,103,100,95,93,92,91,90,90,90,91,91,90,90,93,103,117,127
104,106,109,112,114,113,109,102,94,89,89,90,91,92,92,92,92,92,92,96,106,119,127,128
116,114,112,113,116,112,102,93,89,89,92,93,93,91,91,91,91,91,97,109,123,129,124,112
112,108,107,108,108,100,92,91,95,98,97,91,86,85,87,88,90,98,112,125,130,123,107,92
94,94,96,98,95,89,91,100,106,104,92,81,75,77,82,88,98,113,127,129,121,105,91,85
79,81,84,86,86,91,103,112,111,98,79,69,68,74,84,99,114,126,129,120,105,93,88,91
72,73,76,82,91,107,117,115,101,80,66,63,70,82,99,117,128,129,119,104,94,92,96,99
69,71,80,94,113,123,118,100,78,64,63,70,85,104,121,131,129,118,103,94,95,100,102,99
77,84,101,119,129,121,98,76,62,62,72,90,109,126,133,128,115,102,94,96,100,101,96,89
102,109,122,130,122,98,75,63,63,75,94,115,131,136,129,114,101,95,96,98,97,92,86,82
126,129,127,117,96,74,63,66,78,98,120,136,139,129,112,98,93,96,97,92,85,80,79,81
133,127,110,88,69,63,68,83,103,125,140,141,129,110,93,89,92,94,88,77,71,72,79,85
114,101,81,66,63,70,87,109,131,144,140,125,106,93,88,90,89,82,71,61,64,74,83,86
82,74,65,63,72,90,114,136,146,139,118,101,92,92,91,87,77,64,54,55,66,78,83,82
62,61,65,76,95,118,139,147,137,114,93,87,90,93,87,76,62,50,47,56,71,81,83,81
61,66,79,100,125,144,148,134,109,85,79,85,90,86,73,59,48,43,47,59,74,82,87,91
67,76,97,124,149,157,143,112,82,71,80,89,86,74,58,47,41,42,48,62,75,84,95,106
