0,0,0,0,0,0,0,0,1,16,81,140,162,154,145,144,147,148,142,128,107,89,80,82
0,0,0,0,0,0,0,0,2,18,87,141,159,150,143,144,148,148,140,124,103,87,83,89
0,0,0,0,0,0,0,0,3,23,93,140,152,144,142,145,147,143,132,114,97,87,91,103
0,0,0,0,0,0,0,0,5,31,100,138,146,141,142,144,142,133,118,103,92,91,103,120
0,0,0,0,0,0,0,0,8,40,106,140,147,143,143,141,133,120,104,94,91,98,117,135
0,0,0,0,0,0,0,0,12,53,119,148,151,148,145,138,125,108,94,91,94,107,128,147
0,0,0,0,0,0,0,1,21,77,137,157,156,153,149,136,117,98,88,91,100,117,139,157
0,0,0,0,0,0,0,4,35,105,154,163,159,156,149,130,106,90,88,94,108,127,149,165
0,0,0,0,0,0,0,10,53,132,164,164,158,155,143,120,97,86,91,99,116,138,159,172
0,0,0,0,0,0,0,21,77,153,166,160,155,152,137,112,94,89,95,106,126,148,166,177
0,0,0,0,0,0,2,39,106,165,162,155,154,154,138,113,98,94,99,115,136,157,173,179
0,0,0,0,0,0,7,58,130,168,156,153,157,157,139,114,101,98,106,125,147,166,177,180
0,0,0,0,0,0,16,77,147,164,153,155,161,157,134,113,103,104,116,138,158,173,180,179
0,0,0,0,0,1,29,95,157,159,155,161,163,151,125,110,106,113,130,150,166,178,181,178
0,0,0,0,0,4,47,114,163,158,160,166,160,140,116,108,112,125,143,159,173,181,182,178
0,0,0,0,1,11,71,135,166,159,165,167,153,129,111,111,121,137,154,167,178,182,181,178
0,0,0,0,2,25,98,153,168,163,169,163,143,120,111,117,132,148,162,174,182,183,180,179
0,0,0,0,7,46,123,168,170,170,171,157,133,115,114,125,142,157,169,179,184,183,180,180
0,0,1,2,16,73,144,175,173,174,169,148,125,112,119,135,151,165,175,183,185,183,180,181
0,1,2,7,31,103,157,174,172,174,163,139,118,113,125,144,159,170,178,184,185,180,179,183
1,1,2,16,56,132,162,166,166,167,152,130,114,115,132,151,165,174,180,184,181,178,181,187
1,0,4,32,94,153,161,158,159,157,140,121,113,121,140,158,169,176,181,183,180,180,185,191
0,0,7,48,125,161,157,151,152,146,128,114,114,129,149,164,173,178,181,183,183,186,190,192
0,0,9,53,133,158,154,149,148,137,119,110,117,136,155,167,174,178,181,185,189,192,192,189
