11,11,14,17,18,18,45,96,133,117,93,95,114,137,151,142,101,80,89,69,69,59,45,42
10,11,15,18,17,22,56,102,126,106,94,105,125,144,154,138,94,73,82,70,74,61,44,42
11,13,16,17,17,26,67,103,112,99,106,124,141,152,154,127,81,63,79,78,83,63,41,39
13,15,17,16,17,27,59,85,98,108,128,144,153,155,148,109,68,63,90,93,86,59,35,34
15,16,16,16,19,24,31,49,83,125,148,155,155,150,135,91,65,82,118,107,79,48,30,30
17,16,15,18,27,32,23,24,51,102,144,158,154,141,119,78,75,111,145,117,72,40,27,27
18,17,16,23,41,59,52,33,27,52,97,134,146,133,112,77,90,130,152,114,64,35,26,25
18,16,17,30,59,95,105,80,43,25,45,83,113,122,115,85,101,135,144,106,59,32,25,25
17,16,20,41,81,126,149,135,93,47,25,34,63,97,114,92,106,132,134,106,62,34,25,25
16,17,28,60,111,148,161,161,145,106,54,25,26,55,91,86,105,129,135,118,75,41,26,25
16,20,43,89,141,158,162,162,158,141,100,58,30,25,41,61,101,134,143,135,95,52,27,24
18,28,67,120,157,161,161,159,152,138,120,102,76,45,25,34,74,120,148,151,120,67,29,23
25,46,95,144,161,161,159,153,140,126,126,132,123,93,51,26,40,82,129,156,140,83,33,22
42,73,121,156,161,159,155,145,131,123,131,141,146,133,91,42,23,40,85,136,146,96,39,23
71,104,141,161,161,158,151,139,130,131,140,144,144,133,101,70,48,34,40,87,131,105,50,24
108,132,154,163,161,156,147,139,137,143,148,146,137,117,82,82,90,77,47,45,90,94,60,28
133,147,159,162,159,152,146,143,146,152,153,144,126,98,67,84,116,125,97,57,65,73,57,28
137,143,151,155,154,149,148,150,154,157,155,140,117,89,64,82,112,132,126,87,61,55,46,25
124,127,133,139,143,145,151,155,158,160,156,139,116,90,66,73,82,91,98,87,60,46,36,21
120,118,117,119,125,136,148,156,160,162,157,144,121,87,53,46,42,41,43,41,35,36,32,20
120,118,114,110,112,120,133,146,156,162,158,146,114,70,38,31,28,26,25,24,24,28,28,22
121,121,115,108,104,107,114,126,139,149,151,135,97,52,29,27,25,23,22,21,20,23,24,24
124,122,113,104,101,101,102,107,115,125,130,110,74,39,26,27,26,24,22,21,20,20,22,23
126,121,109,99,99,101,99,98,98,103,106,85,54,32,27,27,26,24,23,22,21,20,20,21
