30,43,83,136,171,155,121,90,67,55,69,110,160,199,213,211,200,180,150,117,87,56,51,73
38,53,87,133,169,164,125,86,64,59,75,116,163,197,210,209,194,165,128,94,68,47,42,51
53,67,96,133,166,168,132,91,66,60,72,108,154,189,198,195,175,138,95,63,46,38,35,36
68,78,101,130,158,165,140,105,76,62,65,86,123,159,174,171,146,105,63,41,33,33,34,34
78,83,97,119,142,154,145,121,92,70,68,68,80,106,139,145,118,76,45,35,33,32,32,33
85,87,94,106,124,143,138,118,95,80,76,74,74,82,108,129,117,84,50,36,34,32,30,29
86,87,92,101,115,132,130,114,95,85,80,77,77,84,104,132,148,138,104,65,43,32,29,28
87,87,89,96,108,122,123,112,97,86,76,72,76,87,106,138,172,186,165,114,65,39,30,30
90,89,88,91,101,112,116,111,99,86,70,67,73,85,102,136,173,200,199,157,95,54,38,35
93,92,90,90,93,100,105,105,99,88,74,72,77,84,95,125,160,187,191,165,118,75,51,47
91,93,92,91,90,91,95,99,98,90,81,80,81,82,89,113,143,168,175,157,126,89,62,52
88,88,88,89,90,89,91,93,93,89,83,81,80,76,77,97,126,153,164,152,128,96,69,57
86,85,85,86,89,90,90,90,89,87,84,81,79,75,71,83,110,140,157,150,129,101,75,62
88,87,86,86,87,88,88,89,88,86,85,83,81,79,75,78,96,124,146,142,124,102,81,68
93,92,89,87,85,84,85,88,89,87,85,85,84,83,82,83,89,104,121,120,106,95,85,75
107,101,95,90,86,84,84,86,88,87,87,87,86,83,82,81,84,95,106,102,83,74,75,76
145,134,116,101,92,88,86,86,87,88,88,88,88,86,85,82,83,88,94,91,77,66,63,67
178,169,149,124,101,95,92,90,88,89,88,88,89,89,88,85,85,85,86,85,78,65,55,54
188,188,179,151,111,97,97,97,93,89,88,88,88,89,88,88,87,85,83,83,76,65,53,44
186,188,188,167,118,83,90,101,100,95,91,88,87,88,88,89,87,85,83,84,78,65,53,48
191,189,189,179,141,77,69,88,103,103,96,90,88,88,87,87,86,85,84,83,73,63,59,62
200,193,189,186,167,99,61,65,91,108,113,102,92,90,88,86,85,85,83,76,67,66,71,75
198,195,190,188,184,137,73,51,73,106,138,131,110,96,90,88,85,82,77,69,69,75,80,78
184,193,192,189,189,164,92,51,63,99,156,163,134,103,93,91,86,77,68,69,79,85,81,72
