110,99,75,47,34,56,111,146,147,130,120,110,100,90,76,61,60,64,64,62,60,56,49,42
117,105,81,54,36,45,90,130,143,131,119,108,98,89,78,62,61,65,65,63,60,55,48,42
124,112,90,64,43,36,55,87,114,123,114,100,91,86,77,62,61,64,64,61,57,51,45,40
124,115,96,74,54,38,32,44,71,101,105,95,89,86,75,61,59,61,58,55,51,46,41,37
118,112,98,80,64,52,39,31,40,70,95,101,99,92,73,57,54,54,51,48,45,42,39,36
114,110,100,84,68,60,51,41,38,53,82,106,112,97,70,52,47,48,46,44,42,40,38,36
108,107,99,86,69,60,55,50,49,58,77,98,106,90,57,40,37,40,41,40,41,40,37,35
97,100,97,87,71,60,56,54,56,65,82,99,108,98,66,39,31,34,38,37,38,41,41,37
82,88,92,87,73,61,56,55,57,66,88,107,120,118,91,54,35,37,48,48,43,42,42,39
70,75,83,85,75,62,58,56,57,64,83,105,125,129,107,75,50,51,74,89,72,50,35,31
75,78,83,83,75,62,57,56,58,63,79,99,121,133,116,87,59,50,73,118,133,105,59,30
75,80,85,84,74,61,55,54,56,62,77,98,121,137,128,101,70,48,52,92,139,144,107,64
72,80,87,86,76,62,54,52,54,59,74,96,120,138,137,113,81,53,40,54,94,125,123,95
69,77,87,90,80,65,54,50,51,55,68,90,115,134,138,118,89,63,44,37,44,69,91,94
61,69,83,90,83,68,56,50,49,52,61,80,105,127,132,116,92,70,54,44,38,39,49,60
55,60,73,86,85,72,60,52,48,50,54,70,94,117,128,117,97,77,60,50,45,42,45,51
53,56,65,76,81,73,62,53,48,49,51,62,83,105,122,118,101,80,64,54,50,48,48,52
55,56,61,68,73,70,62,53,48,48,49,57,72,93,112,115,102,82,66,56,52,50,51,53
58,58,60,64,68,67,60,53,49,48,50,54,65,81,100,108,100,84,69,57,53,52,51,51
60,59,61,64,67,66,59,52,49,48,50,53,61,75,92,102,97,83,69,58,55,54,53,51
61,61,61,62,64,64,59,53,48,49,51,53,60,72,88,99,97,84,69,58,55,54,53,51
64,63,62,60,60,62,59,54,50,49,50,52,58,68,82,94,95,86,71,58,53,52,52,51
70,67,63,60,58,60,60,56,52,50,47,48,53,62,74,86,92,88,74,59,51,49,49,50
79,73,65,60,59,60,61,59,54,51,46,45,48,57,69,80,89,89,77,61,49,46,47,49
