35,34,38,51,70,72,67,64,64,61,56,66,75,69,42,31,25,19,16,21,27,21,14,14
36,35,39,55,77,75,65,58,56,51,46,53,59,52,36,30,24,17,14,18,24,20,13,10
41,38,40,53,70,62,49,40,35,32,33,45,48,38,30,28,23,18,16,17,20,17,11,6
46,42,40,45,49,38,26,19,16,17,36,61,59,36,27,26,24,23,23,19,18,18,17,14
47,43,39,34,28,18,14,13,14,22,64,102,90,43,27,26,28,29,28,25,21,24,32,40
44,41,38,31,22,16,17,22,29,45,98,133,107,48,29,31,33,32,29,28,25,28,47,75
40,40,39,35,27,26,33,42,53,73,124,136,98,45,35,37,37,35,31,30,29,29,44,72
38,39,43,45,44,45,53,61,71,93,135,124,79,40,38,40,39,36,33,31,31,30,37,52
39,40,48,60,66,66,69,71,77,98,127,103,61,36,38,40,39,37,35,32,32,33,35,36
41,45,58,73,81,77,74,71,74,88,100,75,46,35,38,40,39,39,37,34,34,36,36,33
46,54,68,78,77,69,62,58,61,73,68,48,35,34,36,38,39,39,38,37,37,37,37,35
50,58,66,66,56,47,41,40,53,75,58,38,31,36,36,36,38,39,38,38,38,37,36,37
49,54,54,48,38,32,30,34,51,72,53,35,32,38,37,35,37,39,39,38,38,36,36,36
49,47,42,36,32,31,33,41,54,60,42,32,33,38,37,35,35,38,40,39,37,35,35,35
56,50,42,36,34,33,37,54,67,52,31,28,34,37,35,34,33,36,39,39,38,36,34,33
56,47,36,29,26,25,44,81,101,66,32,29,37,41,36,34,32,34,38,39,39,38,36,34
40,34,28,24,26,32,66,111,121,71,33,29,39,43,38,35,32,32,36,38,39,39,37,35
30,29,31,35,41,53,92,124,117,62,31,29,39,44,41,36,33,32,34,37,39,39,37,36
39,43,51,58,64,74,100,111,90,46,28,31,39,44,42,38,34,32,33,35,38,38,37,36
67,68,72,75,73,74,80,75,55,31,28,33,39,42,41,38,34,32,31,32,35,37,37,36
87,84,80,74,65,63,57,45,30,23,27,34,39,40,40,39,36,33,31,32,33,34,36,37
91,82,70,59,55,65,54,33,18,20,28,35,38,39,39,40,38,35,32,32,31,33,35,38
74,64,48,42,55,82,66,35,16,21,29,36,38,38,39,40,39,35,33,32,31,32,34,36
53,43,30,34,63,100,79,41,18,22,30,36,38,37,38,40,38,35,34,31,31,32,34,35
