16,16,17,20,22,16,14,11,12,26,69,109,128,126,118,102,79,61,62,81,101,116,125,127
18,18,19,22,22,16,14,14,18,36,75,106,122,123,118,106,85,66,62,77,96,112,120,123
21,23,26,28,26,22,20,22,33,53,78,97,110,117,117,109,93,75,66,72,88,104,114,118
25,28,31,32,30,28,28,37,52,67,75,85,98,109,115,112,100,84,70,66,78,96,109,116
25,28,29,29,27,26,36,56,72,72,69,76,90,104,114,116,110,95,76,63,69,87,106,116
21,21,21,19,17,22,53,81,89,75,66,70,82,99,112,120,118,105,86,66,63,77,97,111
15,15,14,13,17,42,85,108,100,81,68,65,75,91,106,119,122,114,99,77,63,69,87,103
12,11,11,15,35,81,118,124,107,88,72,65,69,82,99,115,122,120,110,90,69,64,76,92
11,11,12,28,67,118,136,129,112,95,78,68,66,74,91,108,119,122,117,102,79,65,68,81
9,10,20,50,100,132,137,129,118,104,87,73,67,70,84,101,114,122,121,112,92,72,65,71
10,13,35,74,113,128,132,130,124,113,98,83,72,69,76,92,108,120,125,120,104,83,67,64
16,27,53,85,109,120,127,129,127,121,109,94,80,71,70,83,99,114,124,124,113,94,74,62
41,54,71,85,97,111,121,127,129,128,119,105,90,76,70,77,91,106,119,124,119,105,85,69
81,88,87,81,86,101,114,124,129,131,125,115,101,86,74,74,84,98,114,123,123,115,98,82
116,112,99,84,79,91,106,118,126,131,130,124,114,98,81,75,79,91,108,120,124,121,110,97
123,116,102,88,78,81,94,108,119,127,129,127,119,106,90,79,77,85,100,115,123,123,116,106
116,112,104,92,81,77,85,98,111,121,126,126,122,113,101,87,79,81,93,106,118,122,118,110
106,106,104,97,86,79,80,89,103,115,121,125,125,119,111,98,86,82,88,98,110,117,117,112
98,100,102,99,91,83,79,82,93,107,116,123,126,124,118,109,96,86,86,93,102,110,113,111
91,93,97,99,95,89,82,79,85,97,108,117,124,125,122,118,106,93,87,91,99,106,109,108
87,89,94,99,98,93,86,81,81,90,102,113,123,128,126,124,113,100,92,92,99,107,109,105
87,88,93,98,99,94,88,82,81,86,94,107,119,127,129,127,118,107,98,94,100,108,108,101
89,89,92,96,97,94,88,84,82,83,87,98,111,122,127,127,121,112,104,97,100,106,103,93
90,89,91,94,96,93,89,85,83,82,84,92,105,116,124,127,123,115,107,99,99,102,96,82
