181,171,163,166,181,194,195,179,155,137,146,169,186,184,165,130,89,65,72,111,152,170,169,164
171,164,162,170,184,194,187,168,146,139,154,173,182,173,147,109,75,67,89,129,158,168,164,156
160,160,166,178,189,187,171,151,140,148,165,175,170,147,113,80,71,89,123,150,161,159,148,136
159,165,176,186,186,172,155,143,146,162,171,167,145,111,79,70,90,123,151,158,153,140,123,112
171,176,183,184,172,155,148,151,162,170,164,143,110,78,68,92,125,150,157,148,131,111,99,100
183,184,181,171,157,150,157,165,168,162,141,106,77,73,99,131,148,152,146,126,101,86,89,104
185,181,168,155,151,161,171,173,161,139,104,78,79,106,139,155,154,141,123,98,80,79,101,130
175,165,151,145,155,169,175,164,139,105,78,81,109,143,160,158,142,120,98,79,75,92,128,162
154,144,138,146,161,168,161,138,105,78,80,111,145,162,158,145,123,99,82,77,89,120,155,177
133,131,139,153,162,156,135,103,78,81,113,145,160,157,144,125,105,89,84,92,116,149,165,156
131,135,145,154,150,131,99,79,84,115,143,155,152,138,119,103,94,93,99,117,142,161,149,114
143,145,148,145,129,99,81,88,116,144,153,147,130,111,99,95,98,107,123,141,154,154,123,76
153,149,141,125,101,84,93,118,143,153,144,126,106,93,93,101,113,128,145,152,151,134,92,46
150,141,123,99,82,95,123,144,149,140,122,102,90,91,103,117,133,147,153,147,134,106,64,27
135,119,95,81,92,123,142,145,136,118,97,88,93,108,123,141,152,154,145,129,111,80,45,20
104,90,83,94,119,136,141,135,121,105,94,96,111,130,148,161,159,145,126,112,97,65,35,25
80,82,97,119,134,136,133,127,118,111,109,116,132,151,164,165,148,125,110,114,95,56,34,46
86,100,122,137,136,132,130,129,128,130,132,140,153,164,166,152,127,111,115,128,91,48,43,75
117,127,136,137,130,129,136,142,146,150,153,160,166,164,151,129,111,117,140,135,76,41,60,106
136,136,132,125,121,131,146,155,160,165,166,166,162,148,125,109,118,147,163,119,55,44,86,135
133,130,123,118,123,141,156,165,170,173,168,159,143,124,110,120,147,169,156,88,43,65,123,164
126,121,117,120,136,154,167,175,177,172,159,140,121,111,122,148,172,170,129,58,49,99,156,177
119,116,119,133,153,167,178,182,176,161,139,119,111,121,147,170,177,150,93,42,71,134,175,172
115,116,127,147,165,175,184,183,168,145,119,106,116,142,164,174,165,125,66,40,96,157,177,159
