161,160,147,121,89,68,63,65,76,102,144,175,190,190,175,137,89,59,63,90,114,128,132,130
158,151,131,103,77,65,64,70,87,120,158,179,185,179,156,112,75,62,76,101,120,127,124,117
140,128,104,80,67,65,71,87,116,150,174,181,173,151,115,80,68,76,95,113,122,119,105,92
112,99,82,69,67,72,87,116,150,174,181,172,147,111,76,64,75,95,109,116,113,99,81,66
87,81,76,74,76,88,116,149,174,180,172,147,109,72,60,73,91,105,110,106,92,74,60,55
83,83,83,85,94,119,150,171,177,169,144,105,71,58,70,86,97,102,100,87,70,58,58,65
94,94,95,103,124,153,172,177,167,141,102,71,60,68,83,92,95,92,82,68,58,60,74,91
107,107,113,129,154,173,177,166,138,100,68,58,66,79,88,89,86,77,66,58,61,78,106,129
122,124,135,154,172,175,164,135,96,63,53,61,74,82,84,80,73,64,59,62,81,110,142,163
142,147,157,167,171,162,133,92,58,47,56,67,75,78,75,68,62,60,66,82,112,146,169,177
167,168,170,169,158,129,89,57,45,52,64,71,73,72,65,58,57,65,84,114,147,168,175,174
180,176,169,154,126,86,57,46,50,60,69,71,68,62,56,55,64,84,114,145,167,172,162,147
181,172,151,121,85,55,46,50,59,66,69,67,61,54,54,64,85,115,144,164,169,157,131,106
168,153,120,81,54,46,51,59,66,68,65,59,55,55,64,86,117,147,164,165,153,126,94,72
136,115,80,51,45,51,59,64,65,63,58,53,54,66,88,118,147,164,165,149,120,91,71,65
89,72,52,44,50,59,64,65,62,56,53,54,67,92,123,146,159,159,144,113,86,76,70,60
55,48,45,49,58,63,64,61,55,50,53,67,92,123,150,160,155,137,109,80,78,82,71,48
42,44,50,58,63,63,59,55,51,52,66,92,121,146,160,155,134,104,77,73,94,91,63,34
48,52,58,63,64,60,54,51,55,66,92,122,144,154,151,131,99,73,71,99,115,88,46,25
59,61,64,64,60,54,51,54,67,92,123,144,151,144,127,94,69,71,102,137,115,67,31,25
68,66,63,59,55,52,55,69,95,125,146,152,143,120,89,67,73,106,145,145,89,43,25,25
68,64,58,55,56,61,75,98,125,146,153,144,119,88,67,73,107,149,166,119,58,29,24,25
61,57,55,57,65,82,107,130,146,151,142,118,87,67,74,104,149,175,151,76,35,23,24,24
53,54,57,64,78,104,133,151,154,146,125,89,62,64,94,134,175,176,119,46,26,24,23,22
