98,91,85,83,81,83,94,112,129,140,143,145,146,142,133,116,91,74,76,94,105,107,100,90
94,91,88,86,83,88,102,120,134,143,145,146,143,136,124,103,82,74,83,99,107,106,95,83
93,92,90,89,89,100,118,133,143,149,148,145,138,125,105,84,74,80,95,105,107,100,85,72
95,94,92,93,100,118,135,147,152,154,149,140,127,107,84,72,77,92,105,107,102,89,73,62
99,97,96,102,118,137,149,155,157,154,143,128,108,85,70,77,91,103,107,102,89,74,62,58
100,99,105,119,138,150,158,161,156,146,129,108,86,72,75,91,104,108,103,90,73,63,59,61
103,107,121,139,154,162,165,160,148,132,109,86,72,73,89,105,112,108,96,77,62,58,63,69
114,122,139,156,165,168,164,151,132,112,88,72,71,85,104,114,113,102,85,66,58,62,72,79
132,140,154,166,169,166,153,133,111,92,74,71,82,101,113,115,107,91,73,62,62,71,81,89
151,157,165,170,166,153,132,110,91,80,75,83,98,111,113,108,95,79,67,67,72,79,87,93
164,168,172,169,155,132,110,93,85,85,91,100,108,110,104,93,80,71,71,78,82,86,89,91
170,171,169,157,134,110,96,91,93,99,105,106,105,99,89,78,73,75,82,87,88,87,85,82
170,167,157,137,112,97,96,101,106,111,109,103,94,84,76,73,78,88,94,93,89,83,77,73
162,155,136,112,97,97,106,115,117,113,102,91,80,73,74,82,94,103,104,96,85,75,69,67
145,131,108,93,95,106,119,125,119,103,88,76,70,73,85,99,111,114,108,93,78,67,64,67
115,100,87,88,104,118,125,121,105,85,71,66,73,88,105,118,122,117,103,85,69,59,60,68
86,80,84,100,118,126,124,109,86,67,61,70,89,110,125,133,126,111,94,74,59,53,57,66
73,80,98,118,130,128,114,91,67,57,65,86,110,129,138,134,118,98,80,62,50,49,56,64
83,96,118,134,136,123,97,70,55,59,80,104,125,137,136,121,100,81,65,52,45,48,57,65
106,118,135,143,135,108,76,55,55,73,96,116,129,130,117,98,79,64,53,47,49,56,67,76
130,136,145,144,125,89,59,52,66,88,108,120,123,114,95,78,64,55,52,52,58,67,80,91
142,144,144,133,104,68,52,59,79,100,113,116,109,93,76,63,57,54,55,59,66,78,93,105
145,144,135,111,77,53,55,72,92,106,111,104,90,74,63,57,56,57,59,65,75,89,106,117
145,142,124,92,58,47,62,84,101,107,105,93,76,63,58,58,58,60,63,71,83,99,115,124
