21,20,20,18,17,20,23,26,25,21,46,126,187,198,190,197,186,127,44,12,12,55,131,197
21,20,19,19,19,22,26,27,23,16,34,108,176,199,189,195,191,144,62,17,10,39,109,183
20,19,19,19,22,35,46,40,22,11,18,75,148,195,191,193,197,168,99,29,9,20,74,143
19,19,19,21,31,62,90,76,33,10,7,40,110,180,195,193,197,187,140,54,15,8,39,86
19,19,21,29,53,102,148,130,65,16,7,17,70,148,195,195,195,195,173,93,31,7,16,31
17,19,28,51,92,142,184,174,110,35,11,8,39,104,180,196,193,194,189,134,54,13,7,9
19,25,49,89,135,171,195,194,152,73,23,7,20,65,148,191,195,193,195,168,88,29,6,6
34,50,87,132,168,186,194,198,182,122,48,14,11,36,105,176,197,194,194,189,128,56,12,8
70,92,132,169,186,190,190,195,194,167,86,29,8,20,64,148,191,196,192,195,163,90,27,10
123,141,168,187,190,188,188,190,194,189,129,55,12,10,32,110,175,198,191,193,187,128,53,15
170,178,187,191,190,189,190,190,193,196,166,90,29,9,17,70,148,195,194,191,196,163,92,28
189,190,191,191,190,190,190,189,190,195,189,129,57,13,10,38,112,177,198,190,194,185,133,60
192,190,189,189,189,189,189,188,188,193,198,162,91,24,10,18,74,148,197,192,190,194,167,113
191,189,189,189,188,188,189,188,188,192,197,186,126,46,13,10,43,112,184,196,192,197,191,168
191,190,190,191,190,190,190,190,189,191,194,197,156,77,20,9,20,75,157,196,197,197,196,189
189,189,189,189,189,189,189,189,188,189,191,199,177,112,33,12,10,44,116,187,199,182,153,128
190,189,189,189,189,188,189,188,187,188,189,196,190,146,58,18,6,23,74,151,159,133,109,104
191,191,190,190,189,188,189,188,187,188,188,192,196,173,93,30,7,14,42,96,110,109,118,138
192,190,190,190,188,189,189,188,187,188,188,190,197,190,133,52,17,16,28,50,90,138,175,190
190,189,188,188,188,188,189,188,186,188,187,187,195,198,167,79,33,24,30,43,112,175,201,192
191,190,189,188,188,189,190,188,187,188,188,190,193,185,149,81,39,23,21,26,88,162,201,194
193,191,189,188,188,188,189,189,188,190,191,186,168,143,121,102,65,29,12,14,51,126,186,197
193,190,188,188,188,188,189,189,190,192,183,159,133,120,133,151,111,49,11,9,24,85,158,197
193,190,188,188,187,189,190,191,193,193,164,123,110,137,178,198,151,73,16,11,12,56,131,193
