12,11,10,10,10,12,13,15,27,60,113,145,149,134,120,108,94,76,60,53,66,85,101,110
11,11,10,10,10,12,15,24,45,83,126,144,143,132,123,113,99,82,65,53,60,77,95,105
11,11,11,10,10,17,26,42,68,101,125,134,133,130,127,119,108,94,77,58,55,65,83,96
11,11,12,14,21,35,46,59,77,97,110,119,125,129,129,125,117,106,90,70,57,57,68,81
11,12,16,28,48,67,71,68,69,77,92,108,119,125,128,128,124,116,103,86,68,57,57,65
14,19,37,64,88,94,87,77,70,67,77,92,107,118,126,128,128,123,113,99,82,65,55,54
39,55,80,100,107,102,95,87,78,70,68,78,93,109,119,125,127,126,121,111,96,79,62,53
82,96,110,115,110,104,101,96,88,79,68,69,80,96,109,118,124,127,126,119,107,92,74,60
112,116,116,113,111,108,106,102,97,89,76,68,70,80,95,109,119,125,127,124,115,103,88,74
106,107,109,112,114,113,110,107,104,98,87,75,67,68,81,98,111,121,127,126,121,113,101,89
94,97,102,108,113,115,113,112,110,104,97,85,74,67,70,84,101,115,123,125,123,119,110,102
83,89,98,105,112,114,115,115,113,108,103,96,86,74,67,73,88,104,115,122,123,121,116,111
73,81,93,104,110,113,115,117,115,111,107,104,96,85,73,68,75,89,104,115,121,123,121,117
67,74,86,99,108,111,115,117,116,113,110,108,103,96,84,72,68,75,90,106,118,124,125,122
69,72,79,91,102,108,114,117,117,116,114,112,108,104,96,82,71,69,78,96,111,122,126,127
71,72,75,83,93,102,110,115,117,117,117,115,112,108,103,93,81,71,71,84,101,116,125,129
75,74,74,78,85,96,105,112,115,116,118,117,114,111,107,102,92,81,73,76,89,106,119,126
79,77,75,75,80,89,98,106,111,113,116,117,116,112,109,107,101,92,81,75,81,94,109,119
82,79,76,76,78,82,90,99,106,109,111,114,114,112,109,108,107,101,91,82,79,85,98,109
89,84,79,77,77,78,83,92,99,103,105,107,109,110,110,109,108,106,100,91,83,81,85,92
100,94,85,79,77,78,82,86,91,97,100,102,104,106,108,108,109,109,106,100,91,81,77,77
108,103,94,84,80,81,83,84,87,92,96,98,99,101,103,106,108,110,110,107,99,88,77,72
110,108,101,93,86,84,84,84,85,88,93,95,95,96,98,102,107,110,111,111,107,97,85,77
107,107,105,99,91,85,84,84,85,85,90,93,94,93,95,100,105,109,110,112,111,105,94,84
