111,108,105,102,96,87,74,67,69,82,98,112,121,126,127,123,114,101,84,62,51,55,69,82
113,111,108,104,100,92,80,69,65,75,91,106,117,124,128,124,117,107,91,71,56,54,62,73
115,113,111,109,105,99,89,77,68,68,79,95,110,120,125,124,121,114,102,85,68,56,56,61
116,115,114,113,110,105,99,89,77,68,70,82,99,112,120,123,123,119,111,99,82,66,56,54
114,115,116,116,113,109,105,99,90,76,68,72,84,100,113,120,123,122,117,108,96,80,64,56
112,113,116,117,114,111,109,105,99,88,76,68,71,84,101,114,122,125,122,114,106,93,78,65
110,112,116,118,116,114,112,110,106,99,87,74,68,74,88,105,118,125,125,119,112,103,90,79
105,108,113,117,117,117,116,113,110,106,96,84,74,70,78,94,110,122,127,123,117,110,100,91
98,103,109,115,116,118,118,116,112,108,103,95,84,74,73,83,99,115,124,126,121,116,108,101
92,96,104,110,114,115,118,117,114,111,108,103,95,84,76,77,89,104,117,124,124,121,115,109
84,88,96,104,110,111,114,116,114,111,108,107,103,94,84,78,82,94,108,119,124,123,119,116
78,81,88,97,103,105,109,111,111,111,110,108,106,102,94,84,81,84,94,107,118,123,123,121
77,79,84,90,96,100,103,105,106,109,109,109,108,107,102,93,84,79,82,93,108,119,123,123
80,81,83,86,90,95,98,99,101,105,107,108,109,110,108,102,92,81,76,81,96,110,120,122
83,83,84,85,86,91,94,96,97,99,102,104,108,111,111,109,101,90,79,76,84,97,111,119
84,84,84,85,85,88,91,93,94,94,97,102,106,109,112,112,108,100,88,78,75,84,100,113
90,88,86,85,85,86,88,90,91,92,95,99,103,107,111,113,112,107,98,87,77,78,88,101
97,94,89,85,85,85,86,87,88,91,94,96,99,104,109,113,114,112,106,98,86,78,79,86
102,99,93,87,86,86,85,85,86,90,92,94,96,101,107,112,114,114,110,107,98,85,77,76
99,98,95,90,87,85,86,85,85,87,90,92,95,98,104,110,114,115,114,113,107,96,85,78
94,95,96,95,90,86,85,86,86,86,88,91,93,95,99,105,111,115,116,116,113,105,95,88
91,93,95,96,93,88,87,87,87,87,88,89,91,92,96,102,108,114,117,118,118,113,106,100
91,92,94,95,95,92,89,87,87,88,88,88,89,91,95,99,105,111,116,119,121,120,115,110
92,93,93,93,94,95,92,88,86,88,89,88,89,91,94,97,102,108,113,119,122,123,120,115
