158,166,178,190,195,187,166,143,131,140,160,175,178,169,147,113,77,55,62,100,139,161,167,165
164,171,182,191,190,177,156,139,136,149,166,175,173,159,130,94,65,60,82,122,150,161,163,162
175,180,187,187,178,160,145,142,149,163,172,172,159,134,98,68,62,81,115,146,158,158,152,146
186,188,187,178,161,147,145,153,164,172,172,159,134,100,68,60,81,115,145,158,158,149,134,119
190,187,177,163,150,148,158,168,172,168,158,134,99,69,63,86,121,147,155,155,147,132,109,88
183,175,161,149,149,161,173,177,170,154,132,98,70,64,92,131,153,159,155,146,129,106,83,70
169,158,146,144,157,172,178,174,159,132,98,69,67,94,134,158,164,158,146,127,103,83,70,67
147,140,139,149,166,174,173,160,135,101,71,67,93,133,161,167,161,148,129,105,85,73,71,76
128,130,141,157,169,168,157,134,101,72,67,93,130,158,165,162,150,132,110,88,78,76,85,97
125,133,148,160,162,154,132,101,73,67,94,132,156,162,158,149,132,113,96,85,82,88,107,128
138,145,153,157,150,131,99,73,70,95,130,153,160,155,144,128,109,96,92,91,95,110,134,152
148,150,151,147,130,100,74,73,97,131,152,158,152,138,120,104,94,91,95,103,116,134,151,160
150,148,143,128,102,77,76,98,131,152,156,150,135,115,96,90,91,97,106,120,138,151,156,156
146,141,126,102,78,77,102,132,151,154,148,134,113,93,85,90,99,110,123,141,152,155,151,145
135,124,100,77,75,105,134,149,151,143,129,110,92,84,90,101,114,128,144,156,156,148,137,128
110,94,77,76,101,132,147,148,140,126,106,90,84,91,106,118,134,150,159,158,148,132,116,107
79,73,78,99,126,140,144,139,127,111,93,87,92,106,123,139,155,164,162,149,130,114,103,98
69,77,100,125,137,137,135,129,118,107,98,100,109,124,141,158,168,167,153,130,111,107,105,97
90,105,127,139,137,132,129,125,121,118,118,121,128,142,159,170,170,157,134,109,102,117,117,91
124,134,141,140,133,130,130,131,133,135,137,139,147,159,169,170,159,137,112,100,120,138,118,70
139,140,138,132,126,129,136,143,148,150,152,157,163,169,167,157,137,114,102,118,153,149,99,44
139,136,129,121,120,132,146,154,159,163,165,167,169,167,155,135,113,102,115,150,174,141,74,26
132,128,119,114,122,140,155,163,167,171,173,170,164,154,135,112,102,113,144,177,173,117,50,18
126,122,115,114,128,147,160,168,172,176,174,168,158,140,116,98,106,135,171,188,160,93,33,15
