156,163,175,186,192,187,170,151,141,144,158,170,176,173,159,134,97,64,51,73,113,146,161,162
163,169,180,188,188,179,162,147,144,153,165,172,173,166,146,113,79,59,65,97,131,152,158,158
173,178,184,185,177,163,152,149,156,167,172,170,161,144,115,81,64,73,102,134,150,155,153,149
180,183,183,175,159,147,148,159,171,177,173,160,139,110,79,63,77,110,144,160,159,152,141,131
184,182,173,158,143,141,155,170,177,175,163,141,109,78,62,81,119,151,165,163,154,140,120,104
179,171,154,138,135,148,164,173,171,160,138,106,76,65,84,121,152,165,164,156,141,120,98,84
161,150,135,129,140,156,166,166,156,134,102,74,67,87,123,151,163,163,155,141,122,102,87,79
140,133,129,134,148,159,160,150,130,100,74,70,90,123,152,161,159,150,137,119,103,93,87,84
128,129,135,145,152,154,145,126,98,73,71,95,127,151,159,155,144,129,113,99,92,92,96,98
133,140,146,149,148,143,124,96,74,73,101,132,153,157,151,139,121,104,94,91,94,100,111,121
148,151,151,146,138,121,93,76,80,107,136,152,155,149,135,114,96,87,90,97,104,117,133,145
159,157,149,135,115,90,75,85,113,138,151,152,144,130,111,93,85,88,99,110,122,138,151,157
162,154,136,112,88,74,84,112,140,150,149,140,125,107,91,85,91,102,115,130,144,155,158,157
152,139,113,86,72,84,111,135,146,145,137,124,107,91,84,92,107,122,136,152,162,161,152,143
129,111,86,74,87,115,132,138,138,135,126,114,102,95,98,109,124,141,157,167,167,155,136,119
92,81,79,93,118,135,138,135,132,128,123,119,116,116,119,128,143,160,171,169,157,136,111,93
73,78,96,121,138,141,135,130,130,130,131,132,134,136,139,148,160,169,169,159,137,113,99,98
85,99,121,138,141,135,127,127,133,139,144,148,150,153,156,164,169,166,155,137,113,102,114,136
116,127,136,137,131,123,119,126,140,151,156,161,164,166,167,170,166,153,133,112,101,114,148,182
131,134,134,129,122,114,118,134,151,161,165,169,172,172,168,161,149,130,110,101,117,146,178,200
130,130,127,121,115,115,129,147,160,168,174,176,175,169,159,143,124,109,106,124,150,174,186,185
126,125,120,115,114,126,145,160,169,176,182,179,170,158,142,120,106,107,126,152,173,184,173,148
122,120,116,115,124,143,160,171,177,183,184,174,158,139,120,105,108,127,152,170,179,175,145,103
117,116,115,120,137,157,170,177,183,188,180,165,144,121,101,103,124,151,168,173,174,160,119,70
