50,38,21,8,2,1,2,4,6,7,12,24,41,51,42,22,8,2,2,0,0,1,4,8
36,25,13,5,2,3,4,6,8,11,20,35,46,43,27,12,4,2,2,1,1,2,5,9
18,12,6,3,4,7,11,14,19,27,36,41,37,25,12,4,2,2,3,3,4,4,6,7
7,5,5,7,10,15,21,29,38,44,43,33,19,7,3,1,2,3,4,5,7,7,6,5
7,8,11,16,21,26,36,50,57,48,30,15,6,2,2,3,5,7,7,7,8,8,6,5
12,16,23,30,37,48,63,66,55,32,16,7,3,2,4,8,10,11,9,8,7,7,8,9
22,25,34,50,69,78,74,60,40,22,11,6,5,8,13,18,17,14,12,11,9,8,11,17
36,44,62,83,92,82,63,43,28,17,11,9,12,17,22,23,19,15,13,12,10,11,22,36
66,79,97,104,86,59,41,29,22,16,15,17,21,24,25,22,18,15,14,12,14,26,49,70
118,123,112,84,52,36,28,22,19,20,27,31,30,26,25,24,20,16,15,17,33,68,101,115
129,114,86,57,39,28,22,20,24,33,43,42,35,28,28,28,24,21,26,48,93,139,159,149
90,76,58,43,32,25,23,28,36,40,40,38,34,33,34,32,32,45,75,117,163,190,183,156
52,46,40,35,31,30,33,39,42,37,32,31,33,36,36,42,61,95,137,170,186,179,149,117
38,35,31,32,37,42,44,42,36,29,27,29,33,38,46,74,112,146,166,165,145,115,83,60
30,28,29,37,49,52,45,35,27,26,28,30,35,50,84,136,161,152,125,103,78,57,44,39
29,31,35,42,48,44,34,27,26,28,32,42,69,114,158,179,155,107,68,56,46,40,38,38
43,44,42,40,40,33,25,22,25,35,58,94,136,168,171,144,102,64,43,40,39,37,35,33
50,47,40,32,29,25,22,28,45,75,115,150,167,158,124,83,57,45,40,38,37,35,30,25
40,35,28,23,23,27,36,59,95,137,168,161,129,93,64,47,45,45,40,34,30,28,24,19
26,23,19,20,29,50,85,126,157,158,136,99,68,53,47,43,42,40,33,27,23,22,22,22
14,14,21,40,73,114,144,153,137,104,77,58,47,43,38,34,32,30,27,24,23,24,27,30
19,32,62,100,132,148,143,120,89,62,49,42,40,38,32,28,26,25,26,26,28,30,31,32
71,93,128,151,148,127,98,72,54,45,41,38,35,32,27,25,24,26,31,32,32,29,26,25
145,167,177,157,113,80,63,54,47,41,35,32,30,28,26,24,25,30,37,39,32,21,15,14
