106,86,94,111,101,76,68,71,76,78,80,81,81,87,100,103,83,50,22,12,15,19,23,27
112,87,80,81,69,57,57,62,66,70,73,77,86,99,112,93,61,32,16,13,16,18,22,27
92,70,53,46,40,39,42,47,52,58,64,77,105,135,137,82,36,15,13,14,16,18,22,27
54,42,31,27,28,30,31,35,41,49,57,78,126,174,165,79,23,7,12,14,16,18,22,25
27,26,25,26,28,29,29,33,40,48,52,71,127,188,184,89,24,7,13,13,15,17,19,21
29,29,27,27,27,29,33,39,47,53,44,47,99,176,193,99,29,8,14,15,16,16,17,18
39,36,33,31,31,34,40,46,49,47,35,29,77,161,199,113,38,10,14,16,16,15,16,18
49,46,44,43,43,45,47,46,43,38,30,23,64,146,200,128,49,12,13,15,15,15,16,17
61,60,61,61,58,52,46,41,36,33,31,25,56,128,195,145,64,15,11,13,14,15,16,16
81,84,83,76,63,47,38,35,34,33,33,27,45,105,184,165,84,20,10,13,14,15,16,16
118,124,107,74,48,38,34,34,34,33,33,26,33,79,170,183,102,26,10,14,15,17,18,18
167,171,133,73,34,32,33,34,34,34,34,27,24,60,159,191,113,30,12,16,18,19,20,19
200,200,153,79,29,29,32,34,34,34,35,30,23,51,147,191,120,36,14,18,19,20,21,20
207,207,165,91,31,27,31,33,34,34,36,34,27,47,131,185,126,45,15,18,19,20,22,23
199,204,172,104,36,27,30,32,32,34,36,35,28,41,107,173,130,53,17,19,20,21,24,26
195,202,180,118,44,27,28,30,30,32,33,35,29,33,80,158,136,66,21,21,23,26,30,33
194,200,186,131,53,28,26,29,29,31,32,34,30,28,55,139,134,74,26,25,26,30,34,35
192,199,191,144,64,29,25,28,29,31,31,34,30,25,37,108,114,70,29,27,28,30,30,30
190,197,196,157,78,31,24,27,28,30,31,32,30,25,27,79,94,67,30,26,26,25,24,23
189,195,199,169,93,35,24,27,28,29,29,30,30,26,28,80,114,91,33,22,21,21,20,20
189,192,199,175,104,38,23,25,27,28,28,29,30,29,30,90,143,121,41,19,17,19,20,21
180,180,182,161,100,39,23,25,27,26,27,29,31,30,28,79,145,137,53,20,17,19,20,23
155,152,151,134,90,40,25,25,26,25,27,29,31,30,23,56,132,145,70,23,18,19,22,29
127,123,123,115,87,43,27,25,25,25,27,28,31,31,20,40,124,154,86,26,16,18,25,35
