83,86,89,91,88,84,80,80,81,81,78,77,80,83,83,75,66,64,69,66,59,57,57,54
84,85,88,90,88,82,77,77,79,81,79,78,80,83,80,76,70,68,69,69,60,54,53,55
83,83,86,88,85,79,74,73,75,77,78,79,82,83,81,80,79,74,67,67,59,52,52,56
81,81,83,84,83,78,74,71,70,70,71,76,81,84,84,86,86,78,65,60,58,56,56,58
80,80,80,80,81,81,78,73,69,64,60,66,75,82,87,89,87,80,68,56,57,62,64,61
79,78,76,75,78,83,82,77,71,65,60,62,70,79,86,87,86,83,76,65,59,62,66,65
78,76,73,72,75,80,80,77,73,69,67,66,67,73,80,81,80,80,78,70,61,59,63,67
76,75,74,73,74,76,76,75,73,73,73,69,67,68,72,74,74,76,77,73,64,59,61,67
76,76,76,76,75,73,73,73,73,73,72,69,66,66,66,68,70,73,76,75,69,63,63,67
76,77,78,79,77,74,75,74,72,70,69,67,66,66,64,65,67,71,74,75,71,68,67,68
81,81,82,80,76,75,77,78,74,69,68,68,66,64,63,64,65,66,70,72,70,65,62,61
89,89,86,82,79,78,78,78,77,73,71,70,67,62,61,66,68,67,66,66,65,60,56,56
96,95,91,86,84,81,79,78,78,77,76,74,69,61,58,64,70,71,66,64,61,56,53,54
95,96,95,92,89,84,82,80,80,80,80,79,74,66,58,61,70,73,70,66,60,55,53,55
85,92,97,98,93,87,86,84,81,80,81,81,80,76,68,65,68,72,71,68,63,57,53,54
66,76,93,105,101,95,91,87,83,79,79,80,81,81,80,75,73,73,74,73,67,60,56,56
79,68,71,89,104,104,98,91,86,82,81,80,81,81,82,79,78,77,75,74,71,66,61,60
125,90,59,58,84,101,103,98,91,86,84,82,81,81,81,81,81,81,78,74,72,70,67,65
177,140,78,37,46,76,97,103,98,91,88,85,84,82,81,81,82,83,81,77,73,71,70,70
198,183,127,59,24,35,63,89,102,100,95,89,85,84,83,83,82,82,81,80,76,74,73,71
193,195,170,112,44,19,25,51,83,108,106,94,86,85,85,84,82,79,77,78,76,76,75,73
185,192,192,161,91,31,11,21,55,105,130,116,95,87,87,85,81,79,77,75,74,76,77,75
182,184,194,188,143,63,18,7,29,85,149,151,121,95,88,85,83,82,80,75,74,77,78,77
182,180,188,195,175,93,30,4,15,60,146,179,154,108,87,85,86,85,83,79,77,79,79,78
