25,15,7,3,5,20,66,86,76,76,115,132,136,142,146,128,92,54,32,26,25,24,24,24
54,36,16,5,4,12,39,54,59,82,125,137,138,144,150,134,99,61,33,25,24,25,24,23
95,79,51,25,9,6,14,21,38,80,129,142,143,148,154,144,118,78,39,25,24,24,24,23
122,118,100,69,35,13,5,5,21,60,109,135,147,155,157,154,141,103,49,26,23,23,23,23
124,134,139,125,88,46,18,7,9,25,61,105,143,162,160,160,159,124,59,27,22,22,22,23
128,137,147,151,140,107,61,24,8,9,21,56,108,153,168,166,166,134,69,28,21,22,23,23
136,140,145,150,153,148,113,60,16,5,6,20,57,110,157,172,174,144,82,31,21,22,22,22
142,144,144,144,148,158,136,84,33,20,8,5,19,57,115,158,180,158,97,37,21,21,22,21
146,147,145,141,142,149,126,85,56,55,32,12,4,17,57,117,167,168,114,45,23,20,22,21
151,150,145,140,140,140,103,72,74,101,78,41,14,6,17,58,124,159,129,58,28,21,22,22
153,151,145,139,133,122,79,54,71,114,123,96,54,19,8,20,70,124,135,73,36,23,22,22
155,151,144,134,122,101,60,43,65,110,138,142,114,66,24,9,35,86,119,78,41,25,22,21
156,151,140,125,108,85,51,41,67,109,139,162,161,128,73,31,24,57,94,70,41,26,22,21
156,148,132,113,97,81,51,49,78,115,134,154,171,169,135,76,38,44,72,56,34,24,21,20
154,144,125,108,99,85,57,60,91,112,116,126,140,154,158,120,66,45,58,46,27,19,20,19
151,142,126,115,110,92,63,63,82,80,73,76,86,98,104,92,62,46,52,45,24,16,18,18
152,145,134,125,117,88,56,51,58,49,41,40,44,49,50,48,39,37,45,45,25,15,16,17
154,149,141,131,112,73,43,35,38,31,27,26,26,25,23,22,21,26,37,43,28,17,14,14
156,154,146,127,96,54,30,26,31,28,25,25,24,24,22,21,19,22,30,37,30,21,14,11
159,158,146,117,77,42,25,24,28,28,25,23,23,23,22,21,20,20,25,30,28,24,17,11
158,156,137,102,62,34,23,24,27,27,25,22,22,23,22,21,19,20,22,24,25,25,22,16
152,145,119,82,50,29,23,24,26,27,25,22,22,23,22,21,20,20,20,21,22,24,24,21
140,126,96,62,40,26,24,26,27,27,25,22,22,23,23,22,21,20,20,19,21,23,24,24
126,109,77,48,34,25,26,28,30,28,25,22,21,22,22,22,21,20,19,19,21,22,23,25
