167,168,168,169,171,172,137,85,53,69,93,120,150,170,160,126,99,93,104,113,114,109,104,101
168,168,169,170,172,166,122,76,61,84,111,142,164,164,138,109,96,99,110,116,117,114,115,119
168,169,169,171,171,150,103,75,84,114,142,160,157,135,107,96,102,113,121,121,120,123,134,146
169,169,170,171,165,130,96,93,119,147,161,152,127,100,90,100,117,133,138,132,125,132,145,151
170,170,170,165,148,116,110,128,153,164,148,117,93,86,98,118,137,156,165,151,135,133,129,114
170,171,167,152,129,119,136,158,163,141,109,86,83,96,117,137,160,184,193,168,134,108,84,62
171,168,154,134,125,139,157,159,138,106,83,78,90,113,138,162,184,192,176,134,93,66,48,36
167,159,142,131,139,157,156,135,104,80,75,86,108,133,157,179,179,155,115,75,48,34,28,26
157,147,140,144,155,154,131,102,79,73,83,106,130,148,162,163,133,88,47,27,20,20,23,26
148,144,151,158,149,123,96,77,73,84,107,132,147,147,134,103,63,31,16,14,16,24,36,47
158,159,158,147,119,91,75,73,86,112,140,152,140,109,74,42,21,13,15,25,40,62,90,112
163,158,142,116,87,71,71,86,111,140,152,137,102,61,32,20,24,37,56,80,102,125,147,162
147,135,112,87,70,70,84,110,134,143,125,92,56,33,33,48,71,96,119,143,157,169,176,178
114,100,83,72,72,85,109,132,136,113,75,47,38,50,77,109,136,157,170,178,179,179,176,173
84,74,68,72,88,110,132,132,106,65,45,52,78,113,145,165,175,177,177,176,175,175,174,172
67,65,72,91,117,135,127,98,66,58,79,111,141,161,172,177,178,176,173,173,173,173,173,173
63,69,90,119,138,127,96,73,74,101,134,157,171,177,176,174,173,173,172,172,172,172,173,174
68,83,113,136,132,100,81,90,120,152,169,175,175,175,173,171,171,171,172,172,172,172,174,174
79,98,124,129,107,88,105,139,167,177,175,172,170,171,171,171,171,171,172,172,171,172,173,175
97,107,111,105,103,125,150,167,174,174,172,170,170,170,170,171,171,171,171,171,170,171,172,173
101,100,102,112,135,158,169,172,172,172,171,171,171,171,171,171,172,171,171,171,171,170,171,171
98,102,118,141,161,172,173,171,171,170,171,171,171,171,171,172,173,172,172,172,172,171,171,171
110,125,148,166,171,172,171,171,171,169,171,171,170,170,171,173,173,173,172,173,173,172,171,171
136,153,168,173,171,170,171,171,171,170,172,171,170,170,171,173,173,173,172,173,172,171,171,171
