105,117,126,123,108,84,82,93,99,86,76,84,94,95,85,86,84,74,61,61,63,62,60,59
114,122,127,122,107,86,82,89,94,86,80,87,96,97,87,88,88,80,66,60,62,61,60,60
113,121,129,124,104,88,84,89,94,91,87,91,98,100,93,90,91,89,78,61,59,60,62,63
112,121,131,126,102,94,92,94,98,99,97,98,100,102,100,94,93,94,88,68,58,58,63,65
129,129,131,123,102,107,107,103,102,109,111,108,103,101,102,101,94,90,88,78,62,56,60,66
149,140,134,123,104,111,114,112,113,125,122,110,99,96,99,107,100,88,82,81,70,57,55,62
146,139,131,121,109,113,118,120,123,128,120,105,95,92,94,103,101,89,78,78,73,61,54,58
139,140,133,120,110,115,123,125,120,115,110,103,97,93,92,95,95,90,84,82,80,71,62,58
136,141,138,125,113,115,127,128,117,108,110,112,106,96,94,92,90,91,95,92,89,81,69,57
131,134,137,135,125,115,126,131,129,131,129,128,116,98,96,97,98,98,99,100,92,81,64,47
119,124,129,131,130,122,125,128,131,139,129,133,124,102,100,107,121,122,108,106,95,75,53,37
116,120,121,122,123,118,121,123,123,123,113,126,130,117,112,112,132,137,115,102,96,77,52,37
120,121,118,115,114,112,120,123,117,105,98,113,128,131,125,116,128,132,112,93,89,75,54,40
118,117,117,115,111,112,122,125,115,97,91,102,123,141,137,121,119,117,103,87,78,68,55,45
97,99,110,119,118,120,127,125,112,97,92,100,125,150,145,128,119,112,101,88,73,69,63,50
89,89,93,102,114,128,137,128,111,101,105,113,132,148,134,128,123,119,113,99,79,72,65,50
118,114,105,100,107,123,132,128,118,116,122,129,136,135,116,120,121,119,117,110,92,78,64,50
165,155,133,112,103,105,108,110,116,129,133,138,136,124,106,113,116,114,111,114,98,78,63,55
192,184,161,130,102,82,74,81,101,129,133,137,134,120,108,111,113,108,102,110,90,69,62,69
164,175,176,150,103,70,62,70,89,117,127,132,128,121,120,113,110,104,97,103,82,62,67,91
130,145,166,166,129,83,67,67,82,116,144,149,132,113,113,100,97,94,89,94,84,68,72,99
113,121,142,160,155,121,88,70,75,103,139,145,122,95,94,94,92,85,81,88,92,82,81,98
117,114,120,138,158,155,125,92,76,80,105,112,97,78,83,106,105,91,84,92,97,87,79,83
131,120,113,120,140,165,158,125,85,62,66,73,73,72,87,124,127,109,99,104,94,76,63,61
