103,102,93,79,68,65,60,55,55,68,128,194,220,206,199,219,204,146,78,64,63,68,77,85
105,105,101,92,79,76,69,64,64,75,125,190,219,206,195,215,209,159,91,69,70,76,78,75
104,104,104,101,93,91,85,79,75,79,112,174,209,200,184,205,216,183,120,85,80,79,72,63
105,105,107,109,107,107,105,98,87,79,92,150,193,192,168,191,216,207,159,106,85,74,63,54
118,117,120,123,122,120,122,119,105,84,80,130,179,185,153,178,210,220,192,128,86,70,61,50
140,133,132,134,134,129,132,136,129,104,97,140,182,183,146,169,204,223,208,152,105,79,63,48
162,155,148,144,142,140,141,147,150,138,140,159,178,174,141,159,198,224,216,174,129,92,65,51
169,164,160,155,148,149,150,156,165,170,176,167,163,160,136,148,191,224,221,187,151,106,70,58
150,149,156,161,154,154,160,166,176,190,189,159,144,149,134,143,187,223,222,193,168,124,83,68
105,107,129,153,158,160,167,176,186,197,187,149,134,143,134,149,192,224,222,198,178,146,108,82
56,64,89,126,157,165,173,185,198,205,198,159,137,137,119,134,184,223,222,196,167,151,135,113
35,43,66,104,147,161,173,189,206,212,207,168,141,134,115,123,172,215,218,188,146,135,140,138
33,38,56,91,136,154,169,190,211,218,213,175,143,130,122,124,162,203,212,174,125,111,129,150
39,41,53,83,126,153,166,189,214,223,217,182,145,126,129,127,152,189,203,158,111,93,109,138
56,48,49,71,113,154,169,190,216,226,220,188,147,120,124,116,134,173,195,146,105,86,89,101
81,60,47,58,94,144,173,197,218,228,223,195,155,124,122,105,115,157,187,135,97,82,79,75
90,66,48,52,79,127,173,204,220,228,222,199,161,129,119,93,97,139,176,123,86,80,80,68
90,69,51,53,78,130,181,212,223,226,220,198,164,131,113,80,80,124,163,112,74,74,83,77
92,72,55,60,97,159,200,219,223,224,216,194,162,130,105,67,67,112,152,104,67,67,81,84
92,76,60,72,126,188,207,213,220,220,210,187,157,125,96,58,60,105,143,99,70,67,74,76
90,82,74,96,157,185,170,178,207,213,203,178,147,115,82,53,61,103,137,98,79,74,71,66
90,92,95,119,159,148,122,139,185,203,192,167,137,104,68,50,63,98,121,92,78,69,59,51
94,104,113,121,127,105,90,108,150,183,175,154,127,94,60,53,66,84,91,73,63,54,44,37
98,112,117,105,85,83,83,89,116,162,157,142,119,87,59,61,67,67,60,50,47,43,36,30
