56,49,38,29,28,47,67,76,77,79,82,101,126,136,120,120,101,73,57,63,106,157,174,155
54,47,36,28,30,52,70,77,78,81,84,105,130,138,119,117,97,71,56,61,102,153,173,156
51,44,33,28,37,61,74,78,79,81,85,110,134,137,115,111,93,70,56,57,95,146,172,162
48,40,32,32,48,70,77,79,80,82,89,116,136,131,109,105,91,72,57,54,87,138,170,166
43,37,34,42,62,75,79,80,81,86,99,122,132,120,99,99,98,84,63,52,77,129,165,162
37,37,45,58,71,76,81,84,85,90,116,123,111,91,76,84,109,114,86,57,67,117,157,158
36,45,60,72,72,77,86,91,90,94,133,131,102,72,63,81,129,159,141,91,67,104,147,153
37,51,70,80,79,86,93,96,94,98,143,138,104,75,73,95,148,191,189,141,81,93,134,147
39,57,77,89,92,97,100,99,96,102,147,140,110,91,95,114,160,204,215,183,102,88,120,141
43,68,94,104,100,101,103,101,99,106,149,140,111,99,109,120,161,205,223,205,124,90,108,137
53,78,101,106,97,100,103,105,105,110,151,141,112,101,112,123,163,207,229,218,143,94,99,130
68,89,108,111,101,101,104,107,109,114,152,141,114,102,111,121,160,202,225,221,158,98,88,121
86,97,110,115,108,107,110,112,112,116,152,141,115,102,106,112,148,192,219,219,171,115,95,118
105,106,111,115,116,115,117,118,116,117,147,138,115,102,100,102,136,183,217,218,187,147,123,121
122,116,113,118,123,121,122,121,117,114,133,128,113,102,98,98,134,183,214,216,205,180,147,121
124,121,120,125,130,122,119,116,111,103,110,111,107,101,98,100,134,178,208,215,205,158,116,110
117,120,123,127,130,118,112,110,105,95,95,101,104,101,97,98,129,174,209,215,202,148,103,105
114,119,126,130,130,114,107,105,101,91,88,96,100,98,92,91,113,161,210,218,204,156,112,103
119,120,126,132,131,114,106,104,100,90,86,90,94,91,85,78,89,136,201,221,209,171,129,105
128,118,114,121,129,117,107,102,99,89,81,79,80,80,79,68,72,114,180,219,213,180,144,125
127,115,105,107,120,118,109,103,97,87,74,70,72,76,75,75,87,117,165,212,215,189,157,139
115,108,101,104,118,122,111,102,96,82,69,68,74,83,93,100,112,127,154,198,212,202,178,157
101,98,98,106,121,130,114,100,91,76,68,72,82,95,116,123,127,130,140,177,206,214,198,176
95,91,94,104,121,138,120,99,85,71,69,76,88,104,127,127,127,124,127,157,200,218,208,189
