9,11,17,23,28,32,33,32,32,42,92,93,69,54,66,56,77,92,70,39,31,58,75,58
8,10,16,22,28,32,33,33,33,42,89,92,68,48,55,50,63,72,60,40,31,54,70,58
8,9,15,21,27,32,34,35,35,43,87,93,68,44,47,45,48,51,47,39,32,46,59,54
7,9,14,21,26,32,35,36,36,46,91,96,69,43,45,43,40,37,36,35,34,39,46,49
7,9,14,20,25,31,35,35,37,54,101,101,70,43,43,43,39,34,32,33,36,37,40,47
7,8,13,19,25,31,34,33,41,73,120,110,75,49,46,48,51,50,44,39,40,39,39,41
6,8,13,20,27,32,34,33,47,91,132,119,79,48,45,49,61,68,62,46,40,37,36,35
6,8,13,22,29,32,34,34,50,100,140,126,84,47,39,38,48,57,56,42,36,34,33,32
6,8,14,23,30,32,34,35,52,104,148,134,88,47,32,23,24,29,32,30,29,29,30,30
6,8,15,24,30,33,35,36,57,113,156,141,91,43,25,16,14,16,17,19,20,22,25,27
6,8,15,24,31,34,35,40,68,129,163,149,97,42,24,17,16,16,17,17,17,18,19,20
5,7,15,25,32,35,37,53,91,144,167,153,101,44,26,19,18,18,17,17,16,15,15,15
5,7,15,25,32,35,42,72,117,152,166,153,103,45,26,18,16,15,14,13,14,15,15,16
6,8,16,26,33,36,51,92,136,151,161,150,103,44,22,13,9,9,10,15,21,22,20,20
6,8,16,27,34,38,63,108,144,144,153,147,104,43,16,6,4,7,17,37,51,43,27,21
7,9,17,26,34,41,75,121,149,142,150,148,107,45,14,3,6,25,58,89,85,54,28,23
7,10,17,26,34,45,89,134,154,145,151,151,111,48,15,8,27,65,102,110,80,45,23,21
7,10,18,27,37,57,106,146,158,152,156,154,115,52,21,23,56,94,111,87,51,25,15,15
8,11,18,28,45,81,127,154,160,159,160,156,117,57,31,43,73,88,74,42,20,9,7,8
9,13,20,36,66,113,146,157,157,159,160,157,121,65,43,54,61,51,29,12,6,6,9,12
15,19,29,55,97,138,155,156,154,157,158,158,126,72,47,50,42,24,9,5,10,20,27,27
28,33,49,80,119,147,155,153,152,154,154,157,132,85,61,59,42,20,10,15,28,39,39,31
39,47,69,100,129,147,152,148,146,150,152,157,139,104,89,84,61,34,22,29,40,43,35,23
43,54,78,108,132,147,149,142,139,148,155,158,145,124,117,108,80,48,32,35,37,31,20,13
