43,42,42,43,44,44,44,44,44,45,47,50,52,53,53,52,50,48,47,46,45,45,45,45
44,43,43,44,44,44,44,44,44,46,48,49,51,52,53,52,50,48,46,46,45,45,45,44
44,44,45,44,44,44,44,45,45,46,48,50,52,53,53,51,49,47,45,45,45,45,44,43
46,45,45,45,45,46,46,46,47,48,49,51,53,54,53,52,50,48,46,45,45,44,44,43
47,46,46,47,48,48,48,49,50,50,52,53,55,55,54,52,52,50,48,46,45,45,44,44
49,48,48,50,52,53,53,53,54,54,55,55,56,56,54,53,52,51,49,48,47,46,46,46
50,49,51,55,58,59,58,58,57,57,57,58,58,58,57,56,55,54,52,51,50,49,49,48
50,51,54,59,64,65,63,61,60,59,59,60,60,60,60,59,58,57,56,56,55,54,54,53
52,54,58,63,68,69,67,63,61,60,60,61,62,63,63,62,61,61,61,61,61,61,60,58
57,59,63,67,71,70,67,64,62,60,60,61,63,64,65,64,63,64,65,66,66,66,64,62
63,64,67,70,71,69,67,65,63,62,61,61,62,64,65,66,66,68,70,72,71,68,65,62
66,67,70,72,71,70,68,66,65,63,62,62,63,64,65,66,69,72,74,75,74,69,63,61
67,69,71,73,72,70,69,67,66,65,63,64,64,65,65,67,71,75,78,78,75,68,63,61
68,69,71,72,71,70,68,67,66,66,66,66,66,66,67,69,73,78,80,79,75,68,63,62
69,70,70,70,69,68,67,66,67,68,68,68,68,68,69,72,76,80,81,79,75,69,64,62
69,69,69,68,67,67,66,67,68,70,70,70,69,69,71,74,77,79,80,76,72,69,66,64
70,70,69,68,67,67,66,68,70,72,73,72,72,71,73,75,77,78,77,74,71,70,68,67
70,71,70,69,68,67,67,68,71,74,75,75,75,75,75,76,77,76,75,73,72,71,71,70
71,72,72,71,69,69,68,70,72,75,76,77,77,77,76,76,76,75,74,73,72,72,73,74
72,73,73,73,72,72,72,73,74,76,77,78,78,77,76,75,75,75,75,74,74,75,76,78
74,74,74,74,74,74,74,75,76,76,78,79,78,76,75,74,74,75,76,76,76,77,78,80
76,76,76,76,76,76,76,76,77,78,79,79,78,76,74,73,74,76,78,78,78,79,80,80
76,77,77,77,77,76,76,77,78,79,79,79,78,76,75,75,76,79,81,80,81,81,82,82
77,78,78,78,77,76,77,77,78,79,79,79,79,78,77,78,80,83,84,82,83,83,83,84
