69,69,67,67,73,80,80,86,106,131,126,122,142,173,175,171,176,178,170,156,146,112,83,81
69,69,66,65,73,90,96,98,106,121,108,104,133,175,175,173,178,181,173,159,143,103,75,81
69,70,66,65,76,107,122,116,105,104,80,71,107,163,179,182,186,185,173,158,129,85,65,84
70,71,68,69,83,119,140,129,102,86,64,60,92,145,181,194,196,187,171,151,107,67,68,102
72,72,72,77,91,119,138,128,97,76,80,99,117,136,174,193,191,179,166,141,87,66,92,137
76,76,77,84,98,112,121,113,95,90,137,170,161,135,148,149,138,142,155,129,80,85,131,168
89,91,95,101,110,115,109,105,115,143,189,206,173,119,103,89,82,102,131,107,79,106,156,181
111,113,117,121,124,124,110,118,154,196,217,213,175,122,91,66,62,85,110,92,84,122,167,181
133,134,135,135,134,128,118,142,192,224,224,206,177,144,118,84,76,92,109,96,97,132,169,178
144,144,141,136,131,120,119,156,208,227,219,197,177,164,152,116,98,110,131,121,119,144,171,176
141,138,129,117,106,96,106,156,210,215,191,174,167,167,167,148,127,133,161,160,148,157,172,176
120,111,97,87,85,78,93,141,187,185,166,161,163,166,169,165,155,155,168,166,163,168,174,176
92,82,78,82,85,76,89,121,151,157,154,157,162,165,167,170,171,168,163,157,166,173,176,178
75,73,89,107,101,87,98,112,124,142,150,156,160,162,165,169,175,174,164,153,165,173,176,178
85,93,116,127,109,104,120,123,119,136,143,152,155,153,158,166,177,182,178,164,167,169,171,175
101,106,117,119,110,129,149,139,119,130,144,155,153,144,148,162,176,185,183,166,161,161,163,166
127,126,116,101,100,139,169,159,131,128,145,157,154,142,141,156,172,181,177,162,153,151,153,155
152,150,126,93,83,123,168,178,156,139,145,155,154,143,138,151,165,172,167,153,144,141,142,144
164,165,140,98,70,90,144,183,186,164,150,151,150,143,137,148,158,161,156,143,134,131,131,132
147,146,132,102,70,65,105,161,198,190,165,153,149,145,143,147,151,151,144,130,122,120,120,120
136,136,129,110,85,66,75,119,174,201,186,164,151,147,147,144,145,143,135,122,116,116,114,110
133,131,127,119,105,87,74,86,129,183,196,181,161,149,144,142,142,137,127,117,111,106,95,81
149,140,130,122,117,110,93,79,91,140,183,192,175,151,137,140,138,132,125,118,106,90,73,60
179,161,136,120,116,118,111,91,78,99,157,192,185,152,130,136,134,128,126,122,100,74,61,64
