90,89,88,85,78,70,62,59,68,88,96,95,88,76,62,51,48,47,47,54,58,54,49,50
89,88,86,83,77,70,61,60,71,90,96,95,87,73,59,50,47,47,48,58,59,53,47,47
84,82,81,78,74,67,59,63,78,92,97,95,84,68,55,50,48,49,53,66,63,53,46,45
75,75,74,72,68,63,58,66,84,95,99,93,79,63,52,51,50,52,61,76,68,55,47,45
66,68,68,66,63,59,58,70,88,98,98,85,69,56,50,53,52,55,68,81,71,58,49,45
60,63,63,61,59,55,61,77,94,101,92,73,58,51,49,55,53,59,75,82,71,58,49,45
62,62,61,59,56,53,66,86,100,98,81,63,50,47,51,57,57,65,83,83,73,61,50,45
73,72,68,62,56,55,74,94,103,94,74,57,47,46,55,60,59,68,84,78,70,59,49,44
85,84,81,74,66,68,85,102,105,92,73,57,48,49,61,61,57,64,75,68,60,53,46,43
86,87,89,90,87,90,100,108,106,91,75,59,50,53,65,60,52,54,61,54,47,44,42,41
85,86,87,88,90,96,103,107,104,90,73,56,49,54,61,54,46,45,48,46,43,41,41,40
78,81,85,87,89,92,95,97,97,92,81,66,58,59,59,50,43,41,43,43,41,41,41,41
65,70,79,86,90,90,90,89,90,92,88,81,76,72,65,52,43,40,41,42,42,42,42,42
55,59,70,83,92,93,91,89,88,89,90,91,91,88,77,62,49,43,42,41,42,43,43,43
56,58,68,81,92,97,95,91,90,90,89,89,90,91,90,83,69,56,47,42,42,43,43,43
59,61,70,82,92,96,95,92,89,86,89,90,90,90,90,93,88,79,67,54,47,45,44,44
60,61,69,82,93,97,97,91,81,71,77,86,89,89,89,91,91,89,85,75,65,56,49,45
57,59,69,84,97,102,100,89,71,57,63,74,81,84,87,89,88,89,91,89,82,73,63,55
54,58,73,93,106,108,104,88,66,52,54,60,66,72,79,87,89,88,88,89,89,87,81,75
54,64,85,106,115,112,102,83,64,53,53,54,54,55,60,73,84,89,89,88,86,86,88,91
61,75,99,118,121,112,96,78,63,55,54,52,50,47,49,55,64,75,86,89,88,87,88,90
68,86,111,126,121,107,89,73,62,58,55,52,49,47,49,53,58,66,76,83,86,88,89,89
77,97,120,127,115,98,82,69,62,60,58,55,53,53,58,67,74,77,78,77,79,84,89,91
86,105,123,124,107,90,77,67,61,61,60,59,58,60,68,85,98,102,95,80,72,75,85,93
