7,7,8,12,25,47,59,59,53,54,59,63,63,62,61,61,57,49,43,50,66,58,40,33
7,7,10,19,35,54,60,57,52,54,59,62,63,62,62,62,58,49,42,48,65,57,41,38
9,12,21,35,51,60,60,55,52,56,61,63,63,63,63,63,59,50,42,49,64,56,44,48
18,25,38,53,63,63,59,54,53,58,63,64,64,65,65,64,59,49,43,52,63,55,49,59
38,46,56,63,65,62,57,53,55,61,65,65,65,65,66,64,57,48,45,56,59,51,51,66
62,63,64,65,65,60,54,52,55,62,65,65,64,65,64,61,52,44,44,55,52,44,50,67
71,69,67,67,67,61,54,52,57,63,66,65,65,65,63,58,48,41,44,55,47,40,49,67
72,70,69,68,68,61,56,55,60,65,68,66,65,64,62,55,45,40,45,54,42,37,49,67
72,71,70,68,66,60,57,58,62,67,68,66,64,62,60,52,43,40,47,51,35,34,50,69
71,70,70,68,63,58,57,59,63,67,67,64,62,61,58,49,39,40,47,44,28,32,53,71
70,71,71,68,61,56,56,59,63,67,66,65,63,61,56,44,37,40,48,41,26,33,55,72
71,71,71,67,59,54,55,59,63,66,66,65,63,59,52,41,36,43,51,40,27,36,57,71
72,72,71,66,58,54,55,59,63,64,64,63,61,57,49,39,37,45,51,37,28,42,62,71
73,73,70,65,58,54,56,61,64,63,62,61,59,54,46,38,38,44,45,30,30,49,68,72
73,72,69,64,60,56,58,62,64,61,62,61,57,50,42,37,39,40,35,23,33,57,74,73
71,69,67,65,61,57,58,62,63,60,60,59,54,46,39,35,36,35,28,21,36,60,74,73
69,66,65,63,60,56,57,60,61,59,59,56,50,42,35,32,32,30,24,22,44,65,75,74
68,65,62,60,58,56,56,57,59,59,59,54,47,39,33,30,29,26,21,25,53,71,76,75
67,63,60,57,57,56,56,56,58,59,58,52,45,37,31,28,27,23,19,31,59,74,77,76
65,62,58,55,55,57,58,59,59,60,58,51,42,36,30,27,26,22,21,42,65,76,76,75
63,60,56,54,54,57,60,61,61,61,57,48,40,33,28,26,23,21,28,55,73,77,76,76
60,58,56,54,53,56,59,60,59,59,54,45,37,32,26,25,21,23,37,66,77,78,77,77
58,58,57,55,55,56,58,58,58,56,52,44,36,31,26,24,20,26,48,74,79,78,78,79
59,58,58,58,57,58,59,59,58,56,52,44,37,31,26,24,19,30,57,79,81,79,79,80
