113,116,109,89,65,55,75,114,141,135,145,165,149,110,107,101,78,62,64,71,99,136,153,144
109,113,111,98,78,65,74,106,138,145,158,171,149,108,106,103,85,72,71,73,90,111,119,114
106,109,112,109,98,88,84,97,122,147,173,184,157,115,109,105,106,109,103,78,77,82,81,76
106,107,111,116,115,112,102,96,103,130,168,187,168,132,118,110,129,155,152,99,74,64,60,55
107,106,111,119,126,130,123,110,100,106,136,167,171,152,135,118,139,180,196,144,90,63,57,57
113,110,110,120,139,151,146,133,121,117,126,150,166,163,148,127,140,181,215,191,126,75,54,54
131,124,114,115,133,154,159,153,147,146,148,161,171,169,158,136,140,172,209,211,173,120,76,58
150,141,123,112,117,136,149,156,160,165,167,175,179,175,166,141,134,158,197,213,205,174,133,103
160,155,139,120,110,119,135,149,159,164,164,173,181,180,172,139,121,141,187,208,216,212,194,174
161,163,156,140,123,129,141,152,156,151,144,157,173,180,173,134,106,124,178,206,215,217,217,219
164,166,163,150,133,138,153,162,157,140,122,135,161,177,169,135,111,123,167,202,212,213,216,221
163,162,158,148,138,142,156,162,154,132,105,114,146,172,162,134,121,132,158,191,208,213,216,222
160,157,151,144,139,139,149,155,150,127,93,100,136,165,156,130,128,141,156,183,206,216,218,219
154,152,147,141,136,130,135,144,145,125,89,96,130,158,150,124,126,142,159,184,207,216,206,191
140,139,139,137,129,115,117,129,136,124,98,104,127,145,139,116,115,132,159,191,211,205,169,127
100,108,120,126,119,100,97,106,116,112,103,110,122,131,130,118,111,120,151,189,198,168,124,95
56,67,87,105,110,96,88,93,102,103,106,112,117,119,124,126,118,122,144,166,157,140,128,127
31,36,53,75,91,93,90,94,101,104,110,114,113,111,118,130,129,130,135,125,119,135,152,151
28,28,32,44,61,79,90,101,109,111,119,122,115,107,112,125,130,127,114,82,102,146,159,130
31,30,30,32,35,47,67,93,112,115,128,136,127,109,109,113,111,99,76,57,102,144,142,105
35,35,34,32,30,32,42,63,88,111,147,169,154,121,115,114,106,91,76,74,108,132,125,102
38,38,38,37,36,35,36,42,56,85,145,189,182,142,126,123,115,105,99,100,111,119,117,111
37,39,40,41,42,43,43,39,38,53,106,169,189,164,137,132,128,124,121,117,112,112,120,128
35,38,40,42,44,47,49,47,41,35,55,122,173,176,145,137,135,133,129,121,112,114,127,142
