160,163,164,169,179,183,185,171,141,114,153,190,211,217,220,208,169,115,77,101,162,197,201,195
159,160,156,157,169,179,183,170,137,104,142,185,210,216,219,215,191,138,85,100,158,194,201,200
162,157,143,136,148,171,180,167,134,103,130,176,207,215,215,217,212,168,103,95,140,170,181,184
165,154,131,115,124,160,175,163,134,115,129,167,199,212,212,216,221,188,120,91,113,133,143,152
160,150,124,101,105,148,169,156,131,128,138,161,188,209,214,218,219,187,125,90,94,101,111,124
155,147,119,92,95,140,162,149,126,131,143,161,186,208,216,213,189,147,108,106,103,104,112,121
148,142,118,96,100,133,151,139,118,121,137,163,192,212,210,178,130,99,99,114,96,83,79,76
130,126,112,102,108,126,137,130,116,113,126,160,193,203,178,134,90,79,100,112,84,63,51,42
110,108,104,105,113,119,124,125,122,116,121,150,176,173,141,119,94,87,103,106,82,63,51,41
103,102,104,109,114,113,115,122,129,128,129,139,137,127,134,150,128,105,106,105,93,85,75,62
110,108,110,116,120,111,108,115,125,130,130,112,94,104,152,153,124,111,122,112,110,114,104,80
116,114,117,126,136,120,110,110,115,115,104,77,69,100,154,140,111,109,131,126,128,128,109,77
94,98,115,144,166,141,120,113,112,105,89,70,75,107,139,124,105,110,135,141,144,128,96,66
53,63,97,150,192,169,138,122,119,112,100,94,100,113,120,116,113,122,141,152,148,116,77,58
36,37,61,116,179,185,156,135,130,127,121,117,114,112,112,122,132,143,154,153,130,93,64,59
43,39,39,62,111,150,151,142,138,138,135,132,126,120,119,135,148,159,164,147,105,73,61,64
45,40,33,35,53,81,103,122,137,144,144,144,142,135,132,145,155,165,167,139,90,63,62,72
42,38,34,30,29,34,52,82,113,134,144,154,154,145,140,149,156,161,157,124,80,59,66,85
39,36,33,32,32,30,30,43,69,100,125,148,153,142,135,144,147,143,130,100,70,57,71,98
35,33,31,31,32,33,31,31,36,50,74,106,127,130,125,129,118,102,91,79,66,60,73,99
33,30,28,29,32,34,33,30,30,31,37,54,77,95,97,87,71,65,73,74,69,63,78,111
32,29,27,28,31,32,31,30,30,30,29,35,48,62,66,56,52,67,89,81,72,65,81,118
32,29,26,26,28,30,31,33,35,37,38,40,43,46,46,44,57,92,119,90,74,66,83,119
31,28,24,23,25,28,32,38,41,43,45,45,45,45,45,44,66,109,137,94,74,67,86,119
