37,35,39,58,89,109,132,158,181,189,180,182,196,191,136,109,144,187,198,194,194,196,200,204
43,38,38,53,82,99,118,144,168,176,167,168,174,160,112,106,147,187,197,195,198,203,208,209
49,42,36,43,63,78,89,105,123,133,133,144,145,121,80,96,144,186,201,202,204,206,207,204
49,40,32,32,43,60,72,82,93,107,123,145,149,120,74,83,125,167,187,189,188,188,189,188
41,35,28,28,39,65,91,108,120,135,158,184,195,172,109,73,89,123,144,148,150,155,166,176
46,40,32,34,54,96,136,153,152,149,156,171,194,199,146,73,63,94,128,147,160,173,188,201
74,59,42,42,68,114,160,181,177,170,167,169,188,197,151,74,69,112,156,176,185,192,202,210
116,87,54,45,70,113,162,189,192,188,184,181,184,176,124,69,81,133,177,189,191,195,201,204
150,110,62,42,58,93,136,165,174,176,182,186,183,158,99,64,86,138,181,189,188,192,196,197
148,110,63,37,44,63,86,104,116,130,150,171,183,167,116,74,83,129,179,198,200,198,195,191
98,75,50,39,40,44,63,92,124,153,173,188,200,202,175,109,78,98,144,163,164,159,158,160
70,54,42,39,40,45,72,114,154,177,187,191,196,204,204,138,78,66,100,124,132,140,155,169
103,84,60,44,42,50,83,127,166,185,194,195,194,197,201,142,79,63,100,131,147,164,183,197
174,149,102,59,43,49,76,111,144,168,185,191,190,185,174,118,75,84,138,175,190,200,208,211
213,195,139,76,44,42,58,78,99,122,138,147,155,155,130,81,63,95,155,189,197,197,196,195
197,188,139,75,38,34,43,54,66,84,101,116,133,143,124,80,61,84,136,179,197,204,206,206
146,138,101,55,31,30,41,57,77,101,123,141,160,172,164,119,79,75,113,159,191,204,203,198
95,83,58,36,29,32,48,74,106,138,162,179,192,203,204,161,99,68,86,124,157,169,166,160
88,68,44,31,32,39,58,87,121,154,174,186,194,203,207,174,108,60,61,87,110,120,124,127
154,122,75,40,34,40,58,82,108,132,151,164,173,180,184,158,100,57,57,81,107,129,148,163
200,173,115,58,35,38,51,68,85,98,109,119,129,141,147,121,77,57,80,121,152,171,180,186
195,176,122,63,35,34,41,51,61,70,80,93,111,132,145,127,86,68,95,141,173,187,188,186
150,135,96,54,33,29,32,42,57,75,96,117,139,162,180,173,131,94,94,129,158,172,170,163
104,91,65,41,32,27,29,44,71,106,143,170,189,205,217,219,181,123,86,107,134,149,147,136
