5,6,6,6,8,9,11,17,21,17,9,3,5,9,9,10,12,15,17,10,4,2,3,2
6,6,6,6,7,9,13,18,19,14,8,3,4,8,7,7,8,10,11,7,4,4,5,4
14,11,7,5,6,8,14,20,22,16,10,7,7,9,5,5,5,6,6,6,6,8,12,17
30,25,16,10,8,9,14,22,27,22,16,17,19,19,16,13,8,5,6,7,7,9,17,26
43,41,33,24,17,15,18,25,33,33,30,33,37,40,42,35,20,9,8,8,6,9,13,17
30,32,38,42,39,36,39,49,60,66,63,54,45,43,54,49,28,10,7,8,10,18,26,28
55,49,48,54,63,72,77,78,80,85,83,75,64,53,44,39,27,16,12,12,17,30,43,48
72,69,67,70,75,84,81,75,74,79,75,74,74,69,51,49,52,49,40,39,37,42,55,68
66,75,84,82,72,73,63,57,59,62,55,60,71,77,67,73,87,89,78,73,60,55,64,79
58,69,81,80,66,70,68,68,68,60,54,58,64,66,65,72,91,99,91,78,68,67,73,76
41,49,65,76,69,67,70,82,93,89,73,67,63,60,65,53,58,69,70,64,68,69,65,60
41,45,52,54,46,44,49,60,71,72,65,64,62,62,69,61,59,62,67,71,80,78,73,74
49,50,45,36,28,26,30,38,44,48,51,52,53,55,61,70,71,68,66,71,81,82,82,89
48,49,42,35,34,28,37,46,49,48,51,44,40,42,44,60,70,69,63,60,69,75,78,79
28,30,35,45,55,46,67,82,78,67,66,52,40,38,36,39,49,60,68,71,68,64,57,48
22,27,41,65,84,65,70,70,61,57,53,44,37,37,45,49,50,57,72,87,78,68,63,61
34,41,52,65,74,58,55,52,56,71,52,40,37,46,67,69,67,69,76,81,63,51,50,53
51,55,56,56,59,52,50,54,67,86,66,64,62,63,86,81,76,77,79,70,49,35,30,31
54,53,50,54,66,61,60,67,77,81,79,100,95,71,86,74,62,65,74,65,53,38,24,17
31,34,45,59,70,54,47,50,57,63,73,84,70,48,62,51,37,38,53,63,58,44,30,22
39,37,40,44,38,26,25,25,26,32,43,47,36,22,29,34,35,41,57,76,62,49,45,44
67,59,60,60,43,19,12,10,8,10,17,21,17,14,29,54,59,61,72,85,66,50,57,76
72,67,75,81,61,22,9,5,3,3,6,9,10,19,52,85,84,77,80,75,58,44,55,85
47,48,67,79,58,21,9,6,5,5,6,6,9,27,71,97,90,80,77,53,40,33,42,64
