109,110,113,110,95,75,71,72,74,82,93,107,113,111,108,114,120,124,120,106,99,103,107,104
84,82,88,90,77,65,61,65,75,92,104,113,116,115,113,120,123,124,122,109,98,101,108,110
71,64,63,65,62,56,55,65,85,109,114,111,108,108,109,115,108,101,101,98,82,82,92,96
75,71,63,60,66,64,68,78,95,117,114,101,90,89,96,104,90,76,78,84,64,64,76,81
80,90,87,79,85,87,95,93,92,109,104,88,72,68,83,99,90,78,79,83,68,70,84,93
69,80,82,76,77,84,94,94,91,102,85,72,67,70,85,103,98,89,90,96,97,102,105,104
71,77,68,55,59,69,80,83,88,105,83,76,83,88,77,90,104,107,101,101,102,97,86,75
84,86,75,64,72,76,77,78,86,104,94,89,95,94,70,71,88,94,86,84,88,85,77,73
89,90,88,91,100,97,89,88,93,99,100,91,88,87,75,71,78,78,68,67,72,76,82,92
73,74,81,92,101,101,102,105,107,99,89,72,69,81,89,97,108,103,81,73,67,66,74,84
91,86,89,96,97,86,78,88,105,105,94,77,72,77,76,76,84,79,61,61,65,64,68,77
112,99,88,84,86,84,80,82,91,97,90,77,72,74,71,72,71,66,67,88,103,101,99,106
102,88,71,65,74,83,86,81,80,94,103,101,98,94,84,82,85,97,121,146,143,128,122,128
68,62,54,53,64,85,101,103,102,119,143,151,151,143,119,108,119,151,186,193,154,118,104,108
58,64,69,68,70,111,150,166,168,178,187,190,194,194,174,151,148,165,183,174,133,87,58,53
124,135,148,153,150,170,173,158,143,143,149,158,168,175,167,124,95,93,111,129,136,110,67,38
177,189,202,205,197,183,152,121,103,102,108,119,124,123,118,88,63,56,68,87,100,82,50,30
189,195,197,192,181,167,142,119,109,112,112,118,122,119,113,100,96,97,98,99,97,78,58,52
154,150,137,124,123,140,143,140,139,143,135,135,146,155,143,131,148,165,160,146,140,123,108,108
74,68,57,57,77,90,81,76,83,89,82,86,101,108,82,67,100,132,130,121,125,129,136,145
65,62,52,48,58,56,52,52,56,59,63,68,72,69,56,50,61,70,72,88,90,101,110,108
67,58,58,71,80,50,38,34,33,37,41,44,46,48,49,43,39,41,52,76,72,80,85,72
56,45,51,80,105,68,39,27,28,30,29,32,44,59,65,51,44,52,69,81,79,90,95,83
35,34,36,62,106,90,50,36,43,41,36,46,68,91,94,73,65,75,90,90,95,118,133,125
