82,85,82,71,71,131,127,93,78,97,69,57,69,85,76,60,48,34,18,16,19,22,22,18
66,71,75,72,75,118,104,77,73,89,59,42,48,64,66,61,51,34,20,24,41,48,44,38
43,45,52,58,65,84,63,44,45,55,42,32,34,50,68,60,49,38,32,43,74,83,75,71
23,20,23,31,40,46,30,17,17,23,33,34,37,54,83,64,49,45,50,60,84,84,79,87
10,7,4,6,12,23,18,12,15,31,48,49,51,68,94,76,55,51,62,70,58,44,49,70
6,3,2,2,4,12,11,10,28,74,99,92,83,85,87,65,47,45,64,89,61,53,61,64
8,7,6,5,5,9,13,20,43,87,100,88,81,82,67,51,42,42,51,71,55,65,79,72
29,28,22,19,23,28,46,49,47,63,63,55,58,71,70,68,68,63,59,73,63,75,90,84
55,53,49,53,69,72,92,79,44,34,34,32,43,68,92,95,97,91,82,92,78,84,96,95
55,59,72,99,129,119,107,76,43,41,50,46,54,80,105,91,87,90,92,88,76,88,102,100
29,36,49,70,94,95,71,43,31,43,68,64,67,95,124,91,71,71,79,76,78,80,81,81
19,31,47,58,61,62,52,43,43,57,66,54,55,83,116,83,51,47,62,65,74,82,93,105
42,71,101,110,98,94,92,83,72,71,59,46,44,55,69,52,32,32,53,71,92,107,120,132
88,138,182,195,185,178,170,141,98,68,53,50,46,35,21,33,46,61,81,110,139,152,150,145
129,179,217,228,229,221,212,171,101,44,45,56,59,52,47,86,130,158,169,182,195,194,179,166
164,199,213,203,185,156,139,111,72,53,84,120,142,144,140,155,185,207,206,195,187,182,184,190
178,199,189,151,118,90,84,92,109,133,143,147,162,181,179,153,157,174,177,158,162,173,188,202
173,183,162,121,90,75,86,116,153,181,148,111,111,134,128,96,111,148,167,155,169,181,190,198
166,163,143,116,96,89,107,129,143,141,98,61,59,71,58,55,110,175,205,203,200,187,175,173
182,166,133,93,59,58,70,80,82,86,94,99,111,121,109,113,155,195,207,203,177,147,126,118
205,201,186,156,124,125,138,144,144,145,145,133,130,135,127,127,137,145,141,127,95,71,60,57
208,211,204,186,169,173,181,186,180,161,132,115,123,141,141,141,139,130,111,78,53,45,43,38
211,213,205,195,193,198,201,201,184,137,103,110,142,173,181,183,176,158,123,69,49,49,48,37
228,226,219,213,216,220,222,218,187,121,112,151,195,222,234,233,220,190,142,75,52,47,39,25
