91,89,102,127,148,146,142,142,145,148,149,150,149,144,136,129,120,107,91,80,69,67,74,81
106,105,114,132,147,147,148,150,152,153,154,154,152,148,144,140,131,112,90,79,72,70,73,76
113,116,125,134,137,138,143,147,145,143,145,145,144,141,139,139,139,124,97,81,79,77,74,72
98,108,121,126,119,120,129,134,131,126,129,129,128,127,127,129,141,138,110,86,86,85,78,72
67,80,96,102,95,103,118,127,126,122,124,123,122,123,123,129,145,144,117,89,91,91,83,72
49,54,63,70,72,93,124,139,139,138,139,137,136,137,139,143,152,140,105,79,81,82,75,67
35,35,40,45,53,86,130,153,154,154,152,149,148,151,155,156,155,135,99,79,82,84,81,78
23,24,28,33,43,73,114,138,144,146,143,137,135,139,143,142,140,125,99,82,84,87,87,86
15,17,24,34,47,66,91,111,119,120,115,108,102,99,98,97,101,103,95,81,81,83,82,78
15,17,25,43,67,82,95,102,101,95,87,77,66,54,44,39,50,70,83,71,69,67,61,56
21,26,41,68,95,99,97,87,72,59,49,42,35,27,22,21,31,50,60,37,35,39,45,52
30,40,67,97,108,98,84,65,44,28,25,24,22,18,14,14,24,40,47,22,18,20,27,37
38,51,85,114,114,102,84,61,39,26,25,27,27,25,21,21,28,41,47,27,23,24,28,33
59,71,99,121,121,121,108,86,68,61,58,56,55,53,51,50,53,61,65,56,55,58,60,61
117,122,130,136,136,139,136,129,125,124,120,117,114,111,109,106,107,110,111,111,115,119,119,117
166,163,156,151,156,164,163,162,163,165,161,163,164,164,162,159,161,163,163,165,170,174,173,171
198,186,169,165,181,192,192,191,194,198,196,198,202,204,204,204,206,207,206,205,206,203,200,201
216,204,190,187,199,204,203,203,205,208,208,208,210,213,215,217,218,218,217,218,220,216,213,215
224,222,217,206,186,172,168,168,170,170,170,169,169,171,173,173,173,174,178,197,218,225,224,224
227,227,221,186,119,77,67,68,68,68,68,68,68,69,70,69,69,70,87,146,206,231,231,230
223,224,219,175,85,30,18,19,19,18,19,18,18,18,19,18,18,19,41,119,196,225,225,224
216,217,213,169,75,18,5,6,6,5,6,5,5,5,6,5,5,6,28,106,187,216,213,212
211,213,208,165,73,18,6,7,7,6,7,6,6,6,7,6,6,8,29,104,182,206,203,205
211,213,208,163,72,18,6,7,7,6,7,6,6,6,7,6,6,8,30,107,181,199,196,207
