135,131,122,115,118,117,112,109,111,119,121,128,141,150,142,135,125,118,117,113,109,106,105,106
133,130,122,118,122,122,115,109,107,113,114,125,139,146,137,130,122,119,121,121,118,112,106,103
125,125,125,129,134,131,124,116,110,110,109,119,131,135,126,121,117,117,123,123,123,117,108,99
113,115,125,137,142,138,132,123,114,112,109,114,121,123,118,116,114,115,118,116,118,120,115,105
101,104,116,130,136,137,129,117,110,112,109,110,114,116,116,116,115,112,110,105,110,120,125,120
100,102,112,121,123,126,114,98,90,97,99,98,98,101,104,109,113,112,106,104,108,115,116,110
109,111,121,127,124,123,113,102,99,106,112,112,109,106,102,101,105,107,107,112,114,117,115,110
101,106,117,125,121,125,126,125,122,123,124,118,111,107,102,96,99,104,107,113,112,113,114,114
89,96,108,116,116,128,137,139,135,127,119,106,97,97,98,98,102,107,110,111,105,105,110,113
93,105,113,116,118,127,124,120,117,112,104,91,84,86,96,104,112,119,121,118,109,106,106,107
76,91,107,114,112,108,93,86,94,107,113,110,102,97,101,104,108,114,120,119,111,108,108,108
75,85,100,110,106,91,78,75,85,103,111,113,105,94,94,96,97,102,108,108,100,103,110,113
81,85,95,103,99,86,84,86,92,102,105,108,101,90,90,97,100,99,98,95,91,97,106,108
83,84,90,93,89,85,92,100,104,107,104,106,100,91,93,107,111,106,96,89,90,97,100,97
82,84,87,87,80,72,76,89,102,109,105,105,99,90,95,109,113,108,99,91,92,100,105,103
87,91,94,93,85,74,72,79,88,88,81,85,87,87,92,104,106,102,97,93,92,103,114,119
98,101,102,100,96,91,88,90,94,90,82,82,88,96,98,104,102,98,95,94,93,100,109,114
106,108,106,102,98,99,102,107,110,106,97,94,103,117,119,118,113,105,97,94,88,87,89,93
107,107,104,97,93,91,97,110,118,113,106,109,122,137,142,140,132,118,104,94,80,72,72,77
104,98,96,98,96,83,81,92,105,105,102,111,125,136,143,141,133,120,107,99,85,80,83,87
103,93,100,119,125,109,93,90,95,102,106,114,122,129,135,129,122,118,115,116,109,108,108,107
94,82,89,112,128,121,106,97,97,102,107,113,118,122,124,115,108,108,114,126,133,132,122,110
87,81,84,97,110,112,109,109,108,104,102,102,104,104,101,97,95,96,105,121,136,134,119,103
90,92,96,99,97,96,105,117,119,105,94,87,84,80,74,78,85,91,97,108,121,120,110,101
