158,152,150,153,159,167,182,191,193,195,204,213,220,225,224,225,226,225,221,215,207,199,192,188
155,150,149,153,160,168,182,190,190,192,201,211,218,221,220,220,222,222,221,218,213,207,200,196
151,146,146,152,158,168,182,186,184,186,196,208,216,218,215,215,216,218,220,219,217,214,210,208
147,144,145,149,154,166,180,183,178,180,192,207,216,217,213,212,213,216,219,218,216,215,215,216
146,144,144,146,150,165,179,180,173,176,192,208,217,217,213,211,212,215,217,216,212,211,214,217
148,147,146,145,148,166,178,177,170,175,192,207,214,213,211,209,210,212,214,213,210,210,213,216
150,151,148,144,145,165,179,176,170,176,195,208,211,209,208,210,210,211,213,214,212,212,213,215
149,151,149,144,145,165,178,176,169,176,198,209,210,208,208,210,211,212,213,214,213,213,213,213
145,148,147,144,146,165,176,174,169,177,197,209,210,208,209,210,211,211,212,212,211,212,212,211
141,144,144,143,149,165,173,172,171,181,197,206,209,209,208,208,209,211,212,210,208,209,210,210
138,141,143,145,150,162,169,170,173,184,199,206,207,206,203,204,206,209,209,207,206,207,209,210
137,139,142,146,151,160,165,168,173,185,200,205,204,202,201,203,205,206,206,206,205,205,207,209
137,137,139,145,152,159,163,166,172,185,198,201,200,199,200,202,204,205,205,206,205,205,205,206
138,135,137,144,153,160,162,165,172,183,194,196,197,198,200,201,203,204,204,205,205,205,204,203
137,134,135,143,153,161,163,166,174,184,188,190,194,198,200,199,199,200,201,201,204,206,205,203
135,133,135,143,154,162,164,167,173,182,185,187,191,196,199,199,198,196,196,197,202,204,205,205
131,131,135,142,152,160,164,167,174,183,189,191,192,194,197,198,197,196,197,196,200,202,201,201
133,133,136,142,148,158,165,169,176,185,195,197,194,193,196,198,198,198,198,196,198,198,197,197
140,140,141,143,146,157,166,171,176,187,197,197,194,193,198,200,199,197,196,196,195,194,193,195
148,148,146,144,145,155,163,167,172,186,195,195,192,192,198,202,200,195,193,194,195,193,191,191
153,153,150,146,146,150,153,156,162,176,188,193,190,188,194,198,196,192,192,195,197,195,192,191
152,152,151,149,148,147,148,151,157,166,173,179,182,184,189,193,191,190,191,193,195,194,191,190
153,154,155,153,150,148,149,153,159,160,157,161,168,175,182,188,189,190,192,190,192,192,190,188
156,161,162,157,149,150,152,158,162,159,151,152,158,165,173,184,191,194,195,191,191,191,190,187
