169,142,117,109,111,94,91,97,111,135,156,162,164,161,142,126,118,134,174,203,185,190,217,238
169,141,117,109,110,97,93,93,103,128,154,163,165,161,141,121,105,110,140,173,160,161,186,215
169,142,119,111,111,104,101,97,101,122,152,165,167,164,153,134,106,89,99,132,136,134,150,178
171,145,121,112,112,108,107,105,109,129,157,170,171,169,169,160,134,103,88,103,116,118,129,149
173,145,119,110,113,110,111,115,128,152,171,176,175,174,176,176,171,153,124,102,98,107,124,138
167,136,105,101,121,129,139,148,158,171,179,179,178,178,179,178,179,175,161,138,119,108,114,130
131,107,84,90,130,159,177,184,182,177,180,180,181,181,182,180,180,179,176,167,155,142,141,149
77,66,59,78,130,174,194,193,179,167,177,182,183,183,183,183,182,180,179,180,177,172,171,174
42,45,52,76,121,156,165,158,150,153,173,183,185,185,183,183,183,182,181,183,183,184,186,187
63,77,84,90,106,105,95,95,115,148,174,183,186,187,184,183,183,183,182,185,186,186,186,187
125,136,120,92,82,79,75,82,112,159,186,194,193,187,183,185,185,184,184,186,187,187,187,188
148,160,138,97,76,88,91,103,129,157,159,151,139,136,156,177,183,183,185,187,188,189,189,189
159,170,150,107,80,102,104,105,112,113,98,84,73,78,115,146,162,174,186,188,189,190,190,190
175,180,162,121,84,107,104,87,69,58,51,50,53,67,99,124,146,168,187,189,189,189,190,191
185,186,171,131,84,104,115,95,68,69,80,93,108,126,145,162,176,185,189,191,190,190,190,190
184,187,178,142,88,94,128,140,132,138,150,160,169,176,181,187,192,193,193,192,191,191,191,191
182,185,184,158,105,89,127,163,175,179,183,187,191,193,193,195,198,198,196,194,195,194,193,194
160,161,169,163,124,88,115,159,187,189,187,185,187,193,197,198,200,202,201,199,200,198,196,197
112,116,140,157,138,90,100,144,182,189,185,175,176,190,202,202,204,206,206,205,204,202,200,199
71,92,133,163,152,98,90,128,176,189,186,165,161,181,204,206,206,208,209,208,206,203,200,197
103,130,165,181,158,106,83,111,163,188,187,164,157,177,204,208,208,208,209,209,206,202,198,194
126,142,162,171,157,111,77,95,149,186,187,168,160,177,202,208,207,206,205,206,204,200,194,189
110,116,135,157,160,120,79,85,129,166,170,164,166,179,199,204,204,202,200,201,201,198,189,179
74,85,120,159,171,133,89,83,109,134,140,153,168,182,196,199,200,199,197,197,198,196,184,168
