115,101,87,78,76,68,60,50,46,59,80,95,102,101,100,102,103,101,98,94,88,87,91,97
77,67,56,51,50,45,40,34,33,45,68,90,100,99,100,102,102,103,108,113,109,106,106,106
38,33,29,27,29,32,37,42,50,66,86,107,116,114,113,112,107,113,135,159,165,160,146,132
20,21,23,27,36,55,77,95,109,121,129,136,139,135,132,127,120,132,168,205,216,208,184,160
24,31,38,50,72,108,143,168,181,182,169,160,155,151,148,146,143,157,190,216,218,206,186,170
48,55,64,78,100,124,147,175,200,210,206,198,190,183,180,181,178,181,191,189,176,164,160,163
99,100,103,109,117,121,133,165,206,230,234,232,223,211,203,199,189,180,174,157,143,134,136,145
128,128,131,135,139,139,147,173,204,224,230,233,232,225,212,195,184,185,187,172,159,150,147,147
145,145,150,157,162,165,172,181,189,192,195,201,211,216,203,179,176,196,221,218,209,200,189,179
189,183,177,173,169,165,162,158,155,155,158,163,174,184,179,166,169,197,234,244,244,242,234,222
219,207,186,165,149,140,142,145,146,146,147,148,152,155,154,151,157,186,229,245,248,248,244,237
235,225,208,187,163,141,134,137,145,148,147,147,144,139,131,129,139,175,225,246,249,249,247,243
242,238,225,198,159,131,118,124,136,142,137,129,117,103,90,87,104,154,215,240,246,248,247,243
228,229,216,176,118,95,89,97,110,114,104,86,69,56,47,48,72,127,193,218,225,229,231,228
182,185,174,136,81,63,61,64,69,70,57,45,39,41,48,58,80,119,162,174,177,178,178,177
151,149,144,125,90,57,48,63,84,91,71,61,64,78,93,107,121,137,152,151,142,126,112,106
137,125,118,109,83,49,42,70,110,127,112,106,111,123,131,136,134,131,126,114,94,72,59,60
124,99,83,75,57,34,34,67,115,143,141,139,140,138,130,118,104,90,79,65,49,37,40,54
108,77,51,39,31,23,29,61,106,138,144,141,129,109,87,66,49,39,36,33,36,47,67,88
109,90,66,47,33,35,50,82,118,138,139,121,88,53,36,26,22,24,34,56,85,111,131,144
114,110,105,93,77,82,98,117,132,137,126,91,52,26,19,20,28,45,76,121,145,142,129,122
96,102,114,121,114,112,121,132,138,132,103,60,28,17,21,33,53,87,130,161,151,125,103,95
76,80,95,114,124,115,108,111,116,107,71,37,18,19,32,53,86,131,167,157,120,95,85,84
72,70,75,91,112,104,81,73,77,72,45,27,19,23,44,69,110,157,176,133,97,85,85,85
