53,53,49,40,26,18,19,50,104,154,163,159,164,174,168,127,103,102,111,119,134,146,154,159
52,52,48,39,26,19,24,62,120,161,165,162,167,175,163,121,104,104,105,108,121,132,144,158
51,52,49,39,26,19,30,77,135,164,164,164,171,176,158,114,102,105,106,106,110,112,123,144
52,55,53,42,26,19,38,90,146,163,162,164,172,177,156,110,98,105,110,109,101,96,105,124
55,58,55,44,26,20,48,104,154,162,162,163,173,177,155,111,97,105,111,102,90,90,100,110
58,57,50,36,22,20,57,116,161,164,162,165,177,179,145,104,96,105,109,99,92,92,95,95
55,51,40,28,19,21,61,120,163,165,162,167,179,174,130,94,93,105,108,103,96,88,84,84
50,46,38,29,23,27,69,127,166,167,164,169,178,169,123,90,92,106,110,109,97,81,77,88
43,43,41,36,31,37,82,136,169,169,165,170,177,169,127,96,97,109,114,114,98,78,78,97
37,39,38,35,33,45,91,140,167,166,165,169,177,172,136,106,104,114,119,117,103,85,82,95
38,38,34,27,26,38,84,134,164,167,169,173,178,170,131,103,104,114,114,110,102,93,90,92
37,37,34,28,23,32,76,130,166,172,173,175,178,168,128,99,104,116,114,109,104,102,103,106
34,35,36,33,25,26,62,117,163,175,174,176,180,171,132,103,107,118,116,111,108,109,114,119
31,32,33,31,25,22,44,96,152,174,172,174,181,176,141,112,113,120,118,114,111,111,113,115
33,32,27,21,19,19,32,80,141,173,170,172,180,178,146,117,115,120,118,113,108,104,100,97
35,32,24,18,18,22,42,90,146,173,173,176,182,172,134,104,104,112,110,105,102,100,102,104
38,33,25,19,18,24,46,91,143,173,177,180,184,172,127,85,82,98,109,112,114,119,128,138
40,34,26,20,17,21,36,73,122,159,164,165,172,171,130,76,68,94,123,136,143,148,158,169
49,41,29,19,16,16,21,44,83,119,121,119,134,149,125,74,66,95,133,158,170,173,176,183
79,67,44,24,16,16,17,25,42,56,53,54,71,90,82,53,52,72,101,138,172,189,196,202
104,98,73,39,18,15,15,17,21,25,26,28,38,47,44,30,31,49,79,125,173,205,221,227
96,97,77,44,20,15,15,16,18,19,22,25,28,31,34,29,33,54,93,141,174,193,202,203
90,85,63,36,18,14,14,17,20,21,22,23,24,28,41,51,57,74,110,150,158,148,138,136
108,87,51,22,14,13,14,17,19,19,17,16,16,24,47,75,83,87,104,135,129,100,75,71
