118,113,84,44,18,15,15,15,15,15,17,21,26,30,28,19,22,37,65,114,171,212,233,239
103,105,83,47,19,15,15,16,17,18,21,25,29,31,32,25,27,47,85,134,177,205,219,222
90,89,70,40,19,15,14,17,19,21,23,25,26,29,38,42,47,67,105,149,166,168,164,163
105,91,59,29,17,14,14,17,21,22,22,23,26,35,57,75,77,82,106,138,135,112,92,89
151,123,73,30,17,16,16,17,19,23,31,38,48,66,101,120,104,84,85,104,95,67,45,42
164,143,101,59,39,32,27,21,22,38,71,97,114,131,158,155,112,74,71,85,76,55,44,50
143,134,113,90,70,54,40,28,24,41,82,116,141,163,182,167,116,71,62,75,77,76,82,91
117,115,113,106,87,59,40,27,24,35,63,88,118,154,183,174,124,75,59,72,88,101,110,113
105,106,111,109,90,52,30,22,23,31,46,61,92,137,177,180,136,84,59,73,100,115,114,105
111,110,112,110,94,54,27,19,23,34,62,91,121,150,179,184,149,96,62,73,104,121,112,91
104,104,105,105,96,58,27,17,21,32,68,119,159,177,187,186,162,116,72,69,103,130,118,80
86,85,86,86,82,56,33,23,21,26,63,125,172,186,187,188,172,128,75,64,96,131,130,98
63,61,59,59,60,53,47,37,26,23,59,124,172,187,186,189,179,135,76,60,84,124,145,136
44,40,36,34,39,48,56,49,32,25,56,118,167,185,186,191,185,143,80,57,71,111,152,171
38,33,27,24,28,38,45,44,36,29,48,101,153,181,187,192,190,155,95,57,57,91,141,181
48,42,35,29,28,32,37,40,42,48,68,115,158,180,184,190,192,169,119,70,59,80,127,172
51,46,41,36,31,34,38,46,61,82,97,131,164,179,183,190,194,183,147,90,67,76,112,151
46,44,44,43,39,42,45,59,87,120,128,147,168,180,181,184,190,190,166,107,72,72,99,127
41,43,48,50,48,50,50,67,103,140,148,155,162,164,161,158,170,184,175,119,72,66,88,108
47,48,52,56,52,45,40,53,85,120,133,131,119,104,96,102,132,170,181,137,78,63,80,95
54,50,49,51,48,38,31,32,43,57,65,63,55,51,60,82,123,165,182,154,94,64,67,78
50,47,46,47,45,34,25,21,22,24,27,26,31,50,85,118,152,179,187,166,113,73,61,66
37,40,43,44,39,28,22,21,21,21,22,24,40,79,132,166,187,195,190,166,125,84,60,58
25,34,42,41,31,20,18,22,25,25,26,29,51,98,155,185,198,199,187,154,126,88,58,51
