78,91,107,120,129,135,142,154,168,176,185,181,168,149,127,106,95,92,95,98,98,93,82,72
102,117,132,145,157,168,170,170,166,159,159,151,139,126,115,102,94,93,96,97,92,82,70,62
150,157,158,156,160,170,169,159,145,131,128,125,120,117,114,109,107,109,108,98,84,68,56,51
166,162,149,135,130,138,140,135,125,116,117,118,120,121,122,122,125,129,123,100,80,61,49,47
117,111,103,98,99,109,120,127,129,130,128,124,120,119,120,121,128,132,124,99,81,63,51,46
88,91,97,102,106,110,117,124,128,131,128,118,108,102,99,99,104,110,108,92,80,64,49,41
84,89,99,108,110,113,119,126,131,129,124,114,105,97,87,77,77,82,85,79,75,64,50,41
82,85,95,106,111,114,121,127,129,123,123,120,113,102,84,69,66,69,70,67,67,61,50,40
76,79,89,101,109,116,123,126,122,117,121,125,121,107,83,72,71,70,63,59,58,54,45,35
76,79,88,98,108,118,125,124,118,111,114,119,117,104,81,75,76,70,58,53,53,48,38,29
86,91,95,98,102,112,117,117,114,113,113,115,113,103,84,78,73,63,51,51,54,46,32,22
88,96,99,98,99,106,110,111,113,117,114,113,111,104,87,78,71,60,49,49,52,46,34,24
89,96,100,100,102,106,107,110,116,121,116,111,105,97,82,73,68,59,48,47,53,53,45,35
95,99,102,106,110,110,111,115,122,125,117,109,98,87,77,70,66,59,49,46,54,61,56,43
109,108,110,115,121,118,120,125,129,127,118,110,101,91,86,79,71,62,53,48,50,55,51,38
122,119,121,127,129,125,128,131,130,127,122,117,112,106,104,93,81,68,56,48,44,40,36,31
126,125,128,132,132,130,131,131,128,126,127,123,112,105,110,103,88,70,55,49,42,34,29,28
111,115,123,132,138,143,143,142,141,144,148,138,123,117,134,129,101,70,52,47,41,33,27,25
76,85,99,117,136,152,157,163,172,180,180,162,145,149,175,165,121,75,50,41,37,32,25,20
45,49,57,71,94,120,139,162,187,202,195,163,139,145,173,170,130,83,51,35,32,28,22,18
32,33,34,38,47,69,89,110,128,136,134,110,91,91,107,106,89,66,46,31,34,37,31,21
28,27,27,24,23,38,52,60,62,62,65,61,57,58,61,57,56,54,50,49,56,55,44,30
27,27,24,21,21,32,38,35,29,29,36,45,54,61,65,62,60,58,60,77,80,68,49,37
27,26,22,20,26,36,37,33,31,38,50,58,66,79,95,98,87,70,67,94,90,66,44,38
