20,20,20,21,22,22,22,26,33,40,38,39,40,41,40,36,36,38,40,42,48,46,38,33
16,16,17,18,19,21,23,25,29,34,33,34,36,37,37,35,35,36,38,39,43,41,36,32
16,15,14,14,15,17,19,20,21,22,24,25,28,31,31,30,31,32,33,34,36,38,38,34
33,30,26,25,26,24,23,21,19,18,19,20,23,25,24,24,26,26,25,27,28,33,36,33
68,63,61,63,63,53,49,44,37,34,30,29,31,31,26,25,25,24,22,24,24,26,28,27
85,91,104,113,111,97,85,79,78,77,68,70,73,68,53,48,49,49,45,48,44,37,31,29
140,153,169,174,162,139,114,104,103,95,84,89,92,82,61,56,58,62,64,68,68,61,54,52
198,206,208,196,172,149,127,113,102,84,75,76,76,68,54,52,54,58,62,66,69,69,66,63
226,226,209,174,134,116,109,98,81,64,58,53,48,46,44,45,46,47,50,50,54,59,61,59
208,212,194,143,78,62,61,62,60,58,53,46,42,40,40,42,44,46,47,45,44,46,51,56
158,173,180,148,75,48,43,48,54,55,53,46,40,38,39,41,45,48,48,43,38,37,43,50
106,130,150,131,70,43,42,59,71,59,48,42,38,36,37,40,43,45,43,39,34,33,38,45
66,85,103,95,60,46,48,67,78,59,41,38,37,35,34,38,39,38,36,34,36,39,42,43
50,55,62,63,53,50,52,58,60,50,36,35,37,35,36,39,36,32,30,32,45,55,55,49
72,69,66,66,63,57,50,44,38,37,33,34,36,37,43,45,37,30,29,34,57,70,70,63
161,153,145,137,128,113,98,82,70,61,54,47,41,39,43,42,34,26,26,40,62,73,73,71
195,190,193,200,201,194,184,172,160,149,137,124,110,97,88,79,67,54,48,58,73,75,73,75
153,153,168,190,206,215,219,220,217,213,209,203,193,181,168,156,145,131,118,118,121,114,106,105
92,94,104,119,133,148,162,173,181,190,201,212,220,223,222,220,217,211,203,196,191,184,174,167
115,114,104,85,66,65,71,79,86,96,109,127,144,158,168,178,186,194,201,204,212,218,221,219
162,163,150,118,75,59,56,56,53,47,47,54,63,70,78,86,96,106,115,124,138,153,167,176
189,192,181,147,98,80,77,75,64,46,39,42,47,47,45,51,57,63,68,74,75,77,85,94
203,205,194,163,123,107,107,107,98,79,65,66,70,68,61,75,86,91,93,94,72,49,37,37
215,216,203,175,142,127,127,130,127,114,88,82,85,85,82,112,136,146,148,147,111,68,40,32
