87,99,113,125,137,149,161,173,182,185,183,196,206,209,214,226,233,232,226,227,232,234,230,221
78,86,90,90,92,100,109,119,127,132,135,149,160,166,174,186,196,201,202,204,210,215,216,215
107,108,93,74,67,72,75,74,72,75,85,104,117,119,120,119,120,122,125,129,137,147,169,197
156,152,130,105,96,99,97,85,67,54,68,100,118,115,105,91,72,55,46,49,55,67,110,170
183,182,176,167,162,161,158,146,117,79,93,138,165,160,149,137,103,57,22,18,20,25,69,140
192,192,191,188,184,181,179,177,165,142,150,173,183,176,170,169,144,90,32,22,21,21,51,105
199,199,197,195,192,191,190,191,193,190,193,194,191,185,182,185,173,125,57,29,24,24,39,65
204,204,202,199,197,198,197,200,206,211,208,202,195,190,189,192,190,159,99,46,30,30,37,46
209,209,207,205,203,203,203,208,213,213,206,201,197,194,194,195,198,186,149,87,58,51,54,58
209,210,211,211,209,210,212,215,217,213,206,200,198,197,198,199,201,200,187,152,121,99,90,90
185,194,203,208,208,211,215,217,216,212,209,203,199,201,202,203,205,202,195,188,179,156,125,104
133,146,158,169,183,206,215,214,210,209,211,208,206,205,206,207,208,192,165,154,161,153,130,108
103,113,120,131,157,200,214,212,207,208,212,213,209,205,207,211,209,184,138,109,118,127,121,107
111,119,123,131,156,199,211,208,204,204,211,212,207,201,205,211,209,178,126,89,94,109,115,109
129,148,168,179,186,207,207,197,189,190,198,200,199,199,207,211,203,167,113,89,93,101,110,118
140,161,186,202,207,214,212,201,187,176,165,155,153,166,193,206,202,176,135,100,96,95,104,121
170,182,196,207,214,218,217,208,197,191,175,155,148,165,194,204,196,179,157,116,100,91,95,112
191,194,195,198,209,217,218,210,202,208,202,184,176,186,203,207,199,193,186,154,133,116,111,115
172,174,176,182,197,207,208,199,194,205,210,204,200,203,208,210,213,216,215,206,188,171,156,145
104,115,137,162,180,183,179,173,174,187,190,189,191,195,197,201,209,213,213,221,214,206,197,188
55,63,82,102,113,111,105,100,104,120,125,130,137,145,149,158,181,194,193,211,207,200,201,208
37,40,47,55,59,58,57,54,56,66,70,76,86,97,101,107,141,174,190,210,208,200,195,193
35,35,35,36,37,39,41,42,41,42,43,46,53,62,70,77,111,154,184,196,193,182,163,143
34,34,34,36,37,39,40,41,41,41,40,39,39,44,58,74,103,138,162,164,159,142,115,92
