100,108,119,134,158,192,212,219,217,214,213,212,214,214,200,160,142,158,194,213,213,213,216,217
92,100,109,123,150,191,212,219,217,215,213,212,214,213,194,154,141,163,200,213,213,213,215,216
86,90,94,106,134,176,206,218,218,215,212,212,214,210,182,143,141,172,208,213,213,213,213,214
85,85,81,85,107,138,181,211,218,214,212,212,215,206,169,135,145,182,214,214,212,211,211,211
101,95,76,62,69,81,141,195,217,213,211,212,214,201,157,133,155,193,215,212,210,209,209,210
171,144,90,47,45,51,116,183,215,208,198,205,209,191,147,137,168,203,215,212,210,209,210,211
214,193,137,75,46,46,113,182,207,180,142,163,187,176,139,143,179,209,214,211,209,210,211,212
216,213,178,122,77,80,139,192,195,142,91,117,155,156,135,152,189,213,213,210,209,210,212,214
184,197,193,162,126,141,182,207,184,112,65,88,126,138,135,165,198,214,212,210,208,209,211,213
146,170,186,180,169,196,216,216,180,101,58,79,113,129,139,179,206,214,211,211,209,208,210,211
172,184,193,195,196,217,227,221,180,100,69,96,124,131,147,189,210,213,212,211,209,208,208,208
142,145,160,185,208,223,230,221,180,112,104,128,138,133,156,197,212,212,211,210,208,208,208,207
102,102,127,173,214,222,227,214,176,127,141,153,142,133,165,201,212,211,211,209,209,208,208,207
98,90,110,161,212,217,221,205,169,137,167,161,136,132,174,205,212,211,211,211,210,210,208,206
126,99,93,133,198,212,217,199,166,146,181,163,133,137,185,207,211,211,212,211,211,211,209,207
124,94,81,117,188,209,214,191,161,159,195,167,137,149,197,209,210,209,205,196,199,204,206,207
91,81,90,133,195,211,212,184,157,174,199,163,139,164,206,211,210,210,204,188,173,168,181,202
79,81,108,155,195,192,191,168,152,184,187,149,139,176,211,212,211,206,196,186,165,155,171,202
112,106,131,170,182,155,152,147,152,186,165,133,141,184,212,212,209,193,171,178,184,185,191,205
151,148,172,196,182,142,131,144,170,188,152,127,147,192,212,211,205,175,137,159,199,213,205,196
165,177,199,209,191,157,147,165,187,181,141,130,159,201,212,204,191,175,166,183,204,206,182,151
160,183,206,211,195,159,154,178,197,174,136,138,174,210,212,200,180,178,195,204,210,204,174,133
138,170,202,212,194,152,147,174,193,166,133,148,187,215,211,198,181,185,208,212,214,200,162,120
112,157,201,215,194,149,140,163,181,156,132,155,193,215,210,198,188,196,213,212,214,187,137,93
