100,151,204,217,176,87,69,129,210,245,248,244,241,240,241,243,245,246,245,245,247,245,242,240
118,161,206,212,163,77,70,138,218,245,245,226,207,200,206,214,224,232,238,242,245,246,245,243
164,188,213,201,138,63,78,155,228,243,234,190,147,127,131,141,156,173,189,200,211,227,240,245
206,213,214,180,104,52,94,175,234,235,213,154,100,72,65,70,81,98,115,126,143,177,218,243
216,216,196,142,67,48,114,195,235,222,184,129,88,67,50,51,55,59,63,64,70,113,182,237
218,210,161,90,44,53,136,212,240,222,170,111,72,59,60,78,87,90,88,77,68,98,168,234
219,197,128,55,36,65,156,222,235,218,164,102,63,57,75,98,101,97,95,94,85,113,177,236
215,179,102,38,37,87,177,229,230,210,156,98,64,66,90,100,92,81,81,88,92,131,194,240
205,161,86,34,48,118,198,236,228,201,145,94,70,77,96,89,74,65,65,75,90,145,210,243
199,157,91,51,77,156,216,241,232,195,134,88,73,80,86,74,67,66,71,84,102,158,217,241
214,195,155,129,148,198,231,243,227,182,125,83,68,73,72,69,70,72,75,94,121,173,219,233
217,213,202,195,203,224,236,238,216,164,117,80,66,69,66,68,72,78,87,102,138,190,228,233
214,215,218,221,225,233,233,228,205,152,115,82,64,63,65,72,76,85,100,109,155,207,237,238
211,212,214,219,227,235,229,222,201,154,124,91,66,58,65,78,82,91,109,122,175,221,241,239
211,212,215,220,230,238,235,228,211,177,148,113,85,74,78,89,95,100,116,147,202,235,237,226
213,213,216,223,232,239,237,224,206,193,190,179,165,154,148,148,147,146,154,185,223,240,226,198
216,216,219,224,230,238,236,223,209,209,217,217,213,209,204,206,205,201,202,217,235,236,206,162
218,220,221,216,206,215,220,217,215,221,228,229,227,226,227,234,237,234,232,235,237,219,173,123
221,224,219,193,154,156,170,184,194,205,212,215,215,214,217,229,234,233,232,231,218,182,129,88
224,227,211,162,95,75,81,96,111,123,134,148,163,177,189,202,209,212,210,196,163,121,82,58
225,226,204,153,89,54,44,48,53,52,54,64,78,94,109,120,129,133,129,118,96,71,48,33
202,199,180,148,108,76,61,53,46,35,31,34,39,44,53,59,65,67,63,59,51,40,30,25
168,164,157,147,136,121,109,97,84,71,64,58,55,54,54,48,47,46,43,40,38,38,44,55
146,148,151,154,157,158,152,141,128,118,108,94,89,94,89,69,62,61,56,47,45,54,78,105
