222,205,188,179,177,165,162,170,182,187,191,189,190,198,206,208,191,147,90,54,41,36,35,36
179,158,134,121,120,115,112,114,119,125,130,131,133,139,145,147,134,109,77,52,41,36,36,37
129,110,82,63,61,63,63,62,63,68,70,69,69,71,75,76,70,64,59,48,39,35,34,36
111,92,61,39,41,52,58,55,53,59,55,47,40,40,48,48,42,41,45,42,37,34,33,33
138,110,72,52,63,85,98,90,78,86,80,66,52,52,71,73,57,43,40,38,36,34,33,32
185,157,119,99,106,110,117,107,93,93,84,73,63,62,74,83,69,49,38,36,35,34,33,33
222,204,181,170,175,166,160,157,154,149,139,129,111,90,80,72,57,43,35,34,32,31,30,30
238,226,214,212,215,206,200,203,205,196,191,186,164,126,95,66,45,35,32,31,30,28,28,27
238,226,219,218,219,214,216,220,221,211,210,209,188,147,108,67,42,31,29,29,29,29,28,27
228,217,208,204,203,197,198,202,204,200,196,185,161,130,101,64,41,30,28,29,30,30,29,26
176,154,132,120,114,113,120,127,132,135,134,116,95,83,79,58,39,29,28,30,31,30,28,25
140,127,105,81,60,59,58,61,65,67,65,55,49,53,59,48,34,28,29,31,31,30,28,26
140,137,114,76,40,42,40,37,34,32,30,30,34,41,46,38,30,27,30,32,31,30,28,28
163,162,138,92,51,57,66,61,46,37,38,41,44,46,45,38,32,29,29,31,31,29,28,28
181,182,166,134,104,108,121,116,93,73,70,74,79,79,73,67,58,46,34,30,30,30,29,27
190,201,201,188,177,190,198,194,181,165,161,163,169,173,167,162,149,117,71,39,30,30,29,27
217,226,224,213,209,230,238,237,232,224,224,226,229,231,228,223,212,174,115,68,41,31,29,27
225,228,225,217,216,232,240,240,238,237,241,242,242,241,243,241,229,190,132,87,52,35,29,28
177,181,186,189,190,194,196,195,194,197,203,205,205,206,213,213,197,159,110,80,54,38,31,32
75,78,82,86,87,87,88,87,87,94,103,108,113,121,128,129,114,89,68,57,47,39,36,38
33,33,34,35,34,31,30,29,29,32,37,39,41,44,47,47,43,41,44,47,46,42,40,40
47,45,43,41,37,31,29,27,26,25,26,26,25,24,25,25,27,34,43,48,48,45,43,45
79,75,71,68,62,55,53,52,50,46,46,44,42,42,41,41,43,47,51,54,54,51,50,53
95,89,84,81,75,69,70,70,66,62,61,59,58,57,56,53,53,52,53,57,60,59,58,58
