16,16,16,18,20,19,17,17,16,13,13,14,16,17,16,17,16,16,18,16,17,18,18,16
19,18,18,21,28,29,24,19,16,13,14,17,18,17,16,17,16,16,18,17,18,20,20,18
21,19,16,21,37,50,40,24,15,16,29,45,43,26,17,16,16,17,18,17,18,19,18,16
40,34,25,26,46,71,57,30,14,19,46,83,83,47,21,15,15,17,17,16,16,16,16,14
89,76,58,51,64,85,69,39,19,25,55,102,113,74,28,15,13,14,14,15,14,14,15,14
152,135,120,113,113,109,93,66,43,48,69,93,100,80,41,22,15,13,15,17,15,13,13,14
166,156,157,162,152,120,98,81,72,77,87,92,97,99,82,53,29,18,18,20,17,15,14,14
166,159,170,183,167,118,92,86,90,95,97,90,90,97,96,75,53,34,23,21,18,16,15,14
176,167,174,183,165,112,85,84,94,101,99,84,71,67,68,70,68,55,36,25,19,17,16,15
195,186,185,182,159,112,84,78,88,101,97,74,48,30,27,40,62,70,57,40,24,18,17,16
199,197,195,183,155,115,91,84,90,99,86,63,42,30,24,36,59,75,72,52,29,19,18,16
200,201,198,182,153,120,99,88,85,86,71,54,42,33,28,46,64,74,71,50,29,19,18,17
202,202,194,174,145,122,108,94,81,72,52,41,34,29,30,55,70,74,67,47,27,18,16,16
201,199,186,161,132,117,111,102,90,79,50,32,23,22,32,59,71,73,68,46,24,15,14,15
189,190,178,150,120,107,107,112,118,118,90,52,26,23,40,61,70,72,68,45,23,14,13,14
176,183,173,146,115,102,103,111,121,131,132,101,62,42,53,64,69,69,62,42,22,15,15,16
184,188,173,142,114,102,101,110,123,138,154,138,98,64,63,69,72,68,58,43,24,16,16,17
196,194,174,143,118,104,101,110,126,142,161,150,111,72,67,71,73,68,57,44,26,16,15,16
200,195,176,149,124,107,104,111,127,146,164,148,106,67,66,67,67,65,59,42,24,15,13,13
205,198,180,153,128,113,110,116,130,150,166,151,112,72,62,52,49,53,57,40,22,16,15,12
209,201,181,155,134,122,118,122,133,152,166,153,119,82,58,37,30,39,52,47,30,20,16,15
213,200,175,150,137,128,124,127,136,153,165,151,123,93,70,48,37,42,56,65,59,49,38,30
213,192,160,138,133,128,128,130,139,154,164,150,125,102,88,72,62,62,70,84,87,81,68,56
208,181,145,125,129,127,128,133,142,156,165,151,127,106,97,87,81,81,85,93,95,92,85,79
