90,81,67,58,61,68,68,65,61,56,51,80,127,154,124,89,64,53,52,50,50,51,52,52
75,69,60,57,64,67,66,64,59,53,52,82,125,149,134,114,87,61,46,46,48,49,50,51
63,62,59,60,66,66,64,61,56,48,59,94,126,139,133,131,109,75,45,44,46,46,47,50
64,64,64,65,67,65,60,58,57,56,80,112,130,130,129,137,127,98,65,61,61,53,50,59
74,73,70,67,66,68,61,60,71,87,110,129,131,126,139,145,147,130,102,96,92,74,71,93
78,75,69,65,70,83,88,85,89,114,130,137,126,114,133,146,154,141,111,87,80,83,110,149
110,104,83,67,79,110,122,117,112,125,135,139,133,125,136,144,150,145,126,100,80,90,126,161
118,124,108,90,99,129,141,141,135,132,134,139,141,140,141,141,142,142,137,124,110,118,142,161
105,123,127,121,124,138,146,152,149,134,127,134,141,142,139,136,135,136,139,143,148,153,159,164
109,118,127,134,139,145,150,154,148,125,113,123,132,131,128,128,130,133,136,145,157,159,161,167
120,122,126,132,139,145,148,148,140,122,112,115,123,127,122,121,124,126,129,139,149,150,155,166
118,117,122,129,133,138,141,138,131,122,114,115,119,121,124,124,115,117,134,145,146,143,147,156
115,111,115,123,127,127,129,131,132,132,123,121,119,117,126,130,120,121,138,147,144,140,141,144
115,112,113,120,124,117,117,125,137,144,133,127,123,121,126,132,135,133,132,137,139,138,137,138
108,115,122,126,125,116,112,118,131,140,135,130,128,130,132,134,137,131,118,119,127,130,135,144
115,117,122,126,125,121,120,125,135,144,149,144,134,128,132,134,132,126,120,127,124,119,128,147
125,120,117,118,119,120,127,133,138,144,152,149,136,129,137,137,133,126,121,123,115,110,124,150
137,127,119,114,111,117,127,133,134,139,146,141,131,126,133,130,131,128,119,111,104,105,122,147
142,134,125,116,108,116,122,123,124,129,133,127,120,117,116,112,121,126,117,103,99,108,126,142
125,123,120,113,107,114,115,113,114,120,118,113,110,108,104,106,114,117,112,106,107,125,143,146
115,115,112,107,102,107,106,104,107,116,114,111,108,106,111,116,117,114,110,111,103,100,104,109
127,116,104,98,99,105,107,107,108,111,109,107,104,106,114,121,118,114,115,119,97,71,63,74
130,117,103,96,98,105,109,111,109,102,98,99,101,105,113,119,114,111,119,125,104,80,72,80
110,112,108,101,97,103,105,108,106,91,87,93,100,104,111,117,107,104,118,127,122,124,126,120
