124,126,126,142,186,213,163,106,81,95,137,172,162,118,98,93,113,131,126,106,126,131,128,133
125,127,124,139,184,220,191,137,100,104,139,157,140,110,112,127,153,157,128,93,102,111,118,128
126,126,122,136,183,225,222,190,152,131,126,120,117,125,147,178,202,187,133,86,85,96,107,114
123,121,120,137,184,226,239,225,189,138,99,95,124,164,188,217,226,191,126,86,90,101,105,104
113,114,119,141,186,226,237,212,160,101,81,118,171,207,214,228,210,157,98,86,106,117,114,106
108,115,123,147,193,229,215,159,104,93,122,172,213,229,227,224,173,111,79,92,109,118,115,105
121,125,134,158,197,206,158,110,101,136,178,210,227,232,231,197,132,87,83,94,105,113,113,105
114,120,139,169,189,154,101,98,145,192,216,226,229,229,221,160,102,81,93,96,101,111,116,113
88,101,136,170,169,102,77,124,196,224,227,227,230,225,193,121,85,87,100,102,104,113,122,123
72,88,124,154,144,89,100,161,217,222,222,226,230,211,149,90,82,96,105,112,115,118,122,126
84,90,103,116,120,101,137,189,219,216,221,228,218,176,105,79,89,105,109,115,121,117,116,122
86,95,103,106,105,112,165,209,221,215,223,228,206,151,90,88,98,104,104,109,118,117,114,118
96,108,116,112,102,119,178,217,221,216,225,228,200,147,104,106,108,104,101,103,113,114,112,113
118,126,129,119,107,127,182,217,221,217,227,226,199,157,132,125,117,110,105,102,107,108,107,107
131,135,133,122,114,141,195,224,223,218,228,223,195,160,146,134,122,115,112,107,104,101,100,104
141,142,136,122,115,149,201,228,227,225,230,218,191,164,153,134,120,116,117,112,103,99,101,105
145,144,134,118,113,156,208,232,230,227,223,204,182,166,151,129,115,113,117,116,107,103,105,107
143,141,128,110,109,161,213,236,233,226,215,193,176,164,144,120,109,109,113,117,112,109,108,107
138,136,123,107,109,167,218,238,234,225,210,193,176,158,133,105,99,103,109,115,117,114,110,106
140,137,128,119,128,181,221,234,228,220,207,193,174,146,114,78,78,95,108,111,116,115,110,108
160,156,150,147,159,203,225,227,220,214,200,184,162,135,107,75,77,97,109,110,112,109,104,102
155,161,168,172,178,210,221,217,211,207,194,175,151,127,114,98,98,106,109,108,108,107,104,101
105,127,162,188,194,212,213,206,203,204,192,169,143,126,127,122,117,110,105,107,108,109,107,104
42,74,139,196,212,217,207,199,199,204,193,165,139,129,134,127,117,107,102,109,112,109,107,106
