196,197,198,195,191,195,200,206,211,211,199,188,187,195,199,198,130,57,32,43,34,27,42,70
199,199,197,190,181,185,198,204,202,200,200,195,191,194,198,198,134,67,47,60,47,40,52,73
203,200,196,186,171,170,188,181,156,152,181,195,193,192,202,203,143,80,61,74,66,60,64,72
203,200,197,190,175,170,184,158,108,99,158,192,197,195,207,194,138,84,66,75,78,76,72,71
199,199,200,199,193,191,195,161,105,87,156,196,205,202,200,155,110,79,66,68,76,78,76,76
197,199,199,196,193,195,206,185,139,117,173,199,199,188,165,106,84,84,80,69,73,75,79,86
194,197,198,194,191,195,202,189,165,157,178,190,196,192,165,96,72,77,79,71,69,71,79,90
191,196,197,194,191,196,196,189,184,190,188,190,199,201,170,95,60,61,68,62,55,54,61,69
192,197,197,195,196,201,195,191,194,200,199,199,205,202,161,86,50,49,56,46,34,31,33,35
193,196,197,199,204,205,200,195,191,186,194,200,204,194,146,83,55,51,49,32,20,18,19,17
188,192,200,205,201,183,188,198,197,186,194,198,200,202,190,145,93,55,36,20,17,18,19,18
184,193,197,182,144,114,137,178,203,200,205,205,203,205,212,179,108,48,25,20,18,18,18,19
188,196,190,148,80,54,90,154,196,188,177,185,198,207,209,169,94,36,21,25,22,19,19,20
188,194,185,140,65,42,80,145,176,136,106,133,182,213,202,137,68,28,24,30,26,22,20,21
169,175,189,178,125,81,114,163,159,79,46,91,170,223,206,122,53,25,27,33,28,23,21,22
174,181,197,202,183,163,183,201,168,77,64,120,189,224,198,107,40,17,24,30,28,24,21,21
183,187,195,203,205,205,208,206,182,135,138,172,199,193,142,68,25,14,22,26,26,23,20,20
192,193,194,199,204,194,165,148,151,166,172,169,165,148,95,50,26,20,21,23,23,21,19,19
199,199,200,203,199,152,87,57,77,122,123,100,95,104,90,79,62,40,23,20,21,20,19,19
197,197,202,210,201,126,52,20,28,47,53,48,47,59,88,131,130,86,33,18,21,23,20,19
197,195,201,213,205,121,48,19,26,40,54,63,57,46,59,123,154,124,59,27,22,23,23,22
199,200,207,214,200,115,47,23,29,38,55,70,68,56,65,130,171,155,95,46,22,19,24,27
201,204,210,210,188,117,55,27,24,26,40,50,53,60,98,162,193,179,131,70,27,18,27,35
201,202,205,203,180,129,72,32,15,14,23,24,23,48,123,192,212,196,156,89,34,22,33,41
