69,71,67,67,78,78,54,34,37,67,85,93,100,105,98,93,96,105,114,119,89,64,57,63
72,73,68,67,79,83,62,45,47,69,80,88,100,112,109,104,103,108,112,108,79,57,52,57
76,76,70,69,78,79,69,64,70,77,73,77,93,112,119,117,111,102,89,72,54,44,43,44
81,78,75,75,78,74,73,79,86,81,66,65,81,105,120,122,108,84,57,38,31,31,30,28
82,81,82,82,80,78,80,81,77,69,58,58,71,93,111,112,91,60,35,29,24,22,19,16
87,84,81,77,74,82,84,69,48,41,45,51,59,72,89,89,64,35,22,22,21,22,20,15
79,76,72,70,73,87,83,55,27,22,29,39,49,57,65,66,49,30,21,19,20,23,23,20
74,71,69,71,77,92,80,47,17,15,19,27,39,49,50,53,47,34,22,19,23,28,29,27
77,75,75,79,85,93,78,46,18,14,15,22,34,45,47,54,50,36,22,20,29,36,37,33
84,83,85,87,89,90,78,52,27,18,20,30,41,48,53,62,56,39,24,24,38,47,46,41
85,88,92,91,87,85,79,67,52,44,45,51,56,61,71,82,78,61,46,47,62,70,71,70
86,90,93,91,85,81,79,77,74,72,72,72,71,73,87,101,101,88,76,79,91,94,92,93
88,90,90,88,83,79,78,79,81,82,83,84,84,85,97,112,115,106,97,105,115,111,103,104
89,89,87,85,83,80,78,78,78,78,82,90,94,96,102,115,119,110,102,117,128,120,109,110
88,86,84,84,84,82,79,79,81,83,88,96,101,103,107,117,116,103,96,116,130,125,118,120
87,86,85,86,86,84,81,81,84,91,98,103,106,109,115,123,111,90,83,109,128,130,126,128
84,84,86,88,88,85,82,82,86,93,103,110,114,118,126,134,114,86,78,107,130,138,137,137
81,83,87,91,92,89,84,80,81,85,95,108,121,132,139,144,119,87,79,105,125,130,132,139
77,81,90,98,100,95,85,75,70,71,76,94,117,137,144,140,112,85,79,96,105,100,105,126
65,78,97,109,108,98,80,67,62,62,60,71,93,114,118,104,87,73,68,68,72,67,73,93
42,62,92,115,118,99,75,64,67,69,65,64,64,65,67,63,64,65,62,54,57,62,65,67
22,38,71,106,124,107,80,70,75,77,74,69,58,45,40,45,57,64,59,52,64,75,71,56
13,20,47,90,123,116,89,75,79,83,78,71,58,42,34,54,75,80,73,76,105,116,97,68
12,13,35,77,118,119,92,73,76,87,77,64,49,35,33,75,104,107,100,114,159,166,131,92
