177,166,148,130,118,112,111,113,124,152,198,218,209,185,167,154,142,129,119,114,110,108,109,112
175,165,148,130,118,113,112,115,127,154,199,218,209,186,168,155,143,131,122,116,112,112,115,117
176,165,147,131,121,117,117,119,131,158,199,216,207,186,171,158,143,130,121,116,114,116,115,109
178,166,149,134,126,124,123,126,137,165,201,215,207,187,172,158,136,118,109,105,104,105,99,86
180,169,153,141,134,133,132,134,147,174,203,215,206,187,170,148,121,101,93,88,83,79,73,66
179,169,156,146,140,138,140,146,161,185,208,215,206,187,161,135,119,112,106,98,89,80,75,76
175,165,155,148,143,143,147,156,172,194,212,214,205,186,159,134,125,120,111,104,101,94,89,90
174,166,157,153,152,153,159,168,183,203,217,218,207,188,162,136,116,102,98,103,107,106,104,104
178,172,166,164,167,170,176,185,198,213,223,221,208,188,165,135,101,81,84,99,105,108,108,107
183,180,179,180,185,188,194,203,213,223,226,216,199,180,160,132,105,91,93,100,100,99,97,95
190,189,189,192,197,199,205,214,222,226,221,206,187,166,145,127,111,102,98,97,93,89,88,91
187,188,191,196,202,206,213,222,226,221,210,192,173,153,136,127,117,106,99,101,101,98,97,101
181,184,190,198,205,209,218,225,226,215,201,180,160,143,130,126,119,110,106,113,116,114,113,116
179,183,192,201,207,211,219,224,223,210,194,172,150,135,127,124,120,117,119,127,127,125,124,125
181,187,197,206,213,217,221,221,215,200,182,163,145,131,124,123,122,124,128,131,127,124,125,127
185,192,202,212,220,226,225,217,202,183,166,151,138,128,123,124,123,122,125,127,124,122,125,133
187,194,204,213,221,226,221,206,186,167,153,143,134,127,123,121,120,120,121,118,111,107,114,127
190,196,204,208,210,211,202,184,167,155,143,136,131,126,121,114,114,117,117,110,108,111,123,137
197,201,204,201,194,187,171,155,147,144,135,128,124,121,118,111,113,115,113,110,129,151,166,168
208,210,207,197,184,171,147,131,130,137,126,117,113,113,118,118,119,117,113,125,167,198,204,192
209,208,196,178,164,151,127,112,114,124,112,106,103,102,107,111,116,114,110,118,146,163,162,151
177,176,165,146,126,116,110,107,108,111,100,98,99,99,101,105,109,110,107,103,106,108,109,111
140,140,134,120,102,103,116,122,120,115,103,98,100,105,107,109,112,115,114,107,99,91,93,102
124,124,123,116,107,123,141,146,140,132,118,105,104,111,117,121,124,125,128,132,129,118,112,116
