166,164,170,167,131,66,48,78,127,155,163,163,164,165,167,165,165,165,165,166,167,168,166,165
159,160,165,162,136,87,64,74,106,142,159,163,163,165,166,165,164,164,164,164,165,166,165,164
155,156,160,159,148,125,108,101,110,135,155,162,163,163,163,163,163,164,163,163,164,165,164,164
154,153,154,155,155,153,149,141,137,143,156,161,162,162,162,162,162,163,163,162,163,164,164,164
153,149,142,138,145,154,158,157,155,157,160,160,161,161,161,162,162,162,162,162,163,163,163,163
153,143,117,97,110,143,152,148,148,157,160,161,161,161,162,163,161,160,160,160,162,162,161,161
154,149,128,110,116,152,141,117,111,133,148,157,160,161,162,162,161,160,161,160,160,161,161,161
155,154,146,138,143,166,144,108,88,95,109,129,145,155,161,161,160,160,160,160,159,160,161,161
155,155,154,155,161,171,155,125,94,72,68,87,115,138,154,159,160,161,160,159,159,160,161,161
155,155,153,153,156,161,156,142,119,90,69,72,90,115,141,155,160,160,159,160,160,160,160,159
149,151,148,143,145,160,162,155,144,130,120,122,128,135,147,155,158,158,158,160,160,160,160,160
149,151,139,117,110,150,176,176,160,147,146,150,152,152,153,156,158,158,158,159,160,160,161,161
151,152,139,111,90,133,183,194,164,129,132,145,155,158,157,157,158,158,157,159,160,161,161,160
152,153,149,131,108,128,181,196,153,94,90,113,138,154,157,157,158,157,157,159,160,160,160,159
151,151,152,150,146,156,181,175,129,74,53,67,104,142,155,156,157,158,157,160,159,160,160,160
152,151,151,152,155,158,166,156,124,84,64,66,96,136,154,157,157,157,158,160,159,159,159,160
150,150,150,152,156,156,157,153,139,121,110,109,122,144,155,158,158,158,159,160,159,159,160,161
149,149,149,150,154,146,143,145,148,148,145,146,149,152,156,157,158,158,158,158,159,159,159,160
151,148,147,149,148,127,111,114,133,154,157,156,155,154,155,156,157,156,155,155,158,158,157,158
148,149,149,148,141,108,72,67,106,166,181,169,154,150,152,154,157,157,154,154,156,157,157,156
141,146,149,149,145,127,93,69,92,168,200,171,134,125,139,150,156,156,154,155,156,158,157,155
139,145,150,150,149,144,129,109,116,167,180,139,97,86,102,116,133,146,152,155,157,157,157,157
141,146,150,151,150,149,150,146,147,162,150,111,76,62,64,68,87,115,138,150,152,153,155,157
142,146,149,150,149,147,151,155,158,156,140,115,87,63,49,36,44,76,118,140,142,146,153,156
