144,154,158,158,157,148,144,152,158,146,150,155,154,153,156,151,156,158,150,142,150,155,155,155
153,157,159,159,156,151,146,150,153,145,150,155,155,153,155,152,153,155,152,144,151,156,154,151
164,153,144,142,141,143,148,153,154,150,151,156,157,152,152,153,154,153,150,150,152,154,154,152
159,131,106,97,100,113,148,171,172,167,159,159,158,153,149,152,157,155,147,151,152,152,153,155
132,96,57,38,41,68,142,193,202,193,176,163,157,153,145,146,156,158,150,145,150,151,151,156
109,78,44,24,22,40,105,169,203,206,189,167,143,128,135,140,149,156,155,149,145,144,147,154
106,76,49,39,40,40,67,125,178,180,150,123,95,76,89,108,126,142,154,155,145,141,146,156
125,103,91,97,106,90,85,120,156,136,108,83,58,41,48,64,84,109,135,151,149,145,148,155
146,139,142,157,169,146,132,146,153,112,93,73,50,33,29,31,43,65,94,121,139,147,151,152
147,149,155,163,165,152,142,154,162,128,104,83,57,31,25,25,27,33,46,67,97,130,151,152
152,148,151,154,152,155,145,150,157,134,99,77,52,26,23,23,24,25,31,44,62,91,125,148
146,147,151,150,142,149,151,152,148,132,94,70,52,36,30,28,27,27,30,38,52,77,111,140
142,149,152,147,140,146,149,149,147,140,113,95,86,80,71,64,61,59,62,72,85,100,120,138
144,151,149,143,145,147,141,143,151,155,145,137,135,136,128,118,112,111,114,126,133,135,138,144
137,143,145,145,144,142,140,144,151,157,152,145,146,151,150,139,138,140,142,145,144,140,141,146
103,124,143,144,129,132,141,149,151,148,152,150,146,144,143,142,145,145,141,144,145,144,143,142
67,113,155,165,148,142,149,158,160,151,146,149,149,142,139,143,151,152,143,143,145,149,149,143
43,102,168,201,192,176,167,167,163,140,118,133,146,143,139,146,154,154,148,145,143,149,153,149
54,99,169,221,226,208,179,158,138,101,77,104,131,135,133,144,148,148,148,147,141,144,151,153
126,135,161,191,206,191,146,104,72,47,58,83,103,110,114,129,136,139,145,149,146,147,150,151
203,193,160,143,167,152,106,64,40,29,41,61,77,88,103,114,119,128,142,149,149,153,155,153
227,216,160,118,134,119,79,44,27,23,28,38,46,56,72,86,100,119,140,147,150,155,158,157
212,204,154,102,95,84,59,35,21,20,21,23,25,29,38,51,67,89,112,128,138,146,152,155
194,185,141,84,53,51,40,28,19,16,18,21,23,23,24,27,31,43,66,95,116,131,141,147
