117,84,83,113,133,109,110,107,95,94,129,117,112,127,123,107,98,104,118,114,108,99,99,111
107,84,91,124,138,104,99,100,93,87,123,120,115,126,134,118,102,100,107,102,104,101,103,111
90,81,97,129,141,100,89,94,94,84,117,131,130,130,139,133,108,93,98,95,96,110,118,112
87,84,99,125,140,107,91,91,92,87,112,136,142,133,132,138,115,95,97,96,90,115,129,110
114,103,102,118,136,124,105,89,85,93,106,123,132,130,121,131,122,109,103,100,86,105,117,99
147,118,100,109,132,126,108,98,96,93,97,103,115,129,137,135,129,119,108,101,77,84,93,81
138,114,98,103,121,116,105,110,115,95,91,93,105,122,138,144,137,122,106,98,70,79,91,78
108,103,98,97,100,105,106,121,134,115,95,86,91,106,121,142,144,129,110,95,64,81,102,88
88,100,100,87,81,107,121,131,137,132,106,82,76,86,98,127,142,139,123,97,64,89,117,104
98,112,99,75,79,128,149,137,117,118,115,89,70,71,85,110,129,138,133,105,81,105,127,112
103,114,96,69,76,129,149,125,96,109,123,110,85,69,77,119,127,123,125,117,105,117,128,119
95,102,96,86,91,118,125,108,98,120,131,120,97,76,70,117,123,105,99,115,112,120,132,133
73,82,98,111,112,103,98,102,115,133,134,122,104,84,69,102,108,92,86,115,108,118,138,148
53,67,99,127,124,92,88,109,128,126,122,118,109,92,75,85,88,86,92,122,107,115,138,151
65,72,102,128,118,86,95,118,122,94,98,112,117,107,89,80,79,84,98,127,116,115,126,134
91,96,116,128,113,92,97,111,109,85,98,116,117,108,113,99,82,80,98,123,110,105,112,122
106,105,111,116,110,97,96,107,112,96,102,122,122,110,126,111,84,75,95,115,95,94,108,118
103,101,104,110,113,102,100,112,117,96,98,121,123,110,122,111,91,84,98,108,81,83,106,121
91,99,108,114,113,103,107,119,114,80,91,112,116,108,116,112,105,105,109,105,75,73,97,119
97,105,114,112,98,91,106,118,108,80,95,105,105,111,133,128,116,115,122,107,77,68,82,102
95,104,112,113,107,107,109,109,102,85,93,101,104,114,141,126,107,115,136,111,69,52,62,79
92,93,102,109,108,113,102,91,87,90,106,109,101,100,126,121,105,116,145,123,68,47,60,77
88,82,89,98,96,110,103,92,90,102,125,117,95,85,105,118,109,115,141,130,72,57,77,95
86,78,80,84,82,109,117,114,113,120,133,115,91,83,97,116,110,110,128,124,76,71,97,116
