11,10,10,11,12,15,17,17,38,107,198,236,242,241,241,245,249,249,248,247,240,223,174,113
10,10,10,11,13,16,17,16,28,79,170,224,242,242,240,238,243,248,248,242,229,216,180,127
10,10,10,11,12,14,16,19,33,72,152,214,242,239,224,198,197,214,229,224,191,175,154,120
12,12,12,12,14,21,38,59,86,120,173,220,242,236,208,162,144,155,182,197,144,114,106,97
21,25,31,33,37,58,102,149,186,209,225,235,237,229,207,172,134,116,133,170,112,67,63,82
48,79,113,131,137,157,193,222,236,239,234,217,200,195,202,201,183,170,171,171,94,43,39,59
65,120,182,215,217,222,232,239,240,239,231,181,127,114,163,203,202,197,200,164,75,31,30,38
95,155,218,249,248,242,238,235,234,234,231,174,93,55,113,185,198,200,206,155,64,26,28,29
120,175,226,247,244,238,235,233,233,232,235,193,108,41,75,160,188,195,200,150,61,26,28,29
103,158,216,243,241,237,234,233,234,232,235,205,127,49,57,134,178,197,195,144,60,26,27,27
49,98,173,229,237,233,231,233,235,234,235,204,130,52,45,100,163,195,178,118,55,28,25,25
33,54,118,191,230,231,231,233,237,236,224,185,123,64,44,76,140,183,170,104,50,27,23,22
88,80,103,157,215,228,233,236,236,225,185,144,114,88,59,64,113,163,171,120,62,31,24,23
165,144,129,144,187,205,225,237,232,202,134,100,106,114,86,67,92,139,171,151,88,46,30,27
172,159,149,145,144,149,197,232,225,182,111,84,103,128,112,86,89,123,162,161,109,64,39,30
160,151,139,132,132,128,179,219,217,175,104,84,109,139,131,106,103,130,163,162,118,74,48,37
166,154,124,110,132,135,169,203,211,178,116,97,116,139,134,115,115,135,158,160,125,82,53,43
173,161,117,93,126,141,156,181,197,180,140,118,119,130,129,119,119,131,148,153,132,94,57,42
168,162,124,95,115,137,141,153,172,176,161,137,123,122,126,123,119,123,133,138,135,108,68,39
160,165,145,115,114,145,135,127,143,167,162,148,137,132,127,129,122,117,116,112,119,118,89,46
148,163,166,142,108,126,128,129,141,161,148,140,139,135,114,106,113,113,98,77,85,111,110,76
149,165,173,150,104,107,128,141,146,150,132,119,120,122,107,100,120,126,96,58,64,103,124,106
152,162,166,151,122,109,126,139,141,140,129,111,104,110,113,126,142,136,101,66,74,114,138,126
145,152,156,158,155,126,119,120,125,138,139,122,108,110,125,163,161,130,99,87,101,137,153,133
