150,133,97,86,130,171,150,122,107,96,101,141,164,148,113,91,94,104,107,107,109,124,138,140
144,129,102,98,136,173,153,117,98,101,122,148,147,118,92,88,102,112,109,102,105,122,139,145
138,131,122,123,142,167,154,116,89,105,129,132,113,90,83,100,121,127,114,101,109,127,144,153
133,133,135,135,136,150,149,116,88,106,125,118,99,86,90,122,147,147,123,106,112,129,146,155
131,130,122,114,115,134,140,119,96,109,128,136,121,96,96,139,169,163,132,110,103,116,135,144
132,125,104,87,99,136,151,138,119,124,137,142,115,76,79,135,167,160,130,107,91,103,125,137
143,133,108,89,99,143,163,152,130,119,112,106,90,76,91,133,156,151,128,113,108,110,114,114
137,133,114,92,93,139,166,153,119,97,82,82,93,108,121,133,137,134,127,124,128,118,99,88
132,136,123,97,86,126,153,142,107,81,76,97,126,145,141,128,117,118,129,142,144,116,83,69
160,159,143,116,97,115,126,126,114,95,104,140,158,146,126,117,108,111,133,162,158,113,72,66
155,157,152,131,95,77,79,97,114,116,136,171,172,131,98,110,117,114,115,142,155,120,86,90
118,135,151,137,87,64,84,111,126,134,155,182,174,127,82,96,112,104,88,107,131,124,113,122
96,119,139,128,85,84,119,139,135,130,152,178,168,121,76,83,100,98,82,87,105,124,141,151
97,114,125,115,93,114,148,158,139,118,141,166,152,105,75,82,96,101,95,93,100,132,162,167
93,108,120,117,108,126,151,162,151,128,143,152,128,88,79,100,109,105,101,106,131,159,171,161
86,108,122,121,119,146,158,156,140,114,127,142,125,92,94,120,114,99,101,122,147,144,130,128
113,127,134,131,134,155,151,136,116,97,118,146,137,105,111,133,113,89,97,132,142,117,104,124
150,150,138,123,121,138,135,122,112,109,123,140,131,110,118,135,113,85,90,125,129,111,111,139
173,166,133,96,86,113,124,125,129,144,130,111,103,107,120,132,118,94,86,105,121,128,135,144
171,169,134,92,85,126,138,129,128,148,112,81,88,120,134,139,129,109,92,94,119,136,135,123
131,129,119,110,115,135,116,90,86,111,98,98,122,149,144,133,113,95,89,99,128,137,117,87
94,89,103,127,136,116,79,53,56,91,124,147,164,169,149,116,83,71,83,104,121,117,92,65
94,86,97,119,124,84,54,45,64,109,159,183,186,173,143,94,64,65,90,108,106,94,83,79
126,115,100,92,92,63,50,61,96,144,170,183,184,168,129,77,64,82,107,112,99,85,93,117
