129,135,149,139,91,74,118,177,215,227,233,238,235,222,204,190,161,137,143,186,169,146,135,132
125,134,145,140,111,83,96,144,198,227,236,240,236,222,204,192,175,152,141,166,163,143,135,148
118,126,128,128,132,116,100,112,154,202,231,240,237,227,211,198,192,170,137,134,153,146,138,152
105,111,108,111,137,149,131,112,116,154,206,232,238,231,219,199,191,167,125,108,147,155,139,130
89,91,98,110,126,151,156,139,115,111,163,209,229,228,219,194,168,135,103,100,143,157,127,85
87,86,112,137,134,134,146,148,135,118,129,170,205,220,219,199,165,127,97,85,109,117,84,37
112,111,137,164,154,124,128,132,124,113,112,138,174,203,214,202,170,130,98,79,76,66,42,17
129,132,152,168,151,107,102,101,95,98,106,120,146,177,199,198,176,138,100,77,69,53,33,23
123,136,148,150,139,106,88,75,73,92,106,116,132,155,175,183,176,149,109,78,79,69,51,39
107,125,126,128,152,149,110,77,76,101,108,121,138,149,150,156,166,162,133,87,76,75,67,54
126,123,108,112,152,175,132,86,73,92,108,125,143,149,128,129,151,171,159,101,64,67,84,89
145,122,101,112,153,164,133,96,76,78,103,120,137,141,111,116,143,172,175,120,62,61,99,131
159,121,96,112,153,147,117,98,93,91,101,104,115,127,114,115,134,164,178,144,77,58,91,135
168,125,93,106,150,144,109,100,116,120,95,78,93,125,134,122,132,154,169,161,100,57,62,98
170,138,100,99,145,157,132,117,121,120,75,57,92,145,150,132,149,159,145,152,118,66,44,66
138,130,105,100,143,166,163,145,121,96,68,72,108,144,137,135,161,157,115,114,120,90,61,63
96,106,101,102,139,168,170,150,118,89,84,95,110,115,106,132,161,154,116,107,123,107,84,83
59,76,89,105,139,169,164,145,123,105,108,114,115,104,84,108,141,155,144,126,126,112,101,109
39,55,82,115,146,166,158,144,137,137,128,125,129,123,84,73,110,156,170,143,124,105,106,126
42,58,98,134,144,150,145,140,147,168,153,124,121,129,97,69,97,143,159,130,108,92,103,135
100,110,124,125,106,110,112,125,153,182,169,116,96,116,118,79,76,104,133,129,110,87,102,153
147,147,137,112,80,77,85,111,149,181,177,127,98,110,126,79,60,87,129,131,105,82,110,176
167,157,129,97,78,75,83,107,144,175,169,135,112,116,126,83,65,91,133,129,94,79,118,185
169,153,112,81,88,96,99,114,143,171,151,123,116,128,127,98,83,98,127,126,89,78,118,177
