130,130,127,123,125,154,155,120,75,58,78,109,127,128,124,124,118,103,97,133,163,157,125,96
119,109,105,108,116,147,164,144,100,69,80,110,124,117,116,129,127,106,89,118,146,147,128,111
92,83,96,117,124,139,161,159,128,87,74,86,90,87,109,144,142,111,82,92,109,116,116,114
66,70,107,147,146,129,139,150,139,99,65,53,51,66,113,158,155,118,79,59,62,72,85,97
59,69,117,165,163,122,112,121,123,100,70,47,46,77,129,161,159,126,76,31,23,31,48,64
56,52,84,136,164,140,107,88,89,101,103,82,76,99,129,143,154,128,63,21,15,17,23,31
59,47,59,102,154,168,127,80,67,100,131,127,113,103,92,96,125,115,56,19,13,13,14,17
81,69,69,95,142,178,158,108,76,96,134,148,132,93,50,49,87,99,59,22,14,13,12,12
112,103,101,111,134,159,171,147,106,90,114,136,125,79,28,20,53,79,68,30,17,14,12,10
132,123,121,125,128,121,146,153,126,91,95,106,100,70,30,15,26,54,69,40,22,15,13,10
145,139,130,123,119,104,111,117,117,117,110,94,77,58,31,18,16,26,39,32,22,16,13,11
145,150,137,114,97,87,85,91,115,152,145,109,73,48,30,20,14,15,20,21,20,19,16,11
149,154,132,96,75,73,74,90,123,160,159,130,83,40,26,20,16,13,12,14,17,20,19,15
154,144,107,70,66,74,81,106,134,136,143,138,95,37,23,19,17,14,12,12,13,17,20,20
142,119,73,50,80,100,102,123,139,112,119,130,97,38,21,20,19,17,14,12,11,14,18,21
119,106,76,69,110,125,107,109,123,112,124,130,97,43,21,20,21,18,14,12,10,11,15,19
105,108,100,98,117,118,84,71,93,127,157,149,101,44,21,19,20,19,15,14,10,9,11,14
108,120,123,114,101,97,67,51,77,137,177,167,112,47,21,18,18,18,18,16,13,8,7,9
114,127,129,111,81,79,70,66,87,137,166,169,126,59,23,19,19,19,20,19,15,10,6,6
97,112,119,107,81,66,68,85,111,139,156,165,137,76,29,21,21,20,18,19,17,12,7,5
50,70,99,109,88,66,76,104,134,155,166,160,127,74,28,21,22,21,18,18,18,15,10,5
30,49,85,109,99,77,94,123,144,154,158,145,115,73,31,22,22,22,19,18,18,16,11,6
51,64,94,119,119,101,116,134,138,131,129,126,112,82,40,24,22,22,21,19,18,17,12,7
87,98,119,139,144,127,132,134,123,105,102,116,118,94,51,27,21,22,22,19,18,16,13,8
