108,107,112,116,115,117,122,130,139,141,131,122,127,146,165,160,153,151,150,146,144,147,147,141
85,84,85,88,89,89,90,102,119,129,132,135,144,155,164,157,151,149,148,145,141,141,142,142
53,52,52,55,61,59,58,72,94,110,129,148,160,164,161,151,147,146,145,142,137,124,112,109
34,35,39,47,55,48,48,62,81,96,127,154,168,166,159,150,147,146,144,139,127,99,73,67
43,50,63,77,83,68,67,78,90,99,128,156,168,165,162,158,155,152,147,138,110,74,53,56
77,99,123,137,137,121,115,115,113,110,128,156,172,173,172,172,170,165,153,133,90,59,59,81
75,111,148,165,160,147,142,140,136,129,134,148,160,164,163,162,162,157,139,112,74,60,79,111
64,106,150,167,159,158,158,159,156,146,141,141,144,145,141,140,142,138,126,108,85,83,105,132
63,104,145,156,145,160,169,175,176,169,159,150,143,138,131,129,131,134,132,125,113,110,123,141
74,109,143,146,127,151,167,182,196,200,192,178,167,158,146,138,145,154,154,144,126,114,121,138
90,112,144,151,124,133,145,162,179,188,183,170,161,155,143,123,128,145,152,137,116,102,103,113
109,129,156,164,144,141,149,156,159,161,158,152,145,140,134,125,127,136,140,122,99,83,83,94
120,139,162,170,159,152,155,152,144,141,143,141,137,133,133,135,136,136,134,119,101,86,86,100
117,133,155,165,157,150,147,138,127,127,138,138,134,135,137,141,142,141,137,129,121,111,110,120
101,116,143,161,154,142,134,118,101,100,122,125,123,127,133,137,140,141,141,140,136,131,128,128
93,108,136,159,161,153,146,135,120,109,112,102,95,96,102,120,134,140,138,140,143,146,146,145
81,93,119,147,162,163,161,157,150,139,130,119,107,97,91,107,119,122,122,137,148,157,160,159
75,84,102,128,153,155,152,153,156,155,151,147,138,122,106,109,107,100,102,130,152,164,168,165
81,87,96,113,135,127,115,113,123,134,141,149,149,140,126,118,106,94,94,124,153,167,164,156
100,101,102,107,113,97,74,65,72,82,90,106,115,113,109,111,115,115,115,128,155,158,142,128
129,124,118,115,117,112,95,81,74,72,71,77,76,68,64,67,78,97,121,138,153,148,133,123
143,132,123,121,126,130,126,116,106,98,94,91,82,71,65,55,53,69,101,133,143,142,139,137
160,146,134,130,133,137,139,137,130,120,118,117,113,108,101,82,66,69,94,129,129,124,124,126
186,173,155,143,139,134,136,137,130,116,117,124,133,138,132,114,100,100,114,137,119,96,85,85
