126,128,129,129,128,130,131,132,131,130,129,128,127,127,126,124,124,122,119,117,118,119,118,117
126,127,128,128,127,127,128,128,128,127,126,125,124,125,125,125,124,122,119,118,118,119,118,118
127,126,126,127,126,125,124,124,124,125,124,124,124,125,126,126,126,124,122,121,122,121,120,120
128,126,125,125,125,123,121,122,124,125,125,124,124,124,125,125,126,125,123,122,122,121,120,119
127,125,124,123,123,122,121,122,124,124,123,122,121,121,121,121,121,120,116,114,114,114,114,114
124,123,122,121,122,123,124,124,122,120,119,119,119,119,119,119,119,117,114,111,110,110,110,110
124,122,121,121,122,124,124,124,122,120,119,118,118,117,116,117,117,116,114,113,113,112,112,113
126,125,123,122,123,124,124,124,123,121,120,118,117,115,115,115,116,116,116,116,117,117,116,117
130,128,126,125,124,124,124,125,125,124,121,119,118,117,117,117,118,119,119,120,121,121,120,121
131,129,128,126,126,124,125,126,127,126,123,122,122,122,120,120,121,123,124,124,124,123,123,124
130,128,126,125,124,121,121,122,123,122,121,120,119,118,115,114,115,118,120,120,119,118,117,118
127,125,124,125,125,123,121,121,122,122,122,122,122,121,120,118,117,118,118,118,116,114,113,113
126,125,126,129,131,130,127,125,125,126,127,128,129,130,131,130,128,126,124,123,122,121,119,118
127,127,128,132,136,135,132,129,129,130,130,131,132,134,135,137,136,133,130,130,131,131,130,130
128,126,126,126,127,126,125,124,124,123,122,122,122,122,124,126,127,127,126,128,131,132,132,132
122,120,119,118,118,118,117,117,117,116,116,115,115,114,114,116,118,119,120,122,125,127,128,128
123,122,121,120,121,123,123,123,123,123,123,123,122,119,117,118,119,120,120,120,121,121,121,121
125,125,124,125,127,130,131,132,132,132,133,134,132,128,126,126,127,127,126,125,124,123,122,121
120,120,121,123,127,131,132,132,132,133,135,137,135,132,131,130,130,131,131,131,131,131,130,130
114,114,115,118,122,126,127,128,128,129,132,131,128,125,124,124,124,124,123,123,125,125,125,126
109,109,110,112,115,118,119,121,124,125,124,122,118,116,117,118,117,115,115,115,115,116,115,115
104,104,105,106,108,110,111,113,116,117,115,111,108,107,108,108,108,107,105,106,107,107,107,107
103,103,104,105,106,107,106,107,110,111,108,105,104,103,104,104,104,102,100,102,103,103,103,103
107,107,107,108,109,109,108,107,109,110,108,106,106,107,107,106,106,104,101,102,104,104,103,103
