135,134,133,131,128,124,123,124,126,126,124,124,124,123,121,126,128,128,126,126,127,127,126,125
133,132,132,131,129,124,123,124,125,126,125,126,127,128,126,128,130,130,129,130,132,132,132,131
125,125,125,124,123,120,118,117,118,118,119,121,125,128,127,129,129,128,129,132,135,137,138,138
114,114,114,114,114,114,111,109,109,110,111,114,117,121,123,125,125,123,124,129,133,136,138,139
106,107,107,107,108,110,109,107,107,107,108,109,110,112,114,118,118,117,118,121,125,127,128,130
104,104,103,103,103,103,103,104,106,107,104,103,102,103,106,110,110,109,108,109,110,111,113,116
108,108,106,105,106,107,106,106,107,107,105,104,104,104,105,108,108,106,104,104,104,104,105,107
112,111,109,108,110,111,109,107,107,109,108,108,108,108,107,108,106,104,103,103,103,103,103,104
113,112,110,110,111,111,110,108,108,109,109,109,110,110,109,107,105,104,103,104,105,105,104,104
114,113,111,110,111,112,111,111,110,108,107,107,108,109,109,108,106,104,104,104,105,105,104,103
114,113,111,110,110,110,111,112,112,110,109,107,107,107,107,108,109,108,107,104,104,104,104,103
113,112,110,108,107,107,108,109,109,108,109,109,108,107,106,109,111,111,108,104,103,103,104,104
111,111,110,109,108,108,108,108,108,108,109,110,110,108,108,111,114,114,111,107,105,105,105,104
112,111,111,112,112,112,112,112,112,112,112,112,112,112,114,116,119,119,117,114,111,110,108,106
115,115,115,116,117,117,117,117,118,118,118,118,118,119,120,121,121,121,121,119,117,115,114,115
124,123,123,124,125,123,123,124,125,125,125,126,126,126,125,125,124,124,124,124,123,122,122,122
133,132,132,133,132,130,130,132,133,132,132,133,133,132,131,132,132,131,131,132,132,131,130,129
140,140,140,140,138,136,136,137,138,137,136,137,137,137,135,136,138,138,137,140,141,139,136,136
146,144,143,143,142,141,140,139,140,139,137,137,138,138,135,136,138,139,140,145,145,142,139,139
144,143,142,142,141,140,140,140,139,138,135,135,137,137,135,136,137,139,142,144,143,141,138,135
137,138,140,141,138,140,141,141,141,142,137,135,134,133,131,132,135,136,137,137,140,140,138,134
117,120,125,126,119,120,125,128,129,129,121,118,119,119,117,115,117,124,133,129,126,127,128,126
110,116,122,119,106,101,107,116,121,122,112,103,104,111,114,107,106,119,138,134,115,111,114,112
125,134,140,131,110,98,104,118,130,134,124,103,99,114,129,121,115,127,150,150,116,104,106,103
