102,101,101,102,103,103,102,101,100,100,101,100,100,100,101,100,101,101,100,99,99,98,97,97
100,100,100,101,101,101,101,100,100,100,100,100,99,99,98,98,99,100,99,98,97,96,96,96
94,94,94,94,95,96,96,96,95,96,96,95,95,95,94,94,94,95,94,93,92,92,92,92
87,87,87,88,88,89,90,90,89,90,90,89,89,89,88,87,87,87,86,86,85,85,85,85
86,86,87,86,86,86,87,86,86,86,85,84,84,84,83,82,82,81,81,81,80,80,80,80
89,89,90,90,90,90,90,90,90,90,89,88,87,87,86,86,86,86,85,85,84,83,82,82
89,89,89,90,90,90,90,90,90,90,90,90,90,89,89,90,90,90,90,89,89,88,87,88
88,88,89,89,89,90,90,89,90,90,90,89,89,89,90,91,91,91,91,91,90,89,89,89
87,88,88,88,88,90,89,89,89,89,88,86,85,85,87,87,87,87,87,87,85,84,84,85
84,85,84,84,84,85,85,84,84,83,82,80,78,77,78,78,78,78,78,79,78,77,76,77
77,77,77,76,75,75,76,76,76,76,75,74,73,72,72,72,72,72,72,73,73,73,73,73
72,72,71,70,70,70,70,70,71,71,70,70,70,70,69,69,69,69,69,70,70,70,70,69
70,70,69,68,68,68,68,68,68,68,68,68,68,68,68,68,67,67,68,68,69,69,68,67
70,70,70,69,68,68,68,68,68,68,68,68,68,68,68,67,67,67,67,68,68,68,68,67
72,71,70,70,70,70,69,69,69,70,69,70,70,69,68,67,67,67,67,67,68,68,68,67
70,70,70,69,69,69,69,69,68,69,70,75,77,73,68,67,67,67,67,67,67,66,66,66
69,69,69,69,68,67,68,67,67,67,70,80,82,74,67,66,66,67,67,67,65,65,65,65
70,69,69,69,68,68,67,67,66,66,70,81,83,73,66,66,66,66,67,67,65,64,64,65
69,68,68,69,69,68,67,66,66,65,69,79,81,71,66,65,65,65,66,66,65,65,65,64
60,61,62,64,66,66,65,62,60,59,62,73,77,71,65,64,64,64,65,66,65,65,65,64
36,38,41,45,49,52,52,51,48,47,49,56,61,60,56,54,55,57,60,62,64,64,64,63
19,21,23,26,31,35,38,40,40,40,40,44,48,49,48,47,50,53,56,59,62,63,63,62
15,15,17,18,21,24,29,35,39,40,43,49,52,52,54,56,58,61,64,67,70,71,72,73
18,19,20,21,22,23,29,37,42,44,52,64,70,69,72,73,74,77,81,83,84,87,90,94
