22,22,18,14,13,10,6,5,5,5,7,10,9,5,3,4,6,6,7,9,10,13,14,10
23,22,18,14,13,10,7,5,5,6,8,10,9,5,3,4,6,9,12,11,14,18,17,11
24,23,19,16,14,11,8,10,14,16,17,14,9,4,3,3,5,10,14,12,15,21,21,12
26,26,22,17,17,14,11,15,23,27,32,22,10,4,2,3,5,8,11,11,13,20,21,14
34,33,27,22,23,19,14,16,22,29,42,33,18,10,6,4,4,6,8,9,11,17,21,22
43,42,38,37,42,30,18,14,16,19,31,41,47,44,24,11,7,8,10,12,14,21,37,53
48,49,61,85,101,59,28,17,17,19,30,67,108,117,65,27,15,15,17,21,25,41,80,125
56,60,93,137,147,80,36,22,22,26,43,103,158,156,83,38,22,21,23,26,31,57,117,185
64,70,110,152,147,77,38,27,28,32,55,123,165,141,70,36,25,25,26,27,32,61,124,193
66,69,90,110,100,57,35,30,31,33,50,100,123,95,45,26,23,26,28,29,32,52,97,144
56,58,61,61,55,42,32,29,31,32,37,52,58,48,31,24,23,24,24,25,30,40,56,72
55,57,52,45,40,36,31,30,32,34,33,32,30,28,26,24,26,28,26,24,29,35,38,40
77,86,75,53,40,36,37,46,53,44,34,28,25,25,27,32,44,46,34,25,28,32,33,32
113,129,109,68,45,44,55,84,96,61,37,30,28,27,31,55,84,81,45,26,26,29,31,31
129,141,114,71,59,66,90,132,143,79,46,43,42,35,42,94,142,126,58,28,27,31,31,31
81,87,75,68,91,105,110,125,122,70,66,94,91,58,60,128,159,122,54,40,47,43,33,31
49,52,52,65,103,117,95,81,77,61,96,139,123,67,59,113,124,89,52,75,103,81,44,32
45,49,55,69,91,97,67,46,45,56,108,142,116,59,49,74,75,56,55,109,142,103,47,33
70,73,83,86,73,69,52,42,45,56,90,102,79,44,39,46,43,39,56,110,125,83,38,33
133,127,131,122,81,71,56,55,64,61,58,57,50,39,38,40,36,34,44,65,64,44,29,32
150,133,119,104,84,102,90,100,117,90,61,54,50,46,59,61,46,35,39,44,37,31,32,37
108,98,86,81,89,121,113,126,140,103,86,88,77,68,103,101,68,48,58,56,42,48,63,69
81,87,92,97,111,132,128,133,135,104,114,123,102,84,129,121,88,84,108,96,69,87,114,112
104,124,139,143,142,142,141,138,127,107,130,133,105,82,117,106,97,124,164,136,94,121,154,139
