75,72,68,65,64,65,64,63,61,63,71,77,73,66,68,74,70,65,64,64,63,62,61,60
68,66,64,62,61,61,60,58,57,60,69,72,67,62,67,69,65,60,59,59,58,57,56,57
54,52,51,49,49,48,47,45,47,55,72,63,52,56,71,62,50,44,44,44,43,43,43,44
39,38,36,35,34,33,33,32,39,58,78,58,45,60,75,52,34,29,29,28,28,29,31,32
31,30,30,29,28,27,27,28,40,68,78,57,56,77,70,41,26,24,24,23,24,25,28,30
28,27,27,26,26,27,27,28,38,58,59,59,73,81,49,30,24,23,23,23,24,26,33,41
29,29,29,28,28,27,28,31,38,45,45,55,66,61,37,29,26,26,26,26,27,37,55,71
31,31,31,31,30,28,30,35,38,39,40,48,50,42,33,31,30,29,29,31,40,61,78,82
33,33,33,33,33,33,36,39,40,39,43,44,41,37,36,35,34,33,34,41,63,83,88,77
36,36,37,38,39,40,43,44,43,43,47,46,44,44,44,43,42,40,44,62,86,86,79,84
41,43,44,42,41,42,44,44,41,42,44,45,48,54,57,58,56,57,63,76,86,87,90,97
43,47,49,46,41,42,44,44,43,43,45,46,51,58,63,61,60,60,64,69,85,95,92,85
43,47,50,48,44,45,47,49,48,47,50,51,52,55,58,57,55,55,56,60,81,87,80,74
44,45,46,47,47,49,52,53,51,50,54,53,50,49,50,50,49,49,50,56,69,65,65,79
45,44,44,44,44,46,49,49,46,46,47,46,44,44,44,45,46,47,50,55,54,52,65,88
43,43,42,42,42,43,46,46,44,44,48,47,45,44,44,45,46,48,52,55,52,53,66,86
45,44,43,43,43,43,46,47,46,48,52,50,48,47,47,49,51,53,56,57,56,57,63,71
46,45,45,44,45,45,47,48,48,50,53,52,50,50,51,53,56,58,59,58,58,57,57,57
45,45,45,45,45,46,47,47,47,48,49,49,50,51,52,54,57,58,57,56,54,53,52,51
42,43,43,43,43,44,45,45,44,45,46,46,46,47,48,50,51,52,52,49,48,47,47,47
38,38,38,38,37,38,39,39,38,38,39,39,40,41,41,42,43,43,42,41,40,40,42,46
32,32,32,32,32,32,33,33,33,33,34,34,35,36,36,35,35,36,35,36,36,38,46,56
26,26,26,26,27,28,28,29,30,30,31,31,31,32,32,30,30,31,33,34,35,38,47,58
21,21,22,23,24,26,26,26,27,27,29,29,29,29,28,26,27,29,32,35,37,39,40,42
