64,64,64,65,64,61,62,68,75,76,67,66,71,73,66,64,64,64,63,61,60,60,62,64
62,61,61,61,60,57,58,65,72,69,62,65,69,68,61,59,59,58,57,56,56,57,59,61
50,49,48,47,46,45,51,65,71,55,53,66,68,54,46,45,44,43,43,43,44,44,46,47
35,34,34,33,32,33,50,71,72,44,54,71,64,39,30,29,29,28,29,30,31,32,32,33
28,28,28,27,28,31,58,77,69,48,72,76,54,29,25,24,24,23,25,26,29,31,31,30
26,26,27,27,27,31,51,60,58,64,84,63,36,24,23,23,23,23,25,29,37,43,42,37
28,28,27,27,29,34,42,45,49,63,66,47,30,27,26,26,26,27,32,47,64,64,61,66
31,30,29,29,32,38,39,39,44,51,45,36,31,30,30,29,29,35,51,74,81,77,80,94
33,34,33,34,38,41,40,41,43,42,38,36,35,35,34,33,37,53,76,89,80,81,89,93
38,38,40,42,44,43,42,45,47,44,44,44,43,42,41,41,54,76,91,79,79,86,81,62
40,40,42,43,45,42,42,43,45,45,52,56,58,56,55,60,70,82,88,87,92,89,77,66
40,40,41,43,44,43,43,44,46,48,55,61,62,60,59,62,66,77,93,94,88,88,84,73
43,43,44,46,48,48,47,49,51,51,54,57,58,55,54,55,57,70,88,83,79,86,85,69
47,46,48,51,53,52,50,52,54,51,49,49,49,49,49,49,53,63,71,60,76,85,78,65
44,44,45,48,50,47,46,46,47,45,44,44,45,46,46,48,53,55,53,55,81,82,75,81
43,42,42,45,46,45,44,46,48,45,44,44,44,46,47,51,54,54,51,58,80,78,75,90
44,43,43,45,47,46,47,50,51,48,47,47,48,50,52,56,57,56,56,59,68,66,68,81
45,45,45,46,48,48,49,51,52,50,50,50,52,54,57,58,58,58,57,57,57,56,58,64
46,45,45,46,47,47,47,48,49,50,50,51,52,55,58,57,56,55,53,52,52,52,53,53
44,43,43,44,45,44,45,45,45,46,47,48,49,51,52,52,50,48,47,47,47,48,49,50
38,38,38,39,39,38,38,39,39,40,41,41,42,42,43,43,41,40,40,41,45,48,47,45
32,32,32,33,34,33,33,34,34,34,36,36,36,35,35,35,35,36,37,41,53,56,54,54
27,27,28,28,29,30,30,30,31,31,32,32,31,29,30,32,34,35,37,42,55,58,59,63
24,25,26,26,26,27,27,28,29,29,29,29,27,26,28,31,34,37,38,40,43,48,55,62
