16,21,38,55,64,89,92,82,70,63,36,19,26,43,38,19,9,7,6,3,3,5,10,15
15,19,38,52,48,58,57,48,38,34,20,14,20,29,23,13,8,8,8,7,7,10,14,17
13,15,26,32,25,24,23,19,15,13,10,10,14,20,20,16,14,15,15,14,15,17,19,20
14,13,13,12,9,7,8,13,18,18,10,8,12,20,26,22,19,18,18,16,16,17,18,18
19,16,13,10,9,8,9,21,34,33,14,8,13,22,28,20,14,11,11,9,8,7,9,12
20,17,13,10,10,10,11,16,23,22,11,7,8,10,12,9,8,9,9,9,6,5,9,15
18,15,12,9,9,10,12,13,13,11,8,6,7,11,15,16,16,16,17,16,12,12,17,22
19,16,12,9,8,10,12,11,9,7,7,6,8,13,20,24,32,39,39,29,23,24,28,29
26,23,17,11,9,10,11,12,10,9,8,7,8,12,18,23,42,59,61,46,45,42,35,29
35,33,27,19,14,12,13,14,14,12,10,8,7,7,9,12,30,52,64,66,80,68,40,22
34,34,33,29,24,19,19,21,22,19,15,12,9,7,6,7,12,35,74,104,114,88,51,33
43,41,37,31,27,26,27,29,31,30,24,19,15,12,9,7,6,21,50,73,74,56,38,32
44,44,43,39,34,31,30,31,33,34,32,30,26,22,18,14,11,14,23,28,26,21,20,21
35,39,44,45,42,37,32,30,32,33,36,37,35,31,28,24,21,18,14,12,11,12,12,12
35,34,31,31,35,41,42,40,38,38,37,35,33,33,33,33,29,26,24,21,20,17,15,14
45,47,45,39,32,29,28,28,29,34,38,43,43,40,35,31,30,30,31,29,27,24,24,24
35,40,47,50,47,41,35,32,31,29,30,35,40,45,46,43,40,36,32,29,26,27,27,26
20,24,32,42,50,52,51,53,52,42,32,30,32,38,44,47,48,45,37,28,23,22,23,23
20,18,16,19,28,41,54,68,75,67,51,38,29,24,29,37,45,48,43,28,19,15,16,19
39,36,28,20,16,19,29,45,61,69,61,46,33,28,30,33,33,30,26,19,15,12,12,13
62,59,55,47,36,26,20,21,29,41,51,53,48,40,34,33,32,32,29,24,17,12,10,9
71,73,76,73,62,50,38,27,20,21,29,37,43,45,45,43,40,36,33,31,29,26,21,16
60,65,74,81,84,82,71,54,40,30,22,20,25,34,42,47,47,44,41,38,36,36,34,31
40,43,55,74,94,107,96,77,64,56,38,20,13,16,24,35,48,56,55,45,33,31,37,44
