69,71,72,73,74,75,73,73,74,75,76,77,77,77,76,76,77,79,78,75,73,72,72,74
60,62,63,63,64,64,63,63,64,64,66,66,65,65,64,64,65,66,66,64,63,61,61,61
46,47,48,48,48,49,49,49,49,49,50,50,49,49,49,50,50,51,51,50,50,49,48,48
42,43,44,45,45,46,47,47,47,47,48,48,47,48,49,49,49,49,50,50,51,50,50,50
57,58,60,61,62,62,63,64,64,64,64,65,64,65,65,66,65,66,66,67,68,68,68,71
61,61,63,65,65,64,64,65,66,67,67,67,66,66,68,67,67,67,68,68,69,70,78,91
62,62,63,64,65,65,65,65,66,66,66,65,65,65,67,67,67,67,67,67,67,69,83,103
62,61,62,63,64,64,65,65,66,65,65,65,65,65,66,66,67,67,67,73,77,75,78,90
61,61,62,63,64,64,64,65,65,64,65,65,65,66,67,66,67,67,68,83,95,85,71,69
61,60,61,63,64,64,64,63,63,62,64,63,62,64,66,65,65,66,72,89,101,87,68,64
45,45,46,48,49,48,49,49,49,50,51,49,49,50,50,51,55,73,94,91,70,54,47,46
31,30,32,33,33,32,33,34,35,37,36,36,36,38,44,71,90,101,102,80,49,35,34,36
26,25,26,26,25,25,26,27,29,30,30,29,29,34,55,112,140,123,81,56,38,32,33,35
28,28,27,26,25,27,28,29,30,31,30,29,31,44,84,148,160,114,50,34,33,37,37,35
29,29,28,27,27,29,31,31,31,32,31,34,46,78,130,153,123,74,40,34,36,37,37,35
30,30,30,30,30,31,31,32,35,42,49,60,94,140,167,157,102,51,35,33,32,33,40,51
30,30,29,29,29,28,27,28,37,58,85,92,115,142,125,102,64,36,30,28,28,29,54,96
40,40,34,27,26,25,25,36,58,86,118,127,125,109,65,47,37,31,29,27,29,42,89,149
57,59,46,28,26,30,40,70,107,127,132,149,132,80,38,32,34,35,37,42,46,74,128,177
60,63,50,33,34,59,93,128,157,167,134,130,111,67,35,33,34,41,61,93,91,98,123,150
41,41,37,34,45,93,133,131,111,111,82,66,56,45,36,33,32,51,97,150,129,88,67,74
34,35,45,65,95,134,130,93,59,56,45,35,33,36,38,45,53,88,142,162,113,63,38,37
34,45,82,127,154,152,103,56,34,34,34,35,35,36,46,81,101,124,149,131,75,43,35,35
33,57,123,184,183,138,83,46,35,36,35,36,35,36,56,125,147,133,111,91,54,37,36,37
