43,44,44,44,45,46,47,47,48,49,51,53,52,51,51,50,50,49,49,48,48,47,42,36
42,42,42,43,43,44,44,44,44,45,46,47,46,44,44,44,42,40,39,38,37,35,31,27
36,36,36,36,37,37,36,36,36,36,36,36,35,33,34,34,31,29,26,25,22,20,19,17
30,30,29,29,29,29,29,28,28,28,29,29,28,27,28,27,26,23,19,15,13,12,12,11
27,27,25,25,25,26,27,27,27,28,29,28,28,29,30,29,29,25,19,13,12,12,11,11
28,27,26,26,27,28,29,29,29,28,29,29,29,29,28,28,28,25,18,12,11,12,12,11
29,29,28,28,29,29,30,30,30,30,30,30,29,28,27,27,27,24,18,11,10,10,11,12
30,29,29,29,30,29,29,30,30,31,30,30,30,29,28,28,28,25,18,11,9,10,10,12
29,29,29,30,30,30,29,29,30,30,29,29,30,30,29,29,28,25,19,12,11,10,10,11
30,30,30,31,31,31,30,29,29,29,29,29,28,28,27,27,27,24,18,13,12,11,11,11
28,28,28,28,28,27,27,26,26,25,25,25,25,25,24,24,25,23,18,13,11,10,10,11
26,26,26,26,25,25,25,25,25,25,25,25,25,26,26,26,27,25,19,13,10,9,10,10
27,27,26,26,26,27,26,27,28,28,27,27,27,28,28,28,28,27,21,13,10,9,10,11
29,29,29,29,29,29,29,30,31,30,29,28,28,29,29,28,28,26,21,13,10,9,11,12
29,29,30,31,30,29,29,29,29,27,29,29,29,29,29,28,27,25,21,13,10,9,10,11
27,28,29,29,28,28,28,28,28,27,28,29,29,29,29,27,26,25,20,13,10,9,10,11
27,28,28,29,28,28,28,28,27,27,28,28,28,28,28,27,27,25,21,13,10,9,10,11
28,28,28,29,28,28,28,28,27,27,28,28,28,28,28,27,27,26,22,14,11,10,10,11
29,28,28,29,29,28,29,29,28,27,28,29,29,28,28,27,27,26,23,14,11,10,10,11
28,28,29,29,29,29,29,29,28,27,28,29,29,29,28,27,28,27,23,15,10,9,10,11
30,30,30,30,30,30,30,30,30,29,28,28,28,28,28,27,27,25,20,13,9,9,10,12
27,27,27,27,27,26,26,25,25,24,22,21,21,20,19,19,19,18,15,10,8,8,9,10
20,20,19,19,20,19,19,18,18,18,17,16,15,15,15,15,15,15,13,11,9,8,8,9
11,10,11,12,13,13,14,14,16,18,19,18,18,18,19,20,21,20,18,13,11,9,8,9
