45,44,44,45,47,48,49,50,51,53,51,51,50,50,49,49,48,48,47,44,37,32,29,28
43,43,43,44,44,44,44,45,46,46,45,44,44,43,41,39,39,38,36,33,28,26,25,24
37,37,37,37,36,36,36,36,36,36,35,34,34,33,30,27,25,23,21,20,18,17,17,16
29,29,29,29,29,28,28,28,28,29,28,28,28,27,25,21,17,14,12,12,12,11,11,10
24,24,25,27,27,27,27,27,28,29,29,29,29,29,28,23,16,12,12,11,11,11,10,10
26,26,27,28,29,29,28,28,28,29,29,29,28,28,27,22,15,11,11,12,11,11,11,12
28,29,29,29,30,30,30,30,29,29,28,28,27,27,27,22,14,10,10,11,11,12,12,13
29,30,30,30,30,30,31,31,30,29,29,29,28,28,27,22,15,10,9,10,11,12,12,13
29,30,30,29,29,29,30,30,29,29,30,30,29,28,27,22,16,11,10,10,11,12,13,13
31,31,31,30,30,29,29,28,28,29,29,28,27,27,26,21,15,12,12,11,11,12,13,14
29,29,28,28,27,26,26,25,25,26,26,25,24,24,24,21,15,11,10,10,11,12,14,14
26,26,26,25,25,25,26,26,25,25,26,26,26,26,26,23,16,11,9,9,10,13,14,14
26,26,26,26,27,27,28,28,27,27,28,28,28,28,28,24,16,11,9,10,11,13,14,14
29,29,29,29,29,30,30,29,29,29,29,29,29,28,27,24,17,11,9,11,12,12,13,15
31,31,30,29,29,30,29,28,28,30,29,29,29,28,26,24,17,11,9,10,11,12,12,13
30,30,29,28,28,28,28,27,28,29,29,29,28,27,26,24,17,11,9,9,11,11,12,12
29,29,28,28,28,27,27,27,28,28,28,28,28,27,26,24,17,11,9,9,10,11,12,13
29,29,28,28,28,27,27,27,28,28,28,28,28,28,27,24,18,12,10,9,11,12,12,13
29,29,28,28,29,28,27,27,28,29,28,28,28,27,27,25,18,12,10,10,11,12,12,13
29,29,29,28,29,28,28,28,28,29,29,28,28,28,27,25,19,12,9,10,11,12,12,13
30,29,29,30,30,30,30,29,28,28,29,28,27,27,26,23,16,10,8,9,11,12,13,12
27,27,26,26,26,25,25,24,22,21,21,20,19,19,19,16,12,9,8,8,9,11,12,12
20,19,19,19,19,18,18,18,17,17,15,15,15,15,15,14,12,10,8,7,9,11,12,13
11,12,13,13,14,14,16,18,18,19,18,18,19,20,21,19,16,12,10,8,9,12,13,14
