61,73,92,98,82,67,75,89,99,103,104,106,110,115,120,121,105,81,57,33,18,11,10,11
64,78,101,107,84,60,62,74,86,94,98,102,107,110,114,117,111,99,83,62,41,25,17,13
73,89,110,112,82,56,57,65,70,73,80,89,97,102,106,111,112,110,105,97,81,64,48,36
86,101,115,107,75,56,62,66,61,55,61,72,82,90,95,101,105,108,111,113,111,103,88,75
101,112,114,95,64,58,69,71,61,54,55,62,69,76,80,89,95,99,103,105,110,113,112,109
114,118,108,83,59,63,71,68,57,55,60,71,79,81,78,76,78,83,91,98,105,108,109,110
122,118,99,72,58,68,72,64,53,56,66,80,91,93,88,80,71,67,70,77,88,96,101,104
122,112,87,64,60,71,68,58,52,59,72,87,96,98,94,85,74,63,57,56,62,73,83,90
115,100,74,59,64,72,63,53,53,64,79,92,98,97,92,86,77,66,54,44,43,53,70,82
104,86,65,58,68,71,59,52,58,72,86,96,99,95,90,84,75,65,54,44,41,57,83,100
88,73,59,59,70,66,56,53,63,78,91,97,97,92,86,81,71,61,51,43,46,72,105,122
74,63,58,63,70,62,54,56,68,83,94,97,94,88,83,77,68,57,49,43,55,88,119,128
62,56,58,67,68,57,52,60,74,87,94,94,91,86,82,74,64,54,46,46,69,102,124,126
53,51,59,68,63,52,52,64,79,90,94,90,87,85,80,70,60,50,45,52,83,111,124,124
49,51,61,66,58,50,54,67,83,92,90,86,85,83,76,65,55,47,46,62,97,117,122,121
50,56,63,64,54,51,59,73,86,92,88,85,84,80,69,59,50,45,52,77,107,119,118,115
53,60,64,59,51,53,65,78,87,89,84,83,81,75,63,53,45,45,59,89,111,117,114,109
57,63,62,54,49,55,69,81,87,86,81,80,76,68,58,49,42,47,69,100,113,116,111,105
59,63,59,50,48,58,74,83,86,84,80,77,71,63,55,47,42,54,81,107,115,115,108,101
60,59,53,47,49,61,76,84,84,82,80,76,69,59,50,43,46,64,91,107,114,112,102,92
59,55,48,45,51,65,78,83,81,80,79,73,65,54,43,40,51,74,99,110,113,108,96,84
56,52,46,45,54,70,80,82,79,78,76,69,59,48,38,40,57,83,105,113,111,102,88,76
52,49,44,46,57,73,80,79,76,74,72,65,54,43,37,42,64,90,108,114,107,94,79,70
49,46,42,46,58,73,78,76,72,70,68,61,51,41,38,46,69,93,107,110,101,86,72,65
