80,78,76,74,73,72,73,72,68,70,101,172,220,204,131,76,65,69,66,64,65,64,60,58
74,73,70,68,67,65,66,65,62,63,90,149,192,183,120,70,58,61,59,59,59,56,54,55
54,53,52,50,50,49,48,47,45,47,62,92,118,118,81,51,43,45,44,45,43,42,44,48
42,41,41,41,40,41,42,44,44,43,43,48,57,60,48,41,38,38,39,38,37,37,43,53
54,55,56,57,55,56,62,72,76,65,56,56,58,58,56,55,54,54,54,52,52,51,59,75
68,69,70,70,69,69,75,88,94,81,71,69,69,68,66,66,67,68,65,63,63,63,70,82
70,69,70,70,70,75,89,94,87,77,72,71,69,68,68,68,69,70,68,68,68,82,108,131
68,67,67,66,69,81,102,102,83,70,69,70,69,69,70,69,68,67,67,67,72,106,156,191
67,67,68,68,69,81,100,100,82,68,68,70,71,72,72,71,68,67,68,67,75,118,175,212
65,69,76,79,73,70,74,75,72,69,71,71,71,72,71,72,71,74,78,74,73,96,135,164
63,73,99,112,91,72,69,70,70,70,72,72,72,72,73,74,77,93,110,93,76,75,83,90
61,73,96,106,86,67,64,64,64,65,67,68,67,66,67,65,69,85,101,88,71,64,65,66
94,94,87,74,60,52,51,51,49,50,52,53,52,52,60,75,88,88,76,63,54,52,53,55
133,119,80,44,34,34,36,35,33,34,37,38,37,41,63,113,140,117,61,38,37,38,39,40
108,92,62,37,29,30,33,33,32,33,36,43,47,55,85,152,181,142,66,35,35,37,37,37
48,45,38,33,33,35,36,35,34,34,42,89,124,117,86,98,106,88,54,39,39,40,39,39
26,29,32,35,38,38,37,37,36,38,56,122,166,147,82,57,50,48,43,41,42,41,40,40
31,33,35,36,39,38,35,33,37,55,98,149,160,120,68,42,35,36,38,40,42,40,39,39
38,37,35,35,36,36,39,38,45,79,147,170,130,66,45,40,38,37,36,37,36,35,35,35
35,33,30,29,30,38,71,83,74,80,131,152,113,49,33,33,32,29,28,28,28,27,27,28
30,28,27,25,27,47,120,151,114,57,66,80,69,41,35,34,33,31,31,30,30,29,29,30
31,29,28,29,41,84,149,157,103,43,34,40,42,38,38,37,35,35,35,34,34,34,34,34
31,30,30,40,73,140,169,131,65,36,32,33,36,38,39,37,36,36,36,35,37,37,37,37
27,28,29,49,105,185,190,120,44,31,31,35,38,38,38,37,36,35,35,35,36,38,38,38
