36,35,36,38,40,43,48,77,132,189,214,211,179,126,73,48,38,33,30,30,31,33,43,57
36,35,34,35,38,41,45,64,102,147,172,169,139,95,60,44,37,33,30,29,29,30,35,42
39,42,45,44,42,42,43,49,65,88,103,102,85,63,48,41,37,34,32,30,29,29,29,30
45,54,63,61,50,44,42,43,45,51,56,56,52,47,44,42,39,37,35,33,31,30,29,28
49,61,71,69,54,44,43,43,45,50,55,53,50,49,49,48,44,40,37,34,33,32,32,32
42,46,48,47,43,42,42,43,45,45,48,46,46,50,52,50,46,42,37,34,32,31,31,32
50,49,47,44,40,38,39,40,41,40,41,41,42,44,44,42,41,39,37,34,32,31,30,30
112,112,99,74,48,41,39,39,41,43,41,39,39,39,37,37,36,36,37,37,36,34,32,31
197,198,173,120,63,48,42,42,47,54,51,45,42,40,38,37,36,35,37,39,40,38,37,36
236,236,210,149,77,54,46,46,53,64,65,61,56,52,44,40,38,37,35,39,41,42,43,43
239,238,211,151,79,53,43,42,45,52,56,64,70,67,51,43,40,39,39,40,41,44,52,61
239,231,194,135,78,56,45,43,47,54,54,55,58,58,49,44,40,39,40,41,43,59,89,118
239,221,169,109,72,59,52,52,57,63,69,73,71,62,49,44,41,40,42,45,51,86,142,185
232,205,142,82,61,59,60,63,68,80,107,130,129,104,68,49,43,43,44,50,66,120,188,230
208,178,121,70,53,54,59,65,80,112,164,200,205,172,106,61,46,44,45,56,92,151,207,236
184,181,150,100,57,50,51,62,94,150,207,234,235,201,120,66,47,45,49,74,132,189,226,240
141,159,154,116,71,59,54,66,107,173,222,240,234,196,115,62,44,43,51,89,162,215,238,243
94,111,115,99,78,69,65,87,137,195,227,234,214,167,101,59,44,42,50,87,158,212,235,236
71,68,64,64,68,66,72,116,180,220,234,229,192,133,85,62,49,44,46,66,119,174,204,203
100,84,69,60,54,50,65,124,198,233,240,228,179,110,68,59,52,44,43,50,73,109,133,131
161,144,132,121,100,69,61,103,170,215,221,195,142,86,58,51,44,38,38,44,54,68,78,78
159,159,166,167,147,103,72,79,116,153,159,133,94,63,54,50,50,52,56,64,74,87,98,103
126,136,149,153,141,111,81,69,77,96,104,93,76,64,62,66,77,85,88,90,96,109,122,129
115,117,110,99,91,87,78,71,74,83,92,96,95,88,78,88,107,117,111,101,94,96,101,102
