58,55,60,73,89,113,136,158,177,188,195,199,200,199,202,214,225,232,230,205,162,146,144,136
58,56,57,60,68,86,108,133,158,177,194,200,201,200,202,215,224,229,224,197,155,143,144,137
56,56,55,52,52,62,78,98,123,155,191,202,201,202,204,216,223,219,201,174,140,133,136,130
53,54,54,51,49,54,62,73,94,138,191,204,202,202,205,217,221,201,166,142,121,119,124,120
50,50,51,51,51,54,62,68,86,135,194,208,203,203,206,219,217,182,130,111,105,109,114,114
48,47,47,48,50,54,62,68,85,132,193,209,206,205,207,221,211,165,105,91,98,107,111,111
48,46,45,47,53,56,61,66,83,128,189,207,206,205,210,220,197,145,96,92,108,119,120,118
48,48,46,47,53,56,59,65,84,127,188,206,204,205,213,217,182,132,102,110,128,134,129,125
49,50,49,48,51,53,57,66,89,131,190,206,203,204,215,214,171,126,114,132,146,144,134,128
50,51,50,50,51,52,57,71,97,135,191,206,202,204,217,214,168,125,120,142,151,145,135,132
46,45,45,48,52,54,63,80,105,137,192,207,204,205,219,216,168,123,118,138,144,141,135,134
50,46,44,47,53,55,65,80,100,132,192,210,207,208,220,218,172,128,120,132,138,140,139,139
55,51,47,48,53,53,60,73,93,127,191,212,210,210,220,218,174,132,121,129,137,142,143,143
56,53,51,50,49,49,54,67,89,124,189,212,210,210,219,216,173,131,121,131,142,145,145,148
54,51,50,49,44,46,52,66,87,119,186,211,210,210,218,215,174,134,125,136,145,144,144,154
52,47,46,45,41,44,54,68,85,114,181,209,211,210,219,217,177,138,129,138,143,141,143,155
45,40,39,39,37,43,54,68,84,111,178,208,212,211,221,220,179,137,128,144,146,144,146,154
38,33,30,31,33,42,54,68,85,110,176,209,214,213,223,224,180,133,123,144,148,149,151,153
37,28,22,25,35,48,58,71,87,109,174,208,212,209,217,217,175,130,118,139,146,151,155,154
44,31,20,25,49,66,72,76,84,106,165,193,193,183,183,180,148,119,118,137,144,153,159,158
38,28,20,30,59,78,84,78,76,91,128,141,134,122,115,113,99,98,119,139,145,154,160,159
26,21,22,35,60,79,86,81,76,84,97,97,91,82,76,74,72,87,118,139,145,151,159,162
17,17,22,38,61,78,85,83,80,84,84,81,77,75,74,71,70,84,111,130,137,142,149,157
18,17,22,39,66,80,88,86,82,85,86,84,83,84,86,81,76,83,101,118,125,129,136,144
