23,27,32,47,76,84,105,135,154,146,124,117,135,164,171,169,167,163,154,134,108,97,97,98
26,37,52,71,89,86,96,121,146,147,133,112,113,135,153,167,173,172,162,145,125,114,106,98
42,61,85,100,101,80,73,92,124,143,138,109,89,98,131,155,167,167,158,150,140,132,120,106
66,88,108,111,94,67,55,72,107,137,141,113,81,78,121,147,156,150,139,140,143,142,132,117
85,99,104,94,74,62,65,84,112,136,142,122,92,85,131,152,156,141,121,123,137,144,138,128
77,79,78,81,93,102,108,112,117,128,134,129,110,100,133,156,167,163,146,129,134,146,151,146
49,53,64,83,109,125,130,129,129,135,139,135,116,100,118,149,168,172,166,153,146,150,157,157
36,49,69,93,116,137,139,138,141,145,149,141,112,83,87,131,162,174,174,169,157,155,159,161
47,66,87,104,121,144,140,137,143,150,157,145,105,60,54,109,157,177,177,172,162,158,158,158
70,85,100,112,127,141,131,125,134,147,158,147,100,45,37,95,153,182,184,178,164,157,154,153
91,99,102,105,118,120,111,113,127,137,148,138,92,37,32,84,133,165,183,187,177,168,161,154
97,94,85,81,90,99,96,106,129,142,140,118,72,29,32,79,117,142,159,169,173,171,158,139
88,79,64,54,59,85,92,102,127,153,149,118,67,26,34,80,115,130,134,138,149,154,138,113
73,65,51,36,38,84,103,103,114,153,161,131,75,31,43,89,126,137,125,112,117,121,108,85
59,58,46,29,33,101,129,112,96,124,140,116,71,42,64,107,142,153,138,107,97,93,82,66
37,38,33,25,33,105,144,129,97,95,105,94,74,65,86,117,149,162,145,114,96,89,87,85
30,29,27,25,38,100,134,131,111,101,98,87,86,96,105,120,146,153,132,111,106,106,110,115
38,34,31,34,48,87,107,111,107,103,95,91,103,119,113,111,130,138,123,113,117,119,118,118
49,44,43,47,58,72,77,78,79,79,82,94,111,120,103,92,108,126,130,128,126,121,110,100
47,46,47,53,62,64,62,59,59,64,73,87,97,94,80,80,97,121,139,141,138,137,132,120
55,53,52,57,66,64,59,53,53,61,70,76,75,73,79,97,112,128,145,153,156,159,157,150
52,51,53,58,63,59,56,53,50,53,63,65,61,62,79,103,112,120,136,154,160,162,160,156
41,44,50,56,56,54,53,48,42,41,53,59,62,66,75,93,96,101,122,147,147,144,141,137
35,38,44,51,53,55,50,41,33,32,44,59,72,77,70,81,79,87,115,140,130,124,121,114
