82,98,107,109,107,77,75,95,121,140,152,140,100,62,71,103,143,175,190,186,172,161,154,150
99,110,117,115,103,69,62,80,110,136,147,138,102,64,69,102,136,161,174,172,163,155,150,146
121,121,115,101,78,53,47,67,103,136,146,138,104,67,69,111,140,153,155,147,138,139,143,142
122,115,100,79,58,52,54,74,107,135,145,140,113,77,73,122,150,156,151,135,117,120,134,142
92,89,83,77,77,83,93,104,115,127,137,141,127,100,82,123,152,164,164,153,127,115,125,144
49,57,77,100,116,123,124,120,118,125,130,132,130,118,96,122,150,166,172,174,163,143,130,130
40,54,83,111,124,136,134,131,132,134,141,141,135,119,92,104,134,160,171,174,174,166,152,144
63,73,92,111,127,143,139,139,145,144,151,151,139,111,76,73,106,147,170,168,176,175,165,157
90,95,100,114,137,152,139,137,146,149,156,158,141,102,58,42,77,134,173,172,178,175,165,158
99,102,109,124,147,151,131,124,136,148,158,163,145,99,44,26,61,126,180,184,184,177,166,157
113,109,113,122,126,126,116,116,127,136,147,160,145,96,36,21,53,110,161,178,190,193,181,164
101,93,97,108,114,109,100,109,128,135,138,143,126,80,29,21,54,101,137,155,177,188,186,180
72,71,72,80,93,98,90,103,132,145,142,133,106,63,23,21,56,97,123,134,152,163,170,177
48,52,49,49,65,92,90,99,128,156,159,142,106,59,19,21,56,97,123,129,128,131,140,152
42,43,33,30,54,105,104,94,110,153,172,164,128,74,23,27,65,106,132,139,121,111,113,121
59,48,27,22,59,129,128,98,89,125,157,150,114,66,28,45,84,122,146,154,137,110,95,96
59,46,24,20,63,145,153,117,85,90,117,117,95,67,46,68,100,133,159,168,155,123,96,87
40,34,21,22,63,141,157,132,99,85,96,94,84,74,73,88,107,133,159,166,149,123,101,93
23,23,21,29,62,124,136,128,117,108,105,93,83,87,103,105,109,126,149,152,125,107,104,108
28,30,34,44,68,107,113,111,111,108,106,91,89,109,131,124,114,120,139,146,121,111,117,124
39,40,45,54,64,75,77,79,81,78,82,82,96,119,126,110,92,90,108,130,127,126,126,124
45,45,52,60,62,62,60,60,60,61,70,79,94,109,104,87,76,78,96,125,137,139,135,130
48,48,55,64,67,62,57,52,51,58,68,76,84,87,79,73,80,93,107,128,144,149,149,148
52,51,57,67,73,61,55,49,48,60,67,72,73,71,65,73,97,116,123,132,146,156,163,167
