52,62,78,94,103,103,102,108,115,115,105,103,101,91,78,84,109,130,139,144,148,149,146,141
59,61,70,80,89,94,96,99,104,108,102,100,98,92,79,79,95,110,118,129,139,144,143,140
69,69,68,68,70,75,79,82,87,94,96,95,94,91,80,73,77,84,89,100,113,126,136,140
73,77,77,71,64,64,66,67,70,78,87,89,88,86,78,68,64,64,65,72,82,99,120,136
66,76,86,87,79,73,70,65,62,68,75,80,81,78,72,63,57,53,53,59,64,74,95,116
64,69,78,88,93,94,85,75,71,74,73,80,82,75,66,60,53,46,44,48,54,60,70,81
77,73,74,80,86,89,85,79,76,77,76,83,87,84,78,65,54,48,47,51,54,54,55,59
98,90,82,80,83,88,90,85,80,79,76,79,86,94,99,82,67,61,65,65,64,58,53,50
112,107,99,94,93,99,100,92,83,83,79,76,81,96,110,98,85,83,89,85,75,65,56,51
109,114,115,110,106,109,101,91,86,89,91,84,82,88,96,94,98,105,107,97,77,61,53,52
105,109,115,115,109,104,96,91,93,99,98,92,89,90,90,90,97,105,103,88,76,66,57,50
104,106,108,106,98,88,85,85,90,98,100,102,107,108,98,88,89,95,96,84,81,78,69,57
107,108,107,101,92,82,78,79,84,93,100,113,123,125,112,96,91,93,92,82,84,87,82,71
103,106,107,102,93,86,77,76,82,90,100,116,128,131,124,111,105,101,92,82,85,88,86,82
81,88,94,94,88,80,71,72,82,89,95,105,116,124,129,124,119,111,98,88,87,82,78,80
82,87,89,87,79,67,58,59,66,70,76,79,84,97,117,122,118,108,94,85,83,85,87,87
96,93,86,81,80,68,59,56,57,55,58,59,61,70,88,98,100,96,88,82,79,87,94,94
96,95,87,81,81,76,73,70,63,52,47,47,50,55,66,78,88,92,91,84,79,85,92,91
77,85,87,81,75,80,89,90,79,60,47,46,48,51,57,71,85,95,98,87,81,81,83,83
62,63,66,68,70,77,83,88,86,76,65,62,56,49,50,56,70,82,85,79,80,81,84,88
41,40,40,44,50,60,68,76,80,76,70,73,73,67,65,52,49,55,63,66,71,75,79,83
37,35,35,38,42,46,51,61,69,66,65,71,77,80,85,61,44,40,45,51,58,66,74,77
42,41,42,46,48,45,46,53,60,60,64,69,73,79,90,71,51,41,42,46,48,57,67,70
44,45,49,54,57,54,54,55,57,62,72,76,73,70,79,73,58,49,52,53,46,49,59,64
