248,246,246,248,249,248,249,248,248,248,242,234,234,242,248,250,251,234,177,67,16,1,23,62
247,244,242,243,246,244,244,244,244,245,242,235,234,240,246,249,250,232,172,63,14,1,23,63
246,242,237,236,240,240,241,241,240,240,239,234,234,239,243,244,245,230,179,91,53,42,59,90
239,234,227,225,232,236,238,239,239,238,234,232,235,239,239,238,240,232,203,154,135,129,136,150
223,218,213,214,224,228,228,230,234,235,228,229,233,235,234,236,237,237,233,226,223,222,221,221
206,203,204,209,214,210,208,210,216,223,219,220,222,223,227,233,234,236,240,243,244,244,243,242
198,195,195,196,195,191,196,203,209,214,212,211,212,214,221,227,227,229,237,244,246,246,246,246
201,197,192,187,186,189,197,201,203,205,203,203,204,207,214,217,219,225,235,241,242,243,244,245
206,204,197,190,192,199,203,200,197,198,196,198,202,204,204,203,206,216,230,240,241,241,243,244
203,204,201,199,202,206,205,200,196,199,197,202,209,209,196,184,183,197,221,239,243,244,245,245
181,182,182,184,191,195,196,196,196,198,199,208,212,206,192,183,183,197,220,233,237,238,239,239
178,181,184,190,201,206,205,199,191,185,185,198,205,199,190,183,176,185,209,222,226,225,224,223
165,171,184,202,219,227,225,216,205,196,189,196,198,193,194,187,167,164,189,206,209,212,213,213
133,145,170,197,218,230,230,229,226,218,205,200,194,192,201,186,154,143,164,178,180,188,195,195
112,131,151,167,180,196,197,202,207,197,182,180,182,183,185,154,130,130,143,134,129,135,140,137
123,148,163,156,142,148,144,142,145,142,130,124,122,120,116,99,109,128,130,102,96,99,103,104
118,144,164,161,144,143,141,129,113,105,96,87,79,73,70,71,88,107,109,89,86,93,103,110
92,116,143,156,152,153,160,149,126,110,93,79,71,65,59,61,69,80,88,83,83,94,109,119
63,79,105,126,134,147,161,162,153,141,114,95,92,91,70,55,54,61,68,70,74,87,101,107
54,63,70,76,88,112,131,137,137,142,142,132,127,119,86,59,51,49,45,48,61,76,86,92
52,55,51,44,45,55,65,69,74,88,112,133,148,145,112,80,62,51,41,35,37,43,50,56
44,45,40,31,27,26,28,29,31,40,59,83,101,108,99,87,72,57,46,36,28,24,24,28
33,34,32,28,25,23,21,19,17,17,22,30,40,50,59,66,61,53,47,42,35,27,22,22
25,28,28,26,27,26,23,19,15,14,16,17,20,24,28,34,37,39,42,44,43,39,34,30
