17,15,13,17,29,43,100,156,188,197,205,211,200,175,150,118,88,74,80,102,129,115,106,130
17,15,18,31,46,47,79,115,137,145,157,167,158,139,133,128,104,78,68,82,106,100,93,107
16,14,23,39,53,46,56,71,83,89,98,110,110,106,124,138,119,82,54,56,76,84,83,85
18,18,24,39,54,55,53,54,57,61,66,76,81,90,120,136,124,91,59,49,61,75,81,78
32,29,26,37,66,86,74,63,62,65,70,74,75,81,106,118,120,110,90,71,69,74,79,80
58,50,37,44,80,99,79,65,70,80,82,84,76,69,88,102,121,129,118,101,86,74,71,74
93,81,61,56,75,72,60,62,81,99,105,108,91,69,77,93,113,126,127,127,110,94,82,74
129,116,90,69,63,46,49,71,98,113,123,128,111,80,66,81,95,105,116,133,123,106,87,72
138,130,107,78,56,40,51,84,115,123,128,134,123,91,55,64,69,75,88,107,106,88,68,57
99,103,97,80,62,53,60,89,120,127,121,125,114,81,45,45,44,43,48,59,59,47,33,27
56,67,76,76,69,76,100,126,133,114,95,88,75,48,27,23,23,22,22,26,29,29,24,19
33,38,48,54,56,77,124,143,120,80,58,50,41,26,15,14,15,15,15,16,22,24,21,18
26,27,33,38,42,67,113,126,103,79,65,58,49,34,19,17,17,18,19,19,23,23,20,18
30,35,41,42,42,58,84,95,97,107,103,97,83,59,34,29,27,26,29,31,34,32,27,24
43,53,60,60,54,59,73,86,94,103,105,101,86,65,47,45,41,39,45,56,59,57,51,45
48,55,62,62,58,57,75,87,88,87,85,78,67,58,51,54,51,48,51,61,64,64,64,62
47,54,58,58,59,55,73,86,86,79,87,91,85,70,59,62,60,54,51,52,56,59,62,64
49,54,54,51,53,50,64,79,85,85,96,111,108,87,69,67,64,61,57,46,47,51,57,63
54,54,50,45,43,41,50,64,80,96,98,106,104,89,76,68,65,67,66,50,46,49,56,63
55,49,42,38,36,36,35,41,62,93,92,85,77,73,80,77,70,66,62,53,53,52,54,60
52,41,30,26,28,28,26,26,35,54,57,56,55,60,74,71,62,57,56,50,50,50,52,55
88,70,48,33,26,21,20,20,23,29,29,31,36,43,51,48,41,39,42,41,39,41,44,46
141,125,99,73,48,29,21,21,24,24,22,24,29,34,33,30,27,26,29,32,28,28,32,34
174,167,151,124,84,47,30,27,28,27,29,33,37,38,32,32,30,26,24,28,24,21,21,24
