28,25,24,26,31,38,42,43,48,63,68,64,60,61,65,64,52,36,22,20,23,25,24,21
33,30,26,25,29,34,40,45,51,59,68,70,68,66,65,68,61,46,29,19,18,19,20,19
40,38,32,28,29,35,43,57,66,59,62,70,75,72,63,65,65,55,37,22,15,12,14,15
49,50,45,38,34,41,50,64,72,58,58,67,77,78,65,60,60,54,38,25,14,9,9,11
58,63,62,54,45,52,56,54,50,50,60,65,73,80,73,60,53,46,34,26,16,10,8,8
49,58,63,59,52,61,61,50,39,44,62,64,68,77,74,66,61,55,46,39,26,15,9,7
40,51,59,60,57,67,67,57,46,41,51,53,56,61,63,67,66,64,66,68,51,32,18,11
36,43,53,59,62,66,66,63,56,46,43,44,47,51,54,60,61,63,71,80,66,47,30,18
42,42,48,58,65,62,61,61,60,57,47,44,47,50,49,47,50,56,64,73,67,56,40,26
59,51,48,53,62,64,60,56,57,66,58,51,51,51,45,40,45,54,60,64,65,60,50,39
70,59,49,49,54,61,61,57,59,70,62,58,57,55,48,47,51,57,63,67,68,68,67,66
76,65,56,55,58,66,72,69,66,71,62,55,56,59,56,54,56,62,67,70,66,62,64,71
76,68,65,68,69,69,75,79,79,78,67,55,57,67,67,57,58,65,72,70,62,58,60,64
74,69,71,80,83,75,72,81,93,91,78,61,61,75,78,61,55,64,73,67,60,63,65,58
75,71,73,85,98,95,78,78,94,101,85,64,59,71,84,67,53,53,62,58,56,66,69,56
80,76,78,87,98,100,89,84,94,110,96,73,60,65,80,74,58,46,45,46,47,53,55,48
83,83,84,88,94,96,95,93,99,115,110,92,74,67,73,74,63,52,48,48,45,44,43,43
79,81,81,80,81,80,85,89,92,100,102,96,85,76,73,73,70,68,68,65,53,41,38,43
72,73,72,68,64,59,65,69,67,66,68,73,78,78,77,75,77,84,93,86,69,48,38,45
84,81,74,69,69,59,51,44,39,37,38,44,53,60,66,68,75,87,99,100,91,68,50,50
84,88,87,88,92,81,56,37,28,25,26,33,39,42,44,47,53,64,75,81,92,87,72,62
71,82,92,99,102,95,75,52,35,26,24,27,33,35,33,37,38,40,46,57,78,90,86,77
62,72,90,101,98,94,92,80,59,38,28,25,29,36,38,45,40,31,29,40,59,79,91,92
64,68,86,100,92,89,99,101,83,51,34,25,26,35,47,61,54,37,27,31,45,67,90,102
