35,42,49,54,64,82,89,92,95,101,107,116,123,129,135,147,149,143,135,132,159,162,152,149
36,44,52,59,68,84,89,90,92,97,104,114,122,126,128,138,143,139,128,118,149,156,149,148
37,43,50,56,63,72,75,75,77,81,89,100,108,110,107,113,122,123,111,91,110,117,117,124
37,39,42,47,51,54,57,58,61,66,72,83,94,97,89,90,99,103,92,75,82,85,93,108
35,33,35,39,43,47,50,54,58,63,70,82,97,105,97,90,93,92,84,89,99,104,114,129
38,37,40,46,49,53,56,60,67,77,88,102,118,129,125,115,109,100,90,109,125,130,138,152
42,40,47,55,54,57,58,60,68,86,103,118,130,138,137,128,120,105,93,112,132,140,147,159
42,42,51,60,60,61,57,55,64,88,110,125,133,136,137,131,122,108,98,112,132,144,153,163
39,40,48,57,61,62,54,50,60,85,109,123,130,133,133,128,119,110,107,116,131,145,157,165
37,35,37,45,56,59,50,45,56,82,104,120,130,134,130,126,116,111,116,123,129,142,155,160
40,40,41,48,57,64,53,47,59,83,105,122,133,136,134,133,124,119,124,132,138,147,156,158
39,40,45,54,61,63,51,48,63,89,109,124,132,135,137,139,134,129,130,135,142,150,157,159
39,39,47,58,63,59,46,46,66,93,113,125,132,134,139,142,140,135,132,131,138,149,156,158
42,41,48,58,62,55,42,44,66,93,112,125,132,136,140,141,140,137,132,124,131,145,154,155
40,41,48,56,58,55,43,45,64,90,108,122,131,137,140,139,138,136,132,123,130,146,155,153
40,40,46,53,55,55,45,48,68,94,109,120,127,133,139,137,135,135,133,127,135,149,157,155
41,43,50,56,55,55,45,50,72,98,113,121,125,129,139,138,135,134,135,134,139,149,156,155
42,46,55,61,60,58,47,49,70,98,116,124,126,130,140,141,137,135,139,141,142,149,156,158
43,45,53,62,65,63,50,48,65,93,114,123,124,127,135,139,137,136,139,143,145,150,158,164
41,41,44,51,59,57,47,46,61,85,104,110,109,109,115,121,125,128,132,137,145,152,161,168
36,37,39,42,47,43,41,46,55,66,76,88,98,101,97,101,109,117,125,132,141,148,154,160
32,36,37,39,44,41,41,47,55,62,70,86,101,107,101,102,110,120,129,136,141,146,152,157
37,40,41,44,49,49,48,53,62,72,85,99,110,114,114,114,119,129,139,145,148,152,158,164
47,46,48,51,55,57,56,59,69,84,99,109,114,115,119,120,124,133,143,151,155,160,169,176
