46,45,39,40,57,66,64,73,92,105,101,97,98,99,92,85,96,114,119,94,53,25,24,40
45,43,43,48,59,65,72,81,91,98,95,97,101,101,92,90,105,122,123,100,60,30,25,36
56,54,59,63,56,54,73,88,92,94,95,102,106,100,90,89,106,123,122,103,71,44,33,37
76,76,81,77,54,43,65,86,92,94,97,105,106,96,86,77,91,111,116,99,76,55,42,40
95,97,96,84,60,44,55,73,87,96,95,98,97,91,85,63,67,90,105,89,70,53,41,36
108,110,98,78,62,48,54,69,84,93,99,98,92,86,87,61,56,76,97,83,61,45,34,29
123,125,106,81,70,62,66,75,82,83,101,104,93,81,79,61,60,74,88,74,60,51,43,35
123,127,109,85,79,79,87,94,93,87,99,104,99,87,73,65,72,78,72,61,59,59,53,42
109,114,104,91,90,91,102,111,112,106,106,103,106,103,78,72,82,78,53,49,56,64,62,53
96,97,101,107,110,94,102,113,122,133,129,113,111,116,90,81,88,74,42,45,55,65,71,72
101,97,108,123,122,98,106,118,129,150,152,124,110,113,94,89,98,88,59,59,59,62,70,79
102,95,107,126,125,101,106,117,130,150,158,134,114,107,94,96,111,110,91,88,78,66,63,68
87,78,90,113,120,98,95,110,128,139,146,137,122,107,96,101,112,115,110,116,111,86,62,56
63,53,61,85,102,85,79,99,126,128,124,128,125,111,98,101,100,100,109,130,137,111,75,57
51,36,33,47,65,67,69,92,119,120,108,112,116,109,95,97,85,82,102,124,130,118,95,76
47,36,26,27,39,46,51,73,101,107,98,100,106,105,91,93,83,83,98,104,101,99,94,87
39,36,28,24,32,51,55,65,79,79,77,89,106,112,97,96,94,98,106,96,83,76,77,80
41,41,36,30,37,73,84,87,87,75,61,76,104,118,105,97,98,104,107,97,80,68,65,70
60,62,56,45,47,89,106,116,119,102,63,64,90,111,106,90,87,90,93,93,84,72,66,69
90,99,92,73,62,73,74,90,113,113,80,63,69,85,94,77,69,68,71,80,80,71,65,68
73,84,74,59,63,61,47,51,69,76,74,62,55,63,80,69,65,66,69,79,83,76,69,69
47,54,44,32,41,43,30,28,36,43,51,49,44,48,63,54,55,61,66,71,75,70,61,56
31,34,27,19,20,24,18,18,25,32,37,37,37,40,46,39,39,46,55,59,58,55,48,41
26,30,31,26,18,14,10,14,26,40,44,37,33,37,38,34,28,32,45,51,44,41,41,39
