2,2,3,5,7,13,14,11,9,12,15,17,21,39,78,101,74,36,19,12,11,32,46,37
2,3,4,8,13,21,21,18,16,17,19,20,27,44,69,74,48,22,14,14,12,33,47,38
8,10,16,22,29,30,24,19,19,21,24,27,32,40,46,45,28,18,26,36,32,48,57,40
24,26,29,32,33,28,20,18,21,25,28,28,28,29,30,34,27,31,49,63,57,63,59,36
41,38,29,20,15,14,17,21,26,29,24,18,16,23,35,39,36,45,65,67,63,56,41,24
20,17,10,7,12,30,32,25,16,13,9,10,16,23,27,24,29,43,53,43,36,28,26,32
7,6,4,10,26,38,28,15,7,7,7,12,21,26,20,17,21,31,37,29,24,25,28,30
4,5,12,24,35,28,16,10,11,12,11,15,22,24,14,16,16,20,29,28,28,31,28,21
10,13,26,35,29,14,10,14,19,19,14,14,17,18,12,15,12,14,28,37,39,32,21,13
24,32,36,30,16,13,15,17,18,14,8,8,12,16,11,12,9,15,32,46,39,23,11,11
48,41,28,17,14,15,12,8,7,5,3,4,8,12,10,11,15,34,57,48,26,13,12,15
32,25,15,9,9,8,5,3,2,1,1,2,5,10,14,18,27,42,54,41,32,32,37,39
10,8,6,5,4,2,1,0,0,0,1,1,6,16,27,30,37,47,54,48,50,55,56,54
2,3,3,2,1,0,0,0,0,1,3,5,12,26,40,43,44,52,61,58,58,59,58,54
1,2,3,2,0,0,0,0,2,4,12,17,23,30,39,53,56,53,48,39,38,45,53,55
1,2,2,1,1,1,1,1,3,7,17,29,33,33,42,51,43,31,31,41,54,61,57,49
0,1,1,0,1,1,2,3,5,11,26,39,40,36,42,42,37,40,56,81,83,72,54,40
0,0,0,0,0,1,3,6,12,22,39,48,46,42,44,47,53,63,77,95,81,60,41,31
0,0,0,0,0,2,6,13,27,47,61,60,54,52,53,63,69,67,61,67,50,34,26,24
0,0,0,1,3,8,16,30,55,88,90,79,66,59,62,57,41,29,34,57,46,29,22,28
0,1,3,7,17,33,56,84,108,115,91,68,53,48,44,30,20,20,34,63,46,25,15,18
5,10,20,37,57,79,103,116,110,88,59,40,32,28,22,15,17,26,40,54,35,16,8,7
32,43,61,79,91,108,119,108,78,47,27,19,16,13,10,17,33,42,38,32,17,8,4,3
70,86,106,109,96,105,98,79,56,37,21,14,11,7,9,25,54,58,30,15,7,4,3,3
