122,129,139,138,123,124,130,140,162,197,231,244,247,248,248,249,249,249,249,249,250,249,249,249
108,113,126,132,127,136,145,153,171,205,234,245,247,248,248,248,248,248,248,249,249,249,248,248
98,101,114,129,137,143,152,163,182,212,236,245,247,248,248,248,248,248,248,248,249,248,247,247
99,102,114,132,145,145,151,166,190,214,236,246,248,248,247,248,248,248,247,248,248,247,247,247
108,111,123,138,146,148,153,169,194,217,237,246,249,249,248,248,248,248,248,248,248,247,247,247
102,109,128,146,151,151,161,176,197,222,240,247,248,248,247,248,248,248,247,247,247,247,247,247
101,101,117,143,163,164,171,188,210,228,242,247,248,248,247,248,248,248,247,247,247,248,248,248
95,95,110,140,171,179,183,196,215,230,242,247,248,248,247,248,248,248,247,247,248,248,248,248
90,94,113,144,174,187,189,196,209,224,239,247,249,248,248,248,248,247,247,247,248,248,248,249
94,102,122,150,177,184,184,188,200,215,234,245,248,248,248,248,247,247,247,247,247,248,248,248
107,107,114,134,160,172,179,191,206,218,232,242,247,247,248,248,247,247,248,248,248,247,247,247
106,103,103,116,138,153,169,189,210,221,231,241,246,248,248,249,248,248,247,248,248,247,247,247
113,110,104,108,126,141,160,183,203,211,224,236,245,248,248,249,249,249,247,248,248,248,247,247
127,125,114,110,125,139,156,175,186,188,207,224,237,245,247,248,249,249,248,247,248,248,247,247
126,123,115,113,123,139,157,167,166,164,185,200,216,234,242,247,248,248,248,246,246,246,245,245
112,113,114,117,124,142,155,159,155,151,161,173,191,213,231,242,247,248,247,243,237,236,238,240
102,104,107,110,116,128,145,156,156,150,149,160,175,192,210,224,237,244,244,239,229,220,221,230
104,107,107,104,102,107,133,150,153,151,145,155,168,178,190,201,219,234,236,229,223,212,207,216
110,117,115,102,90,98,125,138,137,142,138,148,163,173,178,182,201,219,220,210,215,212,204,200
101,110,110,99,90,107,122,125,121,124,126,139,156,167,170,173,192,207,202,184,192,205,205,190
99,110,114,111,111,123,128,126,123,125,122,129,143,153,151,154,181,200,190,171,177,192,201,199
126,131,129,122,119,123,118,114,118,131,126,127,132,136,133,145,178,200,193,176,171,176,185,192
149,144,133,119,110,107,101,96,106,131,131,125,123,124,129,149,181,202,199,181,165,159,163,172
144,133,119,107,97,92,91,87,95,126,130,121,116,123,140,159,185,202,199,175,156,146,148,157
