137,150,140,100,63,116,132,89,40,47,50,34,18,20,44,54,43,36,44,49,23,7,3,4
148,141,111,71,56,101,105,68,39,64,77,49,20,18,32,42,37,38,51,55,26,8,3,4
98,85,67,54,56,67,62,46,48,83,92,54,21,19,29,41,38,40,56,64,54,48,42,36
33,31,44,60,62,42,36,38,52,79,79,45,20,21,37,55,46,37,47,61,77,92,99,98
28,37,58,70,60,44,41,39,40,52,60,40,21,25,50,75,57,32,30,40,58,88,125,153
54,61,58,47,39,36,33,29,33,55,94,71,42,47,81,100,70,36,28,31,25,50,94,124
70,84,81,63,49,41,39,35,38,66,117,91,58,68,108,145,123,72,34,31,20,56,95,97
66,87,96,80,54,46,48,42,41,74,122,88,53,63,102,166,165,108,47,36,26,67,99,81
45,63,79,74,52,58,71,58,47,81,109,68,32,39,75,151,161,111,54,45,36,68,91,75
21,30,45,59,68,92,115,95,67,88,85,45,17,25,62,123,114,70,45,53,51,66,79,73
46,75,107,124,121,108,104,85,71,86,61,30,16,37,95,130,89,36,24,41,46,50,61,72
78,119,142,130,101,80,71,65,63,67,39,19,14,37,96,120,75,24,14,29,31,26,32,51
88,116,122,100,79,83,73,58,48,42,27,17,14,28,67,90,67,33,21,29,25,12,11,23
89,87,85,89,103,131,109,65,33,29,32,32,26,25,40,66,72,56,37,39,30,13,3,6
115,94,97,125,154,162,122,67,35,43,59,67,57,43,52,80,98,83,51,47,32,14,3,4
116,92,103,139,156,129,107,80,60,68,93,113,108,91,97,103,90,67,54,67,46,19,6,9
108,94,111,139,133,90,103,103,86,95,135,157,156,149,148,127,84,54,57,77,48,23,13,13
92,88,105,119,97,60,89,102,94,116,159,162,155,157,163,143,94,59,64,82,53,32,23,17
74,77,92,96,69,46,61,73,86,121,141,117,95,101,122,132,103,73,74,96,80,56,36,25
71,84,99,100,79,58,54,68,90,100,75,46,33,41,57,69,63,64,91,132,131,93,53,40
96,105,98,82,73,64,74,95,100,66,32,16,16,24,33,43,47,56,86,141,161,113,49,20
92,99,82,60,61,61,88,113,103,45,17,10,14,27,51,72,73,66,77,132,153,103,35,7
65,77,78,77,87,79,91,104,88,35,18,19,22,32,65,90,84,68,78,135,138,81,23,9
43,62,93,127,148,118,91,80,66,29,22,31,32,31,51,63,54,52,86,159,140,70,18,17
