4,7,12,14,12,13,45,93,129,130,116,101,107,130,139,101,64,40,27,15,6,3,9,20
13,16,16,14,11,11,26,49,69,83,102,112,123,136,135,98,66,46,36,28,21,15,14,19
24,28,22,12,9,9,12,16,23,34,56,71,82,88,84,63,46,35,31,36,39,36,37,48
27,28,20,9,5,6,7,10,15,15,16,22,29,33,28,24,22,20,21,31,39,43,59,87
16,13,8,3,2,3,5,14,24,26,22,26,31,28,19,16,20,26,27,20,18,25,56,96
8,6,3,1,0,1,4,13,28,45,48,43,33,23,14,11,23,42,52,34,21,21,36,54
2,2,1,1,1,1,3,13,33,57,56,44,32,23,12,11,24,49,65,42,25,21,24,28
0,1,2,4,5,4,5,17,41,66,60,49,40,32,19,17,32,62,83,54,42,37,33,28
1,4,10,15,13,8,8,21,49,75,74,62,49,36,24,23,43,76,95,69,68,62,49,36
5,14,29,34,21,11,11,23,50,83,98,75,43,21,16,24,50,72,80,82,81,69,49,32
13,27,45,47,28,22,22,30,55,98,121,83,35,15,18,35,49,61,82,117,73,41,32,29
15,22,39,48,37,32,39,47,67,109,119,75,33,24,31,47,44,47,80,132,73,40,53,78
12,14,30,45,42,47,59,63,74,109,100,62,35,33,40,46,35,36,73,126,77,65,99,133
11,15,28,39,44,66,71,64,68,92,81,55,36,32,36,34,35,52,87,120,75,82,121,139
15,21,27,32,43,72,63,44,41,61,75,58,33,21,28,30,63,115,154,141,67,54,74,78
11,22,37,44,45,60,54,35,20,29,49,41,25,20,28,27,48,102,159,155,78,33,26,30
10,24,43,52,44,48,61,45,16,19,44,39,25,24,35,35,33,54,99,129,101,51,15,9
14,22,41,53,47,55,89,76,35,32,55,46,34,39,53,52,31,26,53,90,109,87,46,18
21,20,37,55,59,85,123,111,65,50,60,48,43,57,69,63,39,37,62,65,88,109,98,60
28,23,40,62,73,117,132,111,74,48,37,30,37,52,53,40,32,55,87,61,51,90,131,135
21,19,31,47,59,102,103,73,39,22,17,15,19,26,28,20,29,55,75,45,25,51,111,162
14,16,25,33,38,79,91,61,19,9,9,9,8,10,14,14,32,53,57,34,24,45,100,158
8,15,24,25,24,66,92,65,17,8,10,8,5,6,11,16,37,51,50,53,58,77,112,144
4,13,22,22,21,64,89,62,16,7,10,8,5,6,10,20,39,48,55,92,106,118,129,134
