40,50,57,55,47,71,68,55,45,39,43,49,59,66,58,30,31,53,70,52,44,41,30,13
48,56,61,53,36,45,42,39,39,35,34,32,33,35,36,27,44,62,57,35,30,26,18,8
50,53,52,43,27,26,23,25,28,27,20,13,9,10,16,32,69,76,42,25,19,14,8,5
47,47,44,37,29,25,20,19,20,20,10,5,3,7,22,57,88,76,31,23,17,11,7,6
45,49,49,45,41,34,27,26,27,22,11,7,13,31,61,91,82,49,22,20,16,13,11,8
37,36,34,36,42,40,46,64,72,47,23,17,43,86,103,86,51,24,15,11,10,11,12,11
38,40,40,36,31,33,73,111,115,81,57,44,73,117,104,62,34,22,16,10,8,8,10,11
39,48,50,38,22,25,79,122,122,87,83,76,99,130,105,55,35,29,20,15,13,12,11,12
33,43,45,35,25,33,72,108,114,86,88,88,106,130,112,63,41,34,27,23,21,19,16,14
22,23,24,28,41,61,78,106,130,123,91,67,84,116,105,63,39,36,39,34,28,24,21,18
33,29,28,38,59,77,76,81,116,175,144,75,49,70,75,59,49,54,63,48,37,30,22,15
45,37,31,35,45,49,44,50,87,150,131,71,44,60,68,63,56,54,56,44,35,30,26,23
61,58,42,25,22,19,21,35,59,83,76,56,51,62,65,67,56,44,39,38,34,31,43,63
88,95,63,21,13,15,24,42,50,30,29,41,52,54,53,60,50,35,32,46,45,44,67,109
121,129,84,28,24,30,44,61,60,29,26,38,46,43,38,44,41,36,42,70,75,69,78,101
94,102,68,29,40,63,79,76,56,32,32,36,50,66,64,51,47,51,63,86,76,66,62,60
71,68,48,33,48,77,96,90,72,62,54,44,60,97,114,86,64,63,74,83,68,55,46,36
75,64,51,49,64,78,87,90,94,100,82,55,58,91,112,92,70,61,66,70,57,43,31,25
92,83,75,81,98,86,72,77,100,118,94,59,47,56,58,59,56,52,53,65,49,30,19,16
75,80,91,112,139,123,91,74,82,96,69,47,48,62,55,46,46,55,70,85,54,27,15,12
78,91,100,105,119,140,130,101,79,78,60,39,40,58,61,48,45,60,85,99,77,54,36,24
71,88,93,82,78,120,140,124,97,91,77,53,45,56,60,44,38,56,90,105,83,70,71,76
48,63,67,55,43,74,107,117,111,113,99,85,77,78,81,58,38,47,84,102,71,63,87,114
24,31,37,34,27,35,60,86,108,123,104,114,119,113,124,92,49,41,75,94,56,47,74,106
