55,42,20,8,20,44,29,23,63,137,131,85,69,99,134,159,137,79,26,30,63,65,55,60
71,55,28,13,26,42,28,25,59,116,113,89,99,141,166,167,124,63,20,22,48,54,55,65
74,63,36,20,31,34,26,28,44,65,70,80,112,153,162,138,85,35,13,16,27,34,44,59
60,59,41,25,28,23,26,29,25,19,34,64,92,105,101,78,46,22,13,13,13,17,28,44
43,50,43,26,17,15,27,27,15,12,33,59,56,29,20,24,37,42,30,15,10,13,21,30
47,51,45,28,12,13,26,24,13,17,40,57,45,15,6,10,40,74,79,34,13,8,12,16
72,68,54,34,17,12,20,24,28,46,56,49,31,13,5,7,28,68,98,63,25,8,6,6
133,121,97,67,35,16,24,40,53,61,53,34,21,15,9,8,15,44,78,71,35,11,3,2
172,159,132,92,44,19,35,62,71,49,31,18,15,18,13,11,10,23,47,61,39,17,5,3
121,114,94,61,22,14,39,65,61,22,10,6,10,16,19,16,11,18,38,56,40,25,15,7
52,48,38,24,12,16,32,41,33,12,6,5,8,15,24,24,15,12,21,37,42,42,32,16
77,73,65,53,43,43,43,41,35,27,21,20,22,27,35,32,21,11,11,19,40,53,42,18
139,129,116,105,99,95,83,73,69,65,62,58,58,62,66,60,46,34,27,23,46,64,53,22
170,158,137,125,132,132,120,109,103,99,103,94,91,98,99,91,79,69,60,46,61,82,77,47
141,139,119,96,89,97,99,101,99,88,94,85,81,89,97,87,83,84,79,67,75,104,117,102
111,119,119,99,66,61,63,72,78,69,67,69,69,71,76,67,70,79,85,90,88,93,103,112
119,130,146,147,124,106,94,94,99,96,89,85,77,69,75,76,80,82,89,115,113,97,105,140
137,152,170,179,174,156,141,133,129,121,116,113,101,90,104,123,120,101,91,108,104,84,95,143
133,155,164,155,145,137,137,136,124,101,103,112,111,108,136,174,162,125,95,82,68,49,59,97
100,126,131,106,69,52,63,78,72,44,44,55,65,80,119,166,156,123,104,106,84,48,32,45
75,101,130,135,103,52,34,39,41,21,21,25,27,33,57,102,107,83,70,100,96,74,54,47
43,59,89,118,123,81,45,31,29,18,17,17,15,15,27,64,75,59,48,79,75,72,68,59
28,32,45,76,114,97,71,54,44,26,19,16,17,19,26,50,58,50,44,59,47,52,60,54
41,39,39,60,100,91,87,87,74,37,18,13,18,26,30,40,42,41,45,50,38,41,44,35
