164,164,154,149,163,169,175,187,193,181,167,151,150,162,166,151,155,177,197,190,168,150,138,132
179,175,158,143,144,148,163,181,191,182,173,165,165,170,166,148,144,159,180,187,182,170,155,144
185,180,164,148,143,143,149,161,169,166,176,188,195,191,182,164,151,151,160,171,183,182,171,160
174,173,167,162,162,156,141,138,146,152,175,195,203,201,199,184,170,161,159,161,170,174,174,173
156,155,160,169,176,168,140,131,145,162,176,172,170,180,192,184,179,180,184,177,162,158,166,178
153,144,142,152,167,167,154,152,164,176,178,164,158,168,178,169,174,188,199,196,173,161,166,179
165,155,140,137,152,164,169,178,185,177,165,164,170,177,176,168,173,187,202,213,199,184,175,171
150,150,143,136,142,159,175,191,198,183,162,159,165,170,171,173,179,191,207,220,214,201,182,164
125,132,144,150,148,155,170,185,193,188,167,153,146,146,149,171,187,200,209,210,204,197,183,168
137,137,152,171,175,159,162,166,169,176,163,156,146,128,118,160,190,198,193,185,176,175,178,181
175,173,175,183,190,175,171,163,152,150,153,157,144,118,116,163,177,169,168,183,171,159,157,161
191,190,185,183,185,190,195,182,159,149,155,155,143,130,133,155,157,152,159,177,166,155,152,152
193,194,188,176,171,191,201,189,170,170,174,168,163,162,155,141,141,147,153,158,151,148,152,158
193,197,192,177,165,185,187,176,174,196,198,193,195,197,178,147,147,152,144,138,137,138,150,171
193,200,204,196,181,187,181,172,176,202,212,210,208,207,200,188,185,168,140,144,148,144,153,176
183,193,208,212,197,178,178,176,172,181,212,212,193,175,173,186,198,197,187,187,174,161,160,169
170,178,198,213,202,177,183,186,178,175,206,206,184,158,146,149,164,187,208,213,206,194,178,163
182,183,192,202,201,193,202,205,193,180,188,186,171,152,139,130,141,167,194,204,216,218,201,178
215,211,201,193,194,215,226,224,211,188,171,161,152,145,146,148,157,166,170,174,199,215,214,205
219,224,217,200,186,204,222,229,220,199,179,164,147,136,146,161,172,174,169,162,180,188,190,195
197,204,213,211,196,191,195,196,191,189,182,174,161,148,154,152,150,159,171,164,166,163,165,178
187,188,195,201,199,193,181,166,158,166,163,160,159,163,172,163,150,152,167,169,165,156,161,182
187,184,179,178,185,195,184,163,147,144,139,135,140,155,177,180,171,161,159,163,165,157,165,193
188,185,173,161,163,187,192,179,156,133,129,124,120,128,161,183,190,175,151,146,158,155,164,194
