99,141,178,167,113,95,147,179,169,157,179,194,198,198,200,204,205,202,197,186,167,144,122,108
113,139,152,129,85,80,143,182,174,163,183,195,199,199,201,201,196,187,175,159,141,124,110,101
97,100,92,69,46,60,135,181,181,172,184,189,188,183,178,170,160,148,138,126,114,105,98,93
58,51,39,27,22,44,124,176,177,159,160,157,151,144,135,126,119,114,111,106,100,96,92,88
34,32,29,26,26,43,119,168,157,116,105,99,96,96,96,98,103,108,108,102,96,93,89,86
42,40,38,42,55,71,130,164,141,84,77,76,82,91,94,100,104,105,103,96,92,90,87,84
48,47,50,72,114,119,151,165,136,79,72,74,84,95,100,102,101,98,93,89,88,87,84,78
49,49,56,92,150,145,162,167,137,80,69,77,90,101,104,100,95,92,90,91,97,102,101,94
49,48,56,94,155,147,163,168,137,77,67,80,96,105,107,101,99,102,108,117,129,139,135,123
49,48,56,92,153,150,165,168,134,73,72,90,106,113,118,119,127,139,152,166,177,181,166,138
50,49,56,92,154,154,169,168,132,79,90,115,135,148,156,162,166,171,178,189,194,188,158,121
50,49,56,93,155,159,172,171,146,114,134,157,173,178,177,179,173,174,186,194,197,180,142,107
50,49,57,93,156,164,175,177,166,152,173,188,192,187,180,176,168,172,189,195,195,167,126,99
50,49,56,93,156,167,178,182,179,175,191,195,188,179,175,168,167,178,194,197,189,154,113,93
50,49,56,92,156,173,183,183,178,180,192,192,183,174,174,165,172,186,195,197,180,140,102,88
50,49,56,91,155,177,187,183,175,183,192,189,180,175,174,170,179,191,196,195,166,122,87,75
50,49,55,90,154,180,190,182,175,185,191,187,183,182,178,173,177,184,185,175,135,89,61,57
48,49,55,89,153,183,192,184,177,187,188,182,178,174,161,148,147,151,150,133,93,56,43,50
47,49,55,88,152,187,195,186,175,176,170,162,153,139,116,97,95,102,103,85,58,38,42,61
48,50,55,87,151,192,198,179,152,135,121,114,106,90,68,58,69,83,85,67,50,40,50,75
49,50,55,86,151,194,196,162,120,100,97,97,86,66,49,53,70,83,79,57,48,47,63,89
50,50,54,85,150,195,194,151,104,90,94,90,75,56,49,62,76,81,73,54,52,59,78,99
51,51,54,84,149,196,191,145,100,94,96,84,67,56,59,71,78,76,67,59,62,77,98,113
52,51,53,83,148,196,188,140,97,97,92,76,64,63,68,74,75,71,65,65,74,93,115,130
