79,78,77,76,75,75,75,80,96,128,170,192,199,200,202,202,203,204,204,204,202,197,189,181
81,78,75,73,72,73,79,96,123,155,181,192,194,191,189,189,188,188,186,181,174,165,154,147
65,63,60,59,59,64,81,107,134,153,161,162,158,151,143,140,141,143,143,139,130,119,111,110
41,40,39,41,46,59,80,101,114,118,121,119,114,104,94,88,90,99,106,102,94,88,88,92
26,26,27,34,51,67,80,82,79,83,92,94,91,86,78,70,72,85,98,92,82,81,87,91
24,25,32,46,68,81,82,75,71,80,87,85,83,80,68,68,71,83,94,83,72,74,81,85
31,37,50,66,79,85,80,72,71,81,78,75,76,75,62,66,73,81,84,72,67,70,75,75
52,61,73,82,84,84,79,72,71,76,68,67,71,72,62,67,75,79,76,69,71,80,88,89
81,87,94,96,92,90,86,81,77,78,75,77,81,82,77,83,90,92,91,92,100,113,126,133
109,112,116,119,118,116,113,108,105,107,110,112,114,115,116,121,128,134,140,146,156,167,178,185
157,161,166,169,166,162,161,160,157,155,155,154,152,151,154,158,163,169,177,183,188,193,197,200
190,192,194,192,186,179,180,180,174,162,159,163,167,169,174,179,181,186,193,197,199,201,202,204
202,201,197,191,185,179,177,169,156,147,153,168,179,183,185,185,186,190,197,200,201,202,203,204
197,193,185,177,175,176,166,147,135,144,161,181,193,193,187,181,183,191,199,200,201,202,203,204
186,181,171,164,166,175,159,143,146,170,183,194,195,185,170,169,180,192,197,199,200,202,203,205
177,176,168,163,172,182,173,168,176,185,190,194,187,173,166,176,186,193,197,200,201,202,202,201
178,179,173,170,176,177,171,167,167,164,163,163,158,151,152,162,169,173,176,178,179,177,173,168
161,160,156,152,151,145,138,132,125,118,114,114,113,111,116,121,126,131,134,136,137,135,131,126
120,118,114,110,106,101,94,87,81,75,70,71,71,70,73,76,82,88,92,97,98,100,101,101
94,94,94,95,93,91,86,80,73,67,62,60,60,60,63,67,74,83,89,94,96,98,100,101
92,92,92,92,90,88,83,77,69,63,59,56,55,55,56,61,72,83,89,92,96,99,101,101
93,93,91,89,86,85,80,72,63,56,54,53,52,51,53,59,70,80,87,90,95,99,101,101
97,98,97,96,94,95,92,82,71,63,62,60,58,56,57,60,66,74,80,85,90,95,99,102
106,108,111,112,114,115,114,105,93,85,81,75,71,67,64,62,63,66,72,79,84,90,96,103
