24,20,18,19,22,23,23,23,24,32,64,117,150,138,85,49,40,43,44,44,43,40,35,29
24,20,17,18,21,22,23,24,26,35,70,127,157,134,73,42,37,39,39,38,37,36,34,31
24,21,18,17,19,21,23,26,28,33,60,111,134,109,59,37,34,35,34,33,32,31,30,29
24,22,20,19,18,19,22,25,28,30,42,73,89,75,49,36,33,33,32,29,29,29,29,31
26,25,24,23,21,21,21,22,25,27,32,42,52,53,44,36,34,34,34,33,33,32,35,40
27,26,27,30,33,40,34,24,20,20,26,35,47,54,52,44,40,43,54,67,61,45,35,37
25,25,33,54,84,104,86,53,26,18,22,30,38,44,48,46,46,65,104,133,117,75,38,27
23,24,36,69,120,147,121,72,31,21,22,26,30,34,43,48,51,72,111,134,118,74,35,22
22,26,36,65,111,130,107,66,33,26,25,28,30,33,38,46,52,62,76,75,66,46,29,24
24,28,35,48,65,67,58,45,34,31,31,37,41,40,33,35,45,50,45,32,28,26,27,29
15,18,24,31,41,44,42,38,36,37,39,51,63,63,47,36,37,36,30,23,21,22,23,24
18,23,27,28,28,31,35,38,40,44,59,91,116,112,74,47,37,33,28,25,24,22,21,19
30,45,62,61,37,23,25,32,38,45,71,123,156,141,85,55,43,39,35,33,32,28,23,17
37,63,102,107,59,21,14,20,28,38,63,116,145,124,74,54,49,49,46,45,44,39,30,20
22,43,87,108,71,30,14,11,15,24,38,66,79,70,56,50,49,51,52,55,56,50,38,26
11,23,50,66,49,35,25,18,14,15,21,30,34,34,36,37,39,42,47,59,61,56,46,36
7,11,21,28,26,28,30,28,23,19,22,23,21,18,20,24,28,34,49,81,94,82,59,45
9,9,9,9,10,16,24,29,31,35,53,62,51,28,14,13,18,28,54,106,134,109,66,46
17,14,10,7,5,6,12,20,31,52,99,126,107,55,16,8,9,19,48,105,140,109,58,39
27,24,19,13,10,8,7,8,20,50,114,151,129,69,27,13,8,8,21,54,84,71,42,29
27,28,31,35,39,39,25,12,12,28,74,99,91,61,36,26,19,13,12,22,33,28,18,14
25,26,38,66,98,104,73,36,13,13,32,41,41,36,31,30,28,23,19,19,15,9,5,5
25,24,36,71,117,127,96,51,17,8,9,9,10,13,17,24,29,31,34,43,39,28,15,6
28,26,28,46,77,86,73,43,17,8,6,4,4,6,8,16,25,33,46,75,82,66,37,14
