41,41,41,41,41,41,42,42,42,41,42,42,42,42,42,42,42,41,40,41,41,40,40,41
41,41,41,40,41,41,41,42,42,41,41,42,42,42,41,42,42,41,40,41,41,41,41,40
41,41,41,41,41,41,41,41,41,41,41,41,42,42,41,41,41,41,41,41,41,41,41,40
41,41,41,41,41,41,41,41,41,41,41,41,42,42,41,41,41,41,41,41,41,41,41,40
42,42,42,41,41,41,41,41,42,42,42,42,42,42,42,42,42,42,41,41,41,41,41,41
42,42,42,41,41,41,41,41,41,41,41,42,42,42,41,42,42,41,41,41,41,41,41,41
42,42,42,41,40,40,41,41,42,42,42,42,42,42,41,42,41,41,41,41,42,41,41,41
42,42,42,41,41,40,41,41,42,42,42,42,42,42,41,42,42,41,41,41,41,41,41,41
41,41,41,41,42,41,41,41,42,42,42,42,42,42,42,42,42,42,41,41,41,40,40,41
41,41,41,41,42,41,41,41,42,41,42,42,42,42,42,42,42,42,42,42,41,40,40,41
40,40,41,41,41,41,41,42,42,41,41,41,41,41,42,42,42,41,41,41,41,41,41,41
32,32,33,35,37,38,38,38,37,37,37,38,38,36,37,38,38,36,35,34,34,35,37,38
23,21,20,22,29,34,37,37,38,40,41,54,60,53,47,38,31,28,26,24,24,25,29,31
24,20,15,15,21,30,35,39,47,63,76,105,117,99,72,43,27,22,21,19,18,19,22,25
40,37,31,24,23,25,27,34,58,105,146,178,180,144,85,46,30,27,26,25,25,24,25,28
39,38,37,36,35,32,29,30,47,91,152,167,154,122,65,39,32,30,28,27,26,25,25,28
31,32,34,35,36,35,34,34,42,70,114,109,93,83,58,47,44,41,36,31,28,24,25,32
23,24,26,28,30,31,34,37,41,53,69,59,51,55,55,53,51,48,41,34,30,24,27,40
19,19,20,22,24,26,29,32,36,40,41,38,38,40,41,42,41,38,35,31,30,26,31,48
16,16,16,17,19,22,23,24,25,26,24,23,22,21,19,17,15,14,16,22,28,27,33,49
13,13,12,12,12,13,14,14,13,11,10,9,8,7,6,5,6,11,20,30,32,28,33,48
10,9,8,7,6,6,6,6,5,4,3,2,2,2,3,5,11,21,32,36,32,28,32,43
9,8,7,5,5,8,7,4,2,2,2,1,1,2,6,12,22,31,36,34,29,28,31,35
11,10,8,7,8,18,15,7,2,1,1,2,2,4,11,20,29,33,32,28,27,29,30,27
