62,62,60,59,59,63,63,61,58,58,58,56,51,44,40,40,42,44,46,52,59,58,51,43
80,78,76,73,70,74,77,76,74,75,76,76,77,76,67,57,52,49,47,49,54,54,50,44
115,109,106,103,98,99,103,102,100,102,102,108,121,132,126,108,90,75,63,56,60,61,56,49
143,133,127,124,121,114,116,115,112,113,116,132,157,178,181,157,123,94,79,73,87,93,87,78
146,136,124,117,116,106,101,101,101,101,115,143,172,192,196,166,116,82,80,98,130,144,140,130
153,144,128,113,107,101,95,95,101,115,142,172,192,197,187,145,101,84,101,128,146,151,148,143
165,155,138,121,107,99,93,94,110,144,178,195,197,190,175,144,119,114,125,135,137,135,131,127
172,164,150,133,115,99,92,97,122,168,197,201,192,177,163,149,138,133,131,128,124,121,116,112
171,168,160,146,126,104,94,104,137,181,198,195,180,165,156,153,145,135,126,120,118,115,110,104
169,169,167,157,139,118,103,114,150,190,196,187,171,158,155,154,148,139,130,122,117,111,103,96
169,169,168,163,151,132,114,123,157,192,189,177,166,159,158,156,151,142,131,118,108,97,89,86
174,174,173,169,161,144,127,137,168,191,184,174,168,165,163,160,151,138,122,105,92,86,89,95
183,182,180,176,169,157,147,156,177,186,181,176,173,172,167,159,145,126,106,88,85,93,107,117
194,192,189,185,180,174,169,171,175,177,180,179,177,173,162,154,139,115,90,84,97,117,135,143
201,199,198,197,196,189,179,168,164,172,179,181,175,160,142,149,143,116,91,103,128,146,156,160
205,205,205,204,194,171,160,160,166,174,182,182,166,145,144,160,154,131,113,127,150,160,160,161
202,201,200,192,170,145,151,165,175,180,185,178,162,151,164,173,165,149,141,146,161,164,157,151
192,189,186,176,155,144,165,183,188,190,190,179,168,168,179,177,167,159,156,153,157,155,148,140
181,177,175,171,162,168,185,193,190,187,182,174,168,166,163,157,147,142,141,139,133,129,125,122
174,172,172,173,169,168,167,161,152,144,138,131,123,115,109,102,93,89,92,94,89,82,77,77
132,132,131,128,124,120,114,109,106,103,101,97,92,86,80,76,72,73,81,85,78,63,51,47
91,93,93,92,89,87,85,85,86,88,88,85,81,76,71,70,73,80,88,89,77,57,39,33
71,73,76,78,77,78,80,82,84,87,85,83,80,76,75,80,86,93,96,89,69,47,32,28
73,74,76,78,78,78,81,82,82,83,81,79,78,78,84,93,99,101,96,80,53,33,25,25
