20,20,19,19,20,22,33,51,72,91,117,147,172,188,200,208,210,208,205,202,200,198,199,200
19,19,18,18,19,20,30,54,86,116,144,170,189,197,200,201,201,201,202,203,205,205,205,204
29,28,27,26,27,28,35,65,112,154,170,177,178,172,163,158,158,163,170,175,183,194,203,206
51,49,47,46,46,46,50,74,120,164,169,155,137,123,110,107,111,121,131,132,138,158,181,195
72,70,68,67,67,65,63,70,93,126,135,120,101,91,87,92,100,111,116,106,98,111,141,169
75,73,71,70,69,66,65,64,70,87,106,112,109,107,108,114,120,124,121,104,88,92,116,141
75,74,71,70,68,66,65,64,64,69,84,108,125,131,129,130,131,129,119,97,82,92,119,141
75,74,72,70,69,66,65,65,65,65,71,96,127,146,144,139,133,127,114,93,84,103,130,142
74,74,73,72,70,67,65,64,65,65,65,81,112,145,155,149,140,130,118,102,101,121,138,137
75,74,73,73,72,69,66,65,65,66,66,71,93,128,160,167,159,149,139,129,133,145,149,141
75,74,73,72,72,69,67,65,65,65,65,66,77,104,147,174,177,170,164,160,166,173,175,170
76,75,74,73,72,71,68,66,66,66,66,67,71,87,126,168,184,183,181,183,188,193,194,192
76,75,74,74,73,71,70,68,67,67,67,68,69,77,103,149,177,187,189,194,199,201,200,198
75,74,74,74,73,71,71,69,68,68,66,67,68,72,83,121,159,183,192,198,200,198,193,189
74,73,74,74,73,71,71,70,69,68,67,68,68,69,71,93,133,171,193,197,195,189,178,169
76,75,75,75,74,71,71,69,68,68,67,68,69,69,69,76,109,155,192,196,190,176,153,131
77,76,75,75,73,71,70,69,68,68,67,68,70,70,69,70,93,139,186,193,181,156,121,91
78,76,76,75,74,72,71,70,70,70,68,69,70,71,71,70,84,122,167,179,162,130,96,72
74,74,74,75,75,74,72,71,71,70,69,69,69,69,69,66,72,96,130,145,132,108,89,83
58,60,63,66,68,69,69,69,68,67,66,64,62,60,57,52,49,58,79,100,105,103,101,100
38,39,42,46,48,51,52,53,52,52,50,48,45,42,39,36,37,47,67,89,99,102,103,103
27,27,28,30,32,33,34,34,34,34,33,32,31,30,30,33,42,56,74,90,98,101,103,105
23,22,22,22,24,24,24,24,23,23,24,25,26,26,31,42,56,71,86,95,99,101,104,108
22,21,21,22,23,23,23,23,22,22,24,25,26,27,35,50,67,81,92,97,101,103,107,111
