96,95,95,96,96,91,91,102,125,157,187,206,212,210,207,206,206,203,190,161,145,144,147,144
94,93,93,93,93,92,99,121,153,182,199,207,209,208,206,206,206,198,177,141,127,131,136,135
92,91,91,92,99,113,133,160,186,202,206,207,207,207,205,204,199,185,158,124,114,120,125,124
92,94,98,106,124,152,178,196,206,208,207,206,206,205,202,197,189,171,145,121,113,116,119,118
102,110,124,143,166,192,205,208,206,205,205,205,204,201,195,187,177,161,142,127,118,116,116,115
140,152,170,186,197,206,208,207,205,205,204,201,197,191,182,172,163,152,140,130,123,118,114,113
183,190,198,204,207,208,207,205,205,203,198,191,183,174,164,156,149,143,138,132,127,121,116,114
205,207,208,209,208,206,206,206,203,196,181,170,163,157,148,143,139,137,135,133,129,122,117,116
208,207,207,208,207,205,206,205,200,187,162,149,146,145,139,136,134,134,136,136,129,122,118,119
206,206,206,207,206,204,203,201,195,181,155,142,139,140,137,136,135,138,143,139,127,120,119,120
206,206,205,203,203,202,201,198,191,179,161,148,140,137,136,136,138,147,155,137,121,118,121,122
205,204,203,201,199,198,197,194,188,177,159,146,139,135,132,132,142,158,161,132,121,123,127,127
203,203,202,200,195,193,191,191,187,171,147,137,134,131,124,126,148,166,160,133,133,134,135,137
200,201,201,198,194,190,187,189,186,161,132,126,130,129,116,122,152,167,153,145,149,146,142,147
193,196,198,198,196,193,192,191,180,148,127,122,131,137,119,124,151,161,150,158,154,148,146,150
185,188,192,197,199,198,199,189,169,146,138,130,138,150,134,131,143,152,151,159,153,150,149,149
177,181,186,193,199,201,202,189,170,160,152,140,142,149,140,135,136,141,144,144,140,136,133,132
179,181,186,190,195,198,196,184,171,164,150,135,128,128,125,120,114,112,112,109,107,98,92,93
182,183,183,183,181,178,170,161,152,140,122,107,96,90,91,86,75,68,67,68,65,54,47,50
166,161,156,151,141,126,113,108,103,91,73,65,60,56,57,55,46,40,43,51,54,47,40,43
127,115,104,101,100,86,72,68,71,67,58,59,58,52,47,48,44,40,40,48,55,52,45,42
104,92,78,73,77,76,67,60,60,60,57,60,59,51,44,45,45,44,43,48,56,56,50,44
98,91,78,67,68,77,76,68,60,58,57,58,54,48,42,42,44,46,48,50,55,57,54,50
98,96,85,70,61,70,75,71,62,55,54,52,48,44,42,40,43,48,51,54,55,57,57,57
