40,40,40,39,39,39,39,39,40,39,38,39,39,40,38,37,39,41,42,37,29,27,32,39
40,40,39,39,38,39,39,39,39,38,38,39,39,39,39,38,40,45,47,41,32,30,33,36
40,39,38,38,38,39,39,39,39,38,38,38,38,39,39,40,46,54,57,47,37,35,37,37
40,39,38,38,39,39,39,39,39,37,38,38,38,38,40,44,53,62,63,50,41,40,41,40
39,39,39,40,40,40,39,39,39,38,39,39,39,39,41,48,57,61,57,46,42,41,42,41
39,39,39,40,40,40,39,39,39,39,39,39,39,39,40,47,51,51,46,42,42,42,42,41
39,39,39,40,40,40,39,39,39,38,38,39,39,37,33,37,42,44,43,42,42,43,43,42
39,39,39,40,40,40,40,39,39,38,39,39,38,32,28,32,39,43,43,43,44,45,44,43
39,39,39,39,40,40,40,40,39,40,41,40,36,29,28,35,42,44,43,45,45,46,46,45
38,39,39,39,40,40,40,40,40,41,42,40,36,31,33,39,43,44,43,45,46,45,45,46
38,39,39,40,40,40,40,40,40,42,41,37,34,34,39,41,43,44,45,45,45,44,43,44
39,39,40,40,40,39,39,40,41,42,40,36,35,39,41,41,42,44,44,43,42,41,42,42
38,38,38,39,40,39,40,42,42,40,37,35,37,40,40,40,42,44,43,42,43,45,45,45
40,40,40,41,44,46,48,47,42,36,34,36,40,42,42,44,49,50,46,45,50,54,53,50
56,55,55,57,61,65,64,54,40,31,34,41,47,51,56,62,68,66,56,50,55,57,54,49
88,87,86,85,83,78,63,47,38,41,50,57,62,64,69,73,76,72,60,49,48,50,53,54
102,100,97,90,81,67,53,47,53,65,72,73,69,66,68,70,71,69,62,51,44,45,53,61
98,96,89,78,65,53,48,56,70,81,83,78,70,63,61,62,64,65,63,55,46,44,52,62
86,83,74,62,52,49,53,62,70,73,73,71,66,60,57,57,60,63,62,57,51,47,50,56
70,65,57,51,47,47,49,51,52,53,54,55,55,53,52,53,54,57,58,57,53,50,50,53
57,55,52,50,49,48,47,47,46,46,46,48,48,46,46,47,48,49,49,50,49,48,48,50
55,54,53,53,53,51,50,49,48,47,47,48,48,46,45,45,46,45,44,45,46,46,45,45
56,56,56,55,55,55,54,52,51,51,51,51,51,50,49,49,48,47,45,45,45,45,44,43
56,56,56,56,56,56,55,53,52,51,53,53,53,53,52,52,51,50,49,48,47,46,46,45
