57,57,56,54,54,60,64,70,80,93,98,105,114,120,117,116,110,98,82,71,66,64,64,63
58,59,59,58,59,67,74,80,90,105,109,114,121,124,118,112,104,91,76,68,64,62,62,62
60,61,62,62,64,74,80,85,92,104,106,107,108,106,98,93,86,77,68,63,61,61,60,60
60,59,60,62,65,71,75,78,81,87,87,85,82,79,73,71,69,65,62,61,60,60,60,60
55,55,56,58,59,60,61,63,66,68,68,67,67,66,65,64,64,62,61,60,59,59,59,60
54,54,55,56,56,57,57,59,61,63,63,62,62,62,62,62,62,62,61,60,60,60,60,61
55,55,55,55,55,55,56,57,58,59,59,59,60,60,61,62,62,61,60,59,60,60,60,61
56,56,56,56,55,55,56,56,57,57,57,58,58,59,61,61,61,60,59,59,60,60,60,61
58,57,57,57,56,56,56,56,56,57,57,57,57,59,60,60,59,59,59,60,59,59,60,60
60,60,60,59,58,58,57,57,56,56,56,56,57,58,59,59,59,59,60,60,59,59,59,58
62,62,61,60,59,59,58,57,56,55,56,56,57,57,57,57,58,59,59,60,59,59,58,58
63,63,62,61,60,60,59,57,57,57,57,57,57,57,57,57,58,58,59,59,59,59,58,58
65,64,63,63,62,62,60,58,58,59,58,58,58,58,57,57,57,58,58,58,59,58,57,57
65,65,64,64,64,64,61,59,60,61,60,59,60,59,59,58,58,57,57,57,58,57,56,56
63,63,63,63,63,63,62,62,62,62,61,61,62,62,61,60,59,58,59,59,58,57,56,56
62,62,62,62,62,63,63,64,63,62,62,62,63,63,63,62,61,61,61,61,61,60,58,57
62,62,63,63,63,63,64,64,63,62,62,63,64,64,65,64,63,63,63,63,63,61,59,57
65,66,67,67,65,64,65,64,63,63,64,65,65,65,66,65,64,62,61,60,58,56,53,50
80,79,78,74,68,66,65,65,64,64,64,65,65,63,62,61,58,55,53,50,47,44,40,37
109,105,97,86,74,69,66,64,62,61,60,60,58,55,52,50,46,41,38,37,36,34,30,27
125,115,100,86,77,70,62,56,53,52,49,47,45,41,37,35,34,33,33,39,41,39,34,30
139,117,89,70,65,60,50,43,41,40,37,34,33,30,29,33,38,42,46,51,51,46,40,37
139,110,73,49,46,43,37,33,31,30,28,26,26,30,37,47,56,61,61,58,54,48,44,42
124,97,62,39,32,31,29,29,27,25,24,24,28,39,55,67,73,71,64,56,49,45,43,42
