76,73,69,66,66,77,110,134,129,101,85,77,77,83,91,101,113,117,105,87,87,108,144,176
72,70,68,65,63,68,92,116,122,105,95,91,93,99,106,114,122,121,108,89,83,99,129,156
69,68,66,64,63,62,72,90,107,114,114,113,115,119,123,127,129,122,106,88,81,96,123,142
68,67,65,64,64,63,63,71,90,116,132,135,134,132,132,133,130,118,99,83,82,104,131,142
69,67,65,64,65,66,65,65,76,104,136,149,146,138,134,131,125,112,94,79,87,116,142,145
71,69,66,64,64,65,66,65,69,85,122,150,158,150,140,134,125,113,99,90,106,130,142,134
72,70,67,65,64,65,65,65,66,73,100,136,161,165,157,148,139,129,119,116,130,143,143,131
72,71,69,66,65,65,65,65,66,68,81,114,150,173,174,167,159,151,146,148,158,163,159,152
72,71,70,68,66,66,66,65,66,67,71,93,131,169,184,182,176,172,171,176,182,185,185,183
72,71,70,68,67,67,67,67,67,68,70,79,110,153,182,187,185,184,187,192,196,199,200,200
71,71,71,70,68,68,68,67,67,69,70,72,92,129,168,184,187,188,194,198,201,201,199,197
72,72,71,71,69,69,69,67,67,68,69,69,78,103,144,174,187,193,198,200,199,196,193,193
72,72,71,70,70,70,69,68,67,68,68,69,70,82,117,156,183,196,200,198,195,187,180,177
73,72,71,70,69,69,68,67,67,69,68,69,68,72,92,134,173,195,199,193,188,175,157,144
73,72,71,70,69,68,68,67,67,69,69,69,68,68,76,112,160,193,197,187,178,157,127,103
74,73,71,70,69,69,69,68,67,69,70,71,70,69,71,98,148,188,197,184,164,132,95,70
75,74,72,71,70,70,70,69,68,69,70,72,72,71,71,89,132,171,184,167,138,106,79,66
76,75,74,73,72,72,71,70,70,69,69,70,70,67,66,73,100,131,146,135,113,94,85,84
72,71,71,71,71,71,69,68,67,66,64,63,61,56,51,50,62,81,100,105,103,101,101,102
55,56,57,58,60,60,59,56,54,52,49,46,43,39,34,35,46,65,86,99,103,104,104,104
37,38,38,39,40,41,41,39,37,35,34,33,31,30,32,40,54,72,89,98,100,101,103,105
26,26,26,26,26,27,27,27,26,27,27,26,28,32,40,52,67,82,93,98,99,101,104,108
23,23,22,22,22,22,22,22,24,25,25,26,30,40,52,66,80,90,96,99,101,103,108,112
24,23,23,23,23,23,23,23,25,27,26,27,33,46,61,76,87,94,98,101,103,106,110,114
