206,206,203,197,187,175,162,148,135,125,110,94,86,84,76,84,96,101,91,71,82,90,85,72
190,187,178,166,154,142,132,122,115,112,102,95,93,91,85,90,99,100,88,73,84,90,82,69
144,138,126,116,112,110,110,108,106,105,100,100,100,97,92,95,101,98,87,79,86,84,71,59
100,94,86,85,95,102,108,110,108,105,103,104,102,97,94,97,99,95,86,83,82,71,55,45
92,88,88,96,111,117,117,113,107,104,102,101,99,95,93,95,95,90,83,79,70,55,41,34
93,91,97,110,120,122,117,110,104,103,100,97,95,94,92,92,89,84,77,69,55,41,32,29
91,94,105,118,124,122,114,106,102,101,98,95,93,92,91,89,85,79,70,57,42,32,27,26
93,100,111,121,124,119,110,103,100,98,95,93,92,90,88,85,80,73,61,46,33,27,25,24
102,108,116,120,120,114,106,100,96,94,92,92,91,88,85,80,75,65,52,38,28,25,25,24
114,116,117,118,116,110,102,95,90,87,89,91,90,86,82,76,68,57,43,32,28,26,25,26
120,118,115,112,109,104,96,88,83,85,91,92,87,81,77,71,62,50,38,31,28,27,27,28
117,115,112,107,100,95,89,82,82,89,93,87,80,76,73,66,55,45,37,31,28,28,30,30
111,110,107,99,90,88,81,80,86,93,87,78,75,76,71,61,51,44,39,31,29,32,34,32
105,106,100,90,83,81,76,82,92,88,75,72,76,77,68,58,52,47,39,32,35,40,39,35
103,99,90,83,83,74,74,86,90,70,67,78,81,72,61,60,58,48,35,36,46,45,42,45
95,87,85,86,80,70,81,85,74,61,75,80,72,63,63,66,56,42,35,46,49,46,50,62
83,81,86,85,71,72,83,78,64,67,79,73,64,63,69,65,51,40,40,50,48,49,56,65
76,81,85,80,66,79,81,72,67,78,80,71,67,69,70,60,49,43,44,49,47,51,56,57
79,85,83,74,69,82,79,74,76,82,79,74,72,70,64,57,51,47,44,44,44,47,48,47
89,89,84,76,73,76,75,73,74,73,71,66,59,53,50,51,51,46,41,37,34,35,36,35
85,82,76,70,65,60,53,52,54,55,54,50,44,37,34,39,45,47,44,38,34,31,28,26
58,57,57,57,52,46,37,32,35,43,46,45,41,35,30,30,35,42,46,43,41,46,55,60
32,32,37,45,50,45,35,25,24,34,43,46,46,42,37,30,29,33,40,45,45,59,85,109
27,23,26,42,61,55,43,28,20,28,40,46,48,48,46,37,29,25,30,42,45,54,88,132
