95,95,91,90,92,81,80,81,92,127,147,133,122,119,102,89,68,59,67,64,56,49,55,72
94,98,99,97,91,80,81,79,81,100,114,110,110,113,98,84,64,55,63,65,63,61,65,74
101,105,108,107,103,101,99,86,71,71,85,97,107,108,93,82,65,56,59,65,68,68,69,73
107,108,109,113,123,139,132,105,76,69,85,100,109,106,90,81,71,62,60,65,68,64,62,66
101,102,101,110,138,168,160,129,101,97,109,106,104,104,91,81,75,70,66,65,64,54,49,54
97,93,88,95,123,154,166,154,133,122,122,106,97,98,88,80,77,73,69,64,62,51,42,44
99,89,78,82,107,134,160,163,146,127,120,104,97,97,83,76,76,79,76,65,59,51,47,51
99,87,76,78,98,123,157,171,159,138,123,105,97,96,84,73,75,81,79,67,56,53,56,61
101,88,81,85,96,113,147,167,164,149,130,106,95,96,90,72,71,78,80,71,53,51,58,62
112,98,91,93,92,91,112,133,140,133,123,103,92,95,93,69,63,74,84,78,52,43,47,50
116,103,94,88,76,70,85,101,103,97,106,97,88,87,85,63,57,70,87,79,61,46,35,27
124,111,95,80,68,67,80,91,91,84,101,97,86,80,77,61,54,69,90,81,72,53,31,17
128,112,92,77,72,72,80,89,92,87,104,101,87,77,79,68,58,65,82,78,76,56,30,15
119,103,86,79,81,76,80,87,90,90,109,107,91,79,89,79,64,61,68,71,73,55,30,15
100,94,85,81,85,76,83,84,79,83,111,113,96,83,93,75,63,59,59,65,65,52,31,15
80,89,91,89,86,70,79,81,78,90,117,116,96,84,95,72,58,52,51,59,58,45,28,19
59,83,94,89,79,56,56,59,66,90,121,114,96,92,104,85,65,51,46,57,58,40,22,19
48,78,90,81,69,50,39,35,47,82,122,113,97,100,109,96,79,61,50,60,62,41,21,18
52,77,83,72,66,59,42,29,34,69,121,114,99,100,99,90,83,72,60,65,64,44,24,18
66,79,80,72,72,72,60,46,43,62,115,117,103,95,85,69,60,56,57,67,59,40,24,19
60,70,73,66,60,68,61,52,48,54,100,115,107,92,77,62,47,42,51,65,64,49,38,40
55,60,62,56,49,59,59,53,49,53,93,117,114,93,76,62,44,37,46,54,57,50,43,45
55,56,55,51,47,53,57,59,58,56,82,117,123,99,77,62,43,36,46,54,55,49,41,36
56,57,56,53,52,55,55,68,76,57,64,109,129,106,76,61,41,34,48,71,68,54,38,27
