79,80,75,61,59,128,127,96,62,40,74,89,95,99,93,52,53,65,55,38,79,109,113,105
65,73,82,78,71,122,130,100,59,39,70,90,103,112,107,67,50,46,40,43,83,106,106,98
38,50,74,90,94,121,141,112,57,38,68,97,117,126,122,91,53,26,24,49,85,101,100,94
13,22,46,78,106,126,149,116,54,38,72,106,128,135,133,115,67,23,16,50,79,91,92,89
2,3,13,42,93,131,137,96,48,47,82,110,128,136,138,133,91,39,17,45,64,72,74,76
2,2,3,22,69,120,98,59,50,79,99,106,117,134,142,146,109,56,26,45,48,45,47,52
4,3,2,13,48,102,76,49,59,91,98,98,111,133,145,150,110,58,38,60,57,53,50,46
34,21,7,7,29,74,64,51,63,88,94,88,100,130,149,150,101,57,57,83,74,68,66,61
86,58,25,7,13,41,51,50,59,86,97,78,87,128,151,142,89,59,78,92,78,77,84,85
134,105,59,21,8,16,34,43,57,91,104,75,83,131,146,121,76,66,91,74,64,82,100,98
148,132,100,61,24,14,34,47,57,86,99,80,95,140,135,92,62,69,88,57,51,67,87,94
162,147,122,89,53,29,42,57,70,90,90,86,114,148,118,62,47,63,81,73,73,74,77,81
156,148,127,99,72,46,54,69,83,93,74,84,123,146,97,42,40,66,88,97,98,91,82,79
116,131,127,102,76,55,65,80,87,82,54,72,115,130,75,38,52,86,107,110,106,101,95,90
55,94,125,118,80,57,71,86,82,58,41,60,95,104,61,52,80,110,116,109,98,92,93,95
21,56,111,132,94,64,71,78,66,46,42,65,104,116,62,51,65,86,103,109,101,86,74,68
6,27,81,118,96,72,85,87,66,49,55,74,108,119,68,73,70,62,64,78,86,81,62,45
2,11,55,94,86,83,109,110,83,61,66,80,102,112,85,110,102,68,40,40,53,61,55,42
6,13,46,75,72,93,126,124,92,69,72,80,92,104,108,140,135,93,45,23,21,30,41,47
25,29,46,60,63,90,114,98,62,55,78,80,83,99,119,139,122,83,47,31,18,12,15,22
52,52,52,52,59,79,90,65,30,32,62,71,78,98,121,126,98,69,61,60,37,16,7,8
91,82,64,53,59,66,71,55,31,29,45,57,71,90,108,102,80,66,73,83,68,39,14,5
129,110,78,57,59,53,54,55,51,42,38,48,63,77,87,81,73,71,77,86,91,72,40,19
151,128,85,56,57,42,40,52,62,53,41,47,59,67,71,73,75,75,73,77,97,98,72,40
