27,35,32,26,33,52,71,76,69,58,43,54,83,96,58,36,30,33,37,30,22,31,43,46
35,37,30,26,37,49,65,74,71,60,48,58,82,89,46,24,18,23,31,31,23,25,32,35
42,36,27,28,42,56,66,75,77,66,62,68,76,69,36,27,23,23,28,26,18,23,33,37
36,29,25,29,39,58,70,81,86,77,81,82,76,62,44,49,46,38,33,22,14,29,49,57
23,23,27,31,30,44,67,85,92,90,91,88,87,83,70,72,66,55,44,28,23,36,59,75
46,46,48,48,45,46,53,60,69,84,86,74,71,76,71,64,58,53,48,42,44,41,38,43
64,65,68,72,76,80,72,54,45,60,68,64,60,58,47,38,41,48,53,54,51,45,43,47
67,68,73,81,92,103,101,77,49,43,52,53,53,53,43,34,38,48,57,63,49,44,54,67
64,63,65,73,86,101,116,108,79,49,43,42,48,59,58,50,48,49,53,58,38,35,52,71
65,64,62,64,73,91,110,120,110,78,47,37,44,56,60,59,51,40,31,28,22,21,31,47
62,62,61,59,62,72,93,115,126,115,72,46,44,55,54,45,32,18,9,7,9,12,22,35
69,68,63,59,58,62,73,93,113,112,68,42,44,53,44,32,25,18,11,10,11,11,16,27
91,88,78,67,62,62,63,72,80,71,39,30,40,47,35,33,35,34,27,26,25,22,25,31
114,111,97,79,66,64,61,57,46,25,12,18,30,33,28,42,50,48,43,40,41,42,42,44
116,115,103,82,64,58,46,38,32,22,17,17,16,16,20,40,50,51,49,46,50,53,53,49
104,103,99,89,73,58,35,25,33,48,56,52,43,32,23,36,48,54,54,51,53,55,54,48
92,89,88,87,82,68,43,27,28,47,65,77,78,63,32,28,41,52,52,48,49,50,48,44
78,76,77,83,92,87,58,29,18,28,49,70,84,77,37,20,26,37,42,40,42,43,41,38
69,69,75,89,104,102,63,26,10,17,30,43,58,62,35,14,10,18,31,37,37,38,38,35
74,79,93,108,112,95,57,29,22,27,33,36,40,43,35,16,5,14,35,45,36,36,43,46
81,93,108,119,117,91,68,54,46,42,44,42,38,35,30,13,4,12,29,33,30,31,38,48
63,78,92,99,104,108,105,84,55,38,37,35,32,31,29,12,3,6,14,15,18,19,24,33
30,42,53,59,68,100,109,89,54,30,20,17,20,28,34,19,7,4,7,8,11,11,11,13
7,14,24,28,30,57,68,67,55,33,12,3,9,26,41,29,15,10,13,15,13,9,6,4
