1,8,26,41,41,57,76,63,37,39,23,34,90,154,167,172,161,120,67,58,63,66,70,75
3,13,35,45,33,45,63,58,39,31,15,29,85,150,166,172,164,124,70,57,61,64,67,73
4,14,28,31,19,26,47,63,59,33,13,25,80,145,164,171,169,133,75,55,58,60,62,65
12,17,18,13,9,21,50,84,90,45,18,23,74,140,162,171,173,141,82,52,52,55,54,54
33,35,26,14,15,42,84,119,114,55,23,22,68,135,163,170,174,148,91,50,46,49,48,45
61,56,37,20,32,80,119,141,123,54,16,13,60,129,163,170,173,151,99,51,44,47,46,42
47,42,28,31,70,118,141,150,127,52,12,8,55,126,163,168,171,157,114,56,43,46,47,44
21,18,25,57,113,139,148,150,122,45,9,6,52,124,163,167,171,164,129,62,43,44,49,50
5,9,42,95,140,140,147,146,109,33,6,5,48,118,164,168,172,169,140,70,43,41,49,55
12,28,77,127,141,136,147,139,91,22,3,3,38,103,161,169,173,173,147,77,43,39,48,55
38,66,108,134,131,131,146,125,68,13,2,1,21,72,142,163,171,174,155,87,45,37,46,53
71,94,117,125,120,127,139,106,44,6,1,0,9,44,114,154,170,175,161,101,50,37,46,53
92,105,114,113,110,124,128,86,25,3,1,1,4,29,92,145,167,174,166,117,57,38,47,55
99,106,109,105,103,121,117,69,14,2,1,1,5,26,81,138,164,173,170,131,64,39,46,56
107,108,104,97,98,117,104,55,8,2,1,1,4,24,73,135,163,172,171,142,74,41,44,54
116,106,91,84,92,109,90,44,5,1,1,1,3,21,69,129,159,171,173,154,85,46,43,53
108,93,79,76,86,95,72,34,4,1,1,0,2,16,60,118,149,165,174,166,103,54,42,52
83,73,70,76,81,75,53,25,4,1,1,0,0,11,48,106,137,154,169,173,123,67,42,52
53,55,67,80,77,54,36,18,3,1,0,0,0,7,34,92,126,143,160,176,142,80,43,51
45,52,70,82,69,35,21,11,1,0,0,0,0,3,20,74,114,137,153,176,156,94,48,49
48,54,71,79,57,21,8,4,1,1,0,0,0,2,11,51,101,130,142,170,166,110,57,46
51,57,72,82,67,25,6,1,1,3,1,0,1,2,7,31,78,112,127,154,170,126,68,45
54,60,66,70,66,28,6,0,2,5,3,3,6,10,15,25,53,79,97,127,166,143,86,48
58,61,52,43,41,17,3,0,3,5,4,6,14,24,32,32,38,46,63,103,160,157,104,54
