19,16,14,14,14,19,51,64,44,15,14,18,33,51,54,79,95,75,32,18,20,25,29,30
16,14,13,14,15,16,36,46,36,15,15,17,34,56,60,78,85,63,25,16,19,24,28,30
15,13,13,15,16,16,23,30,28,16,19,20,37,64,73,73,63,41,17,17,21,27,32,35
17,14,13,15,19,18,19,23,23,17,20,24,42,68,74,58,37,20,13,18,25,31,36,38
21,17,14,15,20,22,23,23,21,17,17,25,44,60,50,31,16,11,14,23,32,36,36,32
16,14,11,11,17,23,26,24,20,18,15,20,29,33,20,11,7,10,21,40,46,38,25,15
15,17,13,8,9,17,23,22,20,23,14,12,15,15,8,5,7,14,30,59,58,37,16,10
47,58,48,22,7,14,19,19,18,22,13,11,13,13,11,16,21,24,33,60,56,32,13,13
97,119,106,59,18,25,26,23,20,18,15,20,25,25,27,45,53,46,37,49,46,32,25,31
124,146,147,106,46,48,49,42,32,25,27,33,37,38,46,76,87,72,47,43,43,44,54,71
84,111,143,138,86,49,43,44,41,36,37,34,27,22,27,44,53,52,51,63,65,66,78,97
40,66,113,143,123,65,50,57,65,59,37,22,15,17,30,37,39,45,60,82,79,69,75,94
14,31,75,124,140,89,62,74,101,99,52,19,8,19,45,51,49,52,66,86,89,75,72,87
8,14,43,92,131,104,67,83,131,141,90,38,11,19,50,66,64,59,63,79,93,84,77,88
15,13,25,61,105,92,60,78,132,156,131,70,22,12,35,68,67,53,52,72,83,78,76,86
29,22,22,40,70,65,55,83,132,153,151,108,50,14,28,53,50,36,36,58,72,65,57,62
33,23,20,30,46,41,52,89,130,144,153,130,76,29,44,50,40,31,36,46,55,47,35,33
29,20,21,33,43,33,54,93,125,131,138,123,80,44,66,54,37,34,45,43,39,29,17,11
23,19,27,43,49,36,59,93,116,116,117,99,68,54,78,53,34,36,48,42,29,15,5,2
23,22,29,35,32,32,58,85,99,101,104,94,76,65,74,50,30,26,31,29,21,10,2,0
32,27,28,26,20,33,50,56,59,72,84,93,88,73,61,48,31,21,19,15,10,5,1,0
45,32,21,15,14,38,43,33,25,36,49,64,72,66,49,37,24,17,17,13,8,3,1,0
59,38,16,7,14,43,41,22,8,13,20,29,40,46,40,33,28,25,22,16,9,3,0,0
69,44,16,5,16,46,39,20,9,11,13,14,18,26,36,43,48,42,26,14,6,2,0,1
