131,125,113,90,59,51,36,27,26,22,22,19,14,14,29,53,87,139,182,159,141,124,83,29
123,123,114,89,54,41,26,20,23,25,23,20,18,22,35,62,108,157,176,129,105,99,74,28
100,99,90,69,40,24,13,10,15,21,21,22,31,46,57,92,143,171,149,86,65,79,80,51
76,74,63,46,28,14,8,7,12,19,20,26,49,79,95,133,168,160,105,54,43,73,93,80
71,74,64,47,33,26,24,23,22,26,27,39,72,115,137,158,155,115,60,41,37,68,94,87
75,93,87,65,59,68,70,57,41,34,40,73,124,164,163,137,97,57,30,22,22,52,77,75
81,96,92,83,91,95,82,60,40,34,66,117,158,163,125,79,44,24,16,15,20,35,46,45
82,92,92,87,89,97,77,51,34,34,80,127,139,110,68,37,20,13,13,17,24,24,20,19
84,91,89,75,61,79,62,40,31,40,80,105,90,53,36,32,22,15,19,29,31,21,12,14
96,95,77,54,47,59,39,24,30,50,76,84,65,41,47,47,29,17,25,45,38,21,19,37
89,82,65,54,60,43,21,18,35,58,78,76,56,38,46,43,25,14,20,35,26,14,28,65
123,112,85,60,49,26,15,25,46,58,72,64,48,41,49,37,19,10,12,19,15,10,32,74
118,112,89,58,34,17,15,36,59,59,63,52,44,47,55,34,18,11,8,10,9,8,30,68
75,77,67,45,24,16,16,42,70,66,59,46,43,53,57,34,22,18,13,10,8,7,25,56
81,71,51,30,16,10,11,40,75,77,63,47,46,54,51,32,23,23,21,13,9,11,25,42
84,70,46,25,15,7,8,37,72,77,57,40,43,54,42,24,16,18,21,12,7,10,18,27
78,76,54,28,13,6,6,34,72,83,56,37,40,48,27,14,9,11,15,8,5,5,11,20
59,72,65,40,17,6,5,32,74,95,67,44,39,39,14,7,5,8,12,10,6,3,7,16
31,50,65,59,31,11,5,31,76,106,86,59,43,32,9,5,5,10,18,23,15,8,7,11
12,22,49,69,57,21,6,26,70,107,98,72,48,30,12,7,7,13,28,48,40,25,15,10
15,12,23,44,53,24,7,22,62,102,105,82,52,34,32,19,13,15,26,53,67,56,39,35
30,17,10,17,27,15,5,17,53,92,105,87,54,34,49,35,27,27,30,42,65,70,77,97
48,28,9,3,5,3,2,14,43,81,102,89,52,27,48,43,35,32,30,25,44,61,97,146
60,37,13,2,2,0,0,12,37,72,100,89,50,17,31,40,33,24,21,15,26,42,87,151
