85,80,77,74,65,44,44,58,78,98,122,148,168,180,185,144,79,34,22,10,8,8,14,26
68,66,63,58,49,42,48,60,74,90,112,137,160,175,179,143,82,37,23,13,14,15,16,17
68,67,64,55,40,51,66,78,88,97,107,122,140,158,169,142,84,39,24,17,17,19,16,10
97,91,88,73,49,72,96,106,107,109,108,114,125,140,155,146,101,60,43,30,19,16,13,6
136,127,122,105,70,94,130,132,110,104,102,110,119,126,135,153,140,113,88,57,25,11,10,9
143,145,151,134,92,99,146,155,117,77,56,61,76,93,113,145,161,157,132,91,36,13,20,34
125,146,166,156,114,101,144,164,131,67,31,23,29,50,90,135,159,157,138,108,47,30,62,104
91,130,168,170,133,104,138,167,147,78,26,8,10,34,91,135,153,149,133,117,68,72,121,162
57,104,160,179,145,106,133,164,156,102,36,11,17,49,113,141,151,146,133,126,104,127,165,177
34,77,143,178,150,102,128,157,154,126,56,23,32,73,132,142,149,146,134,143,150,170,173,152
19,46,112,165,153,99,125,148,142,128,77,40,51,101,146,143,147,143,135,161,180,185,162,124
30,36,88,148,161,116,133,147,138,127,101,65,77,129,153,144,144,142,138,170,190,184,152,115
42,36,76,137,163,137,148,152,137,125,118,93,108,153,157,144,142,140,142,173,189,175,144,119
40,33,72,133,162,149,158,156,138,123,123,117,136,168,158,145,139,139,148,175,184,163,135,122
31,27,64,128,171,153,151,152,142,124,123,128,152,177,161,147,139,141,157,182,180,154,125,114
34,29,57,119,180,174,157,151,146,128,124,139,168,187,170,156,145,148,167,187,174,148,123,109
33,29,44,97,171,190,174,163,157,138,126,148,180,195,182,167,154,157,177,186,163,136,116,106
31,28,35,74,147,193,191,178,168,152,131,153,185,197,187,170,160,168,183,175,145,120,110,111
31,29,35,62,117,181,197,188,176,166,139,153,182,194,183,166,165,176,181,155,123,108,113,126
29,32,42,59,88,159,196,195,180,173,147,151,174,190,177,163,170,178,166,128,107,110,128,144
25,33,48,57,66,134,190,203,188,174,150,142,155,172,167,158,163,161,138,107,110,131,146,145
48,54,62,60,54,104,170,202,194,168,144,136,143,154,153,144,146,144,130,119,139,159,153,128
103,103,100,90,77,90,136,176,184,155,133,130,136,143,145,132,127,130,137,148,173,178,151,113
158,154,146,135,122,100,104,136,162,142,125,121,128,140,147,129,115,120,142,166,189,181,148,116
