74,77,80,80,79,76,71,67,66,68,73,74,77,82,84,82,75,72,75,76,78,74,68,65
72,73,74,75,76,72,70,68,68,68,69,67,72,81,81,79,75,74,75,72,74,75,74,71
69,68,68,71,74,70,69,67,65,62,62,61,67,77,75,71,72,74,74,71,73,77,76,71
65,63,65,71,74,70,69,66,61,59,65,65,70,78,75,69,70,73,73,73,75,76,73,66
60,59,64,71,75,72,73,70,65,67,79,82,84,87,83,74,71,70,71,75,77,74,69,64
62,65,68,71,73,74,79,81,78,73,77,80,82,83,76,65,62,61,62,68,74,77,73,67
71,73,73,71,70,71,74,73,67,61,62,66,74,81,75,64,60,62,67,71,77,78,74,68
70,72,73,71,68,67,67,63,58,56,57,61,72,83,82,77,72,70,72,74,75,73,71,69
63,65,68,71,70,69,66,62,59,60,63,65,73,83,85,87,81,74,70,71,69,67,68,70
62,63,67,73,77,76,71,65,61,63,66,66,70,76,76,73,70,67,64,64,67,72,73,72
66,66,66,67,66,63,62,59,57,61,68,70,71,74,73,69,68,68,67,66,71,77,77,69
62,61,58,55,54,51,53,57,62,66,75,76,74,74,77,77,78,78,77,76,76,77,75,69
57,57,54,53,55,57,61,67,71,70,76,79,76,73,81,86,88,87,84,83,76,75,77,76
59,61,62,65,72,78,80,80,78,73,75,81,82,79,84,90,93,92,89,84,74,78,86,86
71,72,76,84,92,95,89,83,80,78,80,91,99,98,91,93,99,103,99,88,81,87,93,90
83,85,92,100,106,104,96,86,78,72,81,92,98,96,87,89,101,109,104,92,92,101,108,106
87,89,96,105,112,111,106,94,81,75,87,91,92,95,95,98,109,116,109,95,90,97,104,106
92,94,98,104,110,111,110,104,96,94,103,102,101,106,113,115,120,121,114,102,87,83,88,92
102,103,102,103,105,104,105,109,112,114,117,118,119,122,128,126,124,122,118,112,90,75,72,76
102,101,99,100,101,99,100,105,108,104,109,113,115,118,124,120,117,115,114,110,92,75,71,76
88,87,90,96,102,104,98,92,89,89,101,104,101,102,108,101,96,101,112,112,103,95,94,97
78,80,86,96,104,108,94,83,87,102,113,114,112,110,103,89,83,95,118,127,121,122,124,120
76,79,86,94,97,95,80,75,91,118,122,119,122,126,110,92,83,93,115,129,129,141,149,142
78,80,86,89,84,72,60,64,88,117,114,106,114,129,119,103,91,89,97,110,121,144,161,157
