2,4,10,19,32,50,96,133,122,63,65,84,92,90,99,123,85,36,19,16,21,24,37,61
2,5,11,17,22,32,72,117,124,72,52,61,78,90,94,97,62,25,14,14,22,30,51,80
8,10,12,12,11,13,39,88,120,96,52,43,65,89,84,57,28,11,10,17,27,39,62,87
14,13,10,8,9,6,17,57,102,110,67,46,56,74,62,27,14,15,18,27,33,42,60,81
13,10,7,10,17,12,14,36,70,92,79,64,54,45,33,28,42,51,48,48,39,35,50,75
9,5,5,11,22,20,18,22,34,49,73,89,73,36,22,52,92,110,101,88,65,49,53,74
5,4,4,9,17,20,23,22,21,32,67,85,66,30,24,70,113,130,126,119,108,95,87,86
3,3,5,9,14,24,38,36,27,36,69,74,52,25,24,66,98,115,124,129,132,130,121,112
2,2,7,14,18,29,48,48,36,44,73,67,43,24,26,56,72,85,105,119,131,138,140,137
2,2,11,20,23,28,41,41,35,47,70,66,47,34,38,68,71,70,83,96,115,130,138,141
5,6,16,26,28,43,56,57,55,68,79,77,65,55,57,83,97,96,85,68,78,97,120,141
28,28,33,35,30,49,63,65,65,77,79,84,82,72,61,82,106,115,100,65,51,54,77,106
58,57,57,53,43,51,61,63,64,72,73,82,82,68,55,75,103,118,109,74,45,35,45,63
79,78,77,74,67,61,60,61,62,65,69,75,68,53,56,74,97,111,109,85,57,44,42,40
86,83,81,82,86,83,76,72,71,68,73,75,63,55,79,82,94,107,110,99,72,56,52,50
108,99,88,82,84,84,81,79,74,66,68,71,65,64,91,83,90,104,112,115,102,86,74,69
105,105,100,92,84,82,83,81,76,68,65,73,76,78,97,78,82,99,111,118,114,104,91,79
68,80,95,101,95,87,83,81,77,73,67,77,82,81,83,68,74,93,110,112,111,104,88,70
20,34,64,94,107,100,89,81,79,79,74,79,79,67,53,54,65,87,109,108,105,93,72,51
13,18,36,64,92,108,102,90,82,81,80,82,77,59,35,37,50,79,110,105,95,83,66,48
26,25,38,56,68,86,104,107,96,85,81,82,81,66,31,20,32,68,106,99,81,61,43,32
45,39,44,58,71,71,87,103,107,96,84,82,84,72,32,11,17,54,99,98,77,48,24,16
56,47,45,59,82,80,74,84,102,109,92,83,82,73,35,10,8,42,91,103,85,52,25,15
56,47,43,56,83,102,80,67,85,117,100,84,78,70,40,13,6,35,85,107,94,65,39,28
