121,128,146,143,97,33,10,23,56,81,58,61,84,104,100,112,121,105,61,21,34,79,103,87
122,126,142,148,119,51,21,27,57,90,63,62,94,126,119,115,118,103,63,25,26,58,80,74
116,116,123,131,125,83,64,52,55,82,63,61,96,138,132,113,105,90,59,34,27,40,54,58
87,89,91,98,110,112,114,87,55,60,55,56,90,133,130,101,84,69,49,41,35,35,40,47
39,44,54,67,88,124,138,108,61,45,42,47,81,125,124,87,64,52,42,40,39,38,40,45
10,12,19,33,63,120,136,112,73,49,35,36,69,117,136,105,74,56,50,48,46,46,47,48
5,4,5,12,36,92,127,124,89,48,29,31,56,101,144,134,97,66,56,55,54,53,55,59
16,10,7,9,21,56,101,115,86,36,22,27,46,84,143,152,119,81,64,60,60,59,60,64
33,25,20,21,27,37,72,92,76,30,19,27,40,69,132,155,135,101,76,65,65,66,67,68
50,42,38,44,55,52,65,88,92,52,32,37,42,56,111,148,145,121,94,73,70,76,81,83
56,46,41,54,78,74,68,99,129,99,69,68,61,54,89,135,144,132,116,92,78,81,93,100
69,55,53,71,92,82,63,78,111,113,104,111,99,71,75,122,136,134,132,115,88,82,91,98
90,80,77,86,96,92,66,54,68,96,110,123,117,90,68,108,126,134,141,128,92,78,82,86
103,102,97,93,99,113,87,50,42,81,110,116,113,98,66,90,113,132,143,123,83,66,69,73
82,85,85,91,113,140,116,71,54,97,149,146,120,93,64,71,95,126,141,103,58,44,53,61
66,62,65,79,104,123,105,77,72,107,167,165,128,88,61,57,76,108,125,95,47,29,38,49
66,57,56,67,83,97,99,92,86,90,118,122,101,69,46,45,64,93,114,100,51,25,28,40
71,59,51,51,53,63,85,100,97,76,66,71,69,56,45,45,61,89,112,100,53,24,20,28
63,53,39,29,26,31,58,90,102,80,57,58,63,65,76,71,71,88,107,83,50,29,19,17
30,26,19,16,22,31,45,69,88,80,77,83,83,88,126,126,92,74,81,59,60,56,41,25
15,16,21,34,57,68,57,54,57,54,74,98,95,85,125,139,95,59,61,55,63,68,66,62
46,44,43,53,75,86,74,61,52,48,91,121,105,72,88,104,76,48,48,47,50,54,62,71
74,66,60,60,64,70,76,79,76,74,118,139,116,74,66,79,66,49,43,34,30,32,43,58
68,57,55,55,44,42,62,87,103,108,134,143,125,93,78,97,82,56,41,27,17,21,34,46
