91,86,83,88,104,114,110,99,90,92,100,104,103,99,95,87,82,85,102,135,159,148,125,116
104,95,85,84,96,103,99,88,80,86,103,112,113,109,106,102,102,104,113,137,161,160,143,130
126,115,105,103,104,97,89,80,74,82,109,130,136,129,119,121,129,131,125,129,151,164,158,142
133,126,128,134,128,104,90,80,74,81,107,135,148,141,126,135,151,151,133,122,135,148,147,134
113,112,125,145,148,120,101,88,80,81,92,113,128,129,121,139,160,162,142,130,128,122,113,108
102,91,92,110,127,116,111,105,97,91,88,94,103,110,114,134,161,174,165,154,135,117,106,104
110,91,70,69,90,101,113,119,113,102,96,100,106,110,110,115,141,168,175,160,136,119,111,108
118,99,66,49,67,85,104,121,126,112,99,102,113,120,114,100,112,139,157,146,127,116,109,101
113,98,68,51,66,79,91,114,134,126,98,98,120,139,131,102,95,111,132,132,117,106,97,89
95,87,71,63,76,84,86,108,140,149,112,107,139,172,158,119,106,115,130,138,118,98,91,95
99,103,102,101,103,100,98,115,148,171,146,140,163,185,164,137,136,143,142,137,116,100,105,125
95,108,123,129,125,124,129,142,164,185,175,171,182,191,166,145,146,155,160,159,136,116,119,140
92,106,126,141,145,152,161,169,179,191,192,190,193,194,172,153,145,151,167,182,170,153,146,151
100,101,113,133,155,175,183,185,188,194,197,195,194,192,181,163,144,141,160,187,197,194,180,164
110,90,85,105,140,173,190,195,197,197,198,192,185,181,180,169,150,138,147,172,194,206,195,168
89,63,48,62,99,145,178,196,202,201,196,179,161,154,164,168,157,143,141,163,192,207,195,167
56,45,41,61,108,156,185,198,202,203,195,170,144,137,153,167,165,150,138,150,178,194,182,155
46,50,62,90,137,172,192,199,200,204,198,176,155,149,164,177,179,163,142,139,164,177,161,132
64,74,93,121,150,159,175,187,193,199,199,191,184,184,191,195,195,179,154,143,165,170,141,102
81,98,119,135,141,123,132,153,171,180,182,187,195,201,198,194,194,184,165,169,191,176,124,75
81,97,122,142,145,114,106,122,146,159,161,165,179,191,177,151,144,143,143,165,181,158,111,75
87,92,107,131,150,126,101,102,124,144,151,153,161,169,152,102,82,89,109,134,138,120,95,78
93,85,84,107,147,141,111,97,109,132,145,150,153,154,141,88,56,60,84,93,92,92,89,82
92,79,67,85,136,145,124,102,101,123,139,150,154,153,147,108,75,67,76,66,71,91,98,84
