85,98,130,167,193,205,210,207,199,193,195,198,200,185,135,58,14,1,10,44,100,120,108,91
89,96,113,137,163,183,193,195,194,190,187,187,187,177,141,65,17,1,7,33,87,117,112,96
107,101,99,106,118,136,148,157,163,166,150,146,143,131,103,49,14,2,5,21,71,108,114,101
142,122,104,94,90,96,104,114,127,137,118,102,92,81,65,45,22,6,5,16,62,100,112,101
183,160,130,109,99,92,91,97,113,135,127,93,69,70,86,95,57,16,6,20,65,100,109,98
206,197,176,153,137,124,114,112,126,155,160,116,77,85,139,158,97,28,8,23,70,102,108,99
210,210,205,195,184,172,164,159,162,174,175,132,85,77,119,127,82,31,10,23,63,97,108,102
209,211,215,216,212,204,199,197,194,187,178,137,84,53,73,77,61,34,14,17,48,87,108,105
208,207,209,213,216,213,211,211,209,197,180,140,82,38,45,56,58,46,24,13,35,79,111,111
206,198,190,191,204,211,213,212,211,206,189,150,95,51,52,63,70,63,44,18,30,77,116,120
206,192,163,148,168,196,210,214,213,211,203,175,125,76,60,67,74,73,59,28,25,63,105,119
206,193,155,124,132,155,176,196,210,211,211,197,157,103,68,68,71,72,66,36,20,39,78,107
205,191,152,119,120,121,126,152,185,197,206,210,185,132,80,67,63,61,57,43,31,30,53,86
201,181,141,117,128,117,91,98,131,151,173,197,195,155,93,69,57,47,43,55,60,45,42,62
192,164,122,104,130,140,97,66,63,71,99,148,174,153,99,74,58,44,43,76,91,70,48,50
180,145,103,93,124,147,109,60,31,30,56,104,129,115,84,80,68,52,52,83,80,61,55,68
161,121,84,83,116,144,118,71,37,36,62,92,94,76,71,93,84,64,61,78,61,49,62,86
132,89,60,69,106,136,125,92,63,58,73,79,67,54,72,104,95,73,67,73,56,47,62,87
95,55,34,53,95,128,131,112,88,71,64,58,52,57,89,108,93,73,70,75,66,54,57,73
56,32,20,39,82,119,128,117,99,81,64,67,74,88,116,107,79,63,70,80,72,61,59,67
21,14,10,25,66,110,121,117,111,104,92,93,107,127,142,103,71,60,63,62,59,61,66,70
29,24,14,17,49,99,115,115,116,123,116,107,116,136,129,89,70,67,64,54,53,60,65,65
82,67,36,16,35,86,112,112,110,127,127,104,100,112,95,74,74,79,72,56,56,61,61,54
142,116,61,19,27,76,112,111,100,120,129,95,77,83,70,67,79,87,78,60,58,64,60,45
