2,3,25,83,153,138,67,17,27,86,148,185,194,167,98,84,58,24,4,5,10,14,17,20
1,2,14,56,123,140,84,29,20,58,116,162,189,180,121,95,71,39,9,5,8,13,17,19
1,4,15,41,84,121,100,53,21,28,66,117,168,189,153,118,101,70,22,4,3,7,12,14
1,8,30,57,77,99,103,79,40,17,25,64,123,173,177,148,136,101,36,5,0,2,5,9
1,9,43,87,111,100,96,94,76,36,16,23,64,126,179,175,161,117,48,9,1,1,3,7
1,4,28,74,120,117,99,100,107,83,38,14,24,70,145,184,181,137,72,20,5,1,3,9
1,1,11,45,99,126,115,107,116,121,86,40,16,33,90,160,188,169,117,48,13,1,3,8
1,1,3,22,66,119,130,120,114,124,118,78,35,18,43,117,178,196,160,87,27,3,3,5
0,1,1,9,35,94,131,133,118,112,120,103,64,27,20,68,147,193,172,102,35,6,3,3
0,1,1,2,14,56,110,137,133,121,108,101,84,52,24,31,96,152,142,73,28,7,3,4
1,1,1,1,5,25,75,121,142,136,120,99,83,71,55,36,62,113,141,98,50,17,5,6
1,1,1,1,1,8,40,91,136,146,136,118,95,77,78,70,62,97,158,150,84,28,4,4
1,1,1,1,1,2,15,56,109,143,146,139,117,91,85,92,79,97,155,181,111,39,4,2
1,4,10,15,12,7,8,27,69,122,145,150,140,118,91,90,87,93,124,177,131,55,7,3
2,13,39,59,52,34,20,17,37,85,133,149,149,141,120,86,66,61,84,155,151,83,19,4
4,21,69,122,144,123,84,48,33,49,101,141,156,154,147,114,70,37,43,103,155,122,49,8
3,14,52,111,169,184,161,122,82,50,64,112,149,159,156,143,103,53,24,47,108,112,63,14
2,4,19,59,122,176,193,181,142,83,52,85,131,155,155,158,141,93,35,18,56,86,69,24
1,1,4,16,50,110,160,187,176,126,75,82,116,144,153,159,162,132,68,23,41,76,74,34
0,1,2,5,15,44,101,156,178,155,114,109,119,131,150,157,163,150,106,48,62,89,77,29
1,1,1,2,4,14,49,108,159,163,125,117,121,126,138,156,162,157,133,82,73,74,53,15
1,0,0,1,2,3,17,60,118,154,132,120,123,127,125,148,161,162,151,120,81,50,26,9
0,0,0,0,2,2,5,24,68,127,141,128,123,128,118,134,156,167,161,146,88,37,14,16
0,1,0,0,2,2,3,7,33,95,149,139,123,126,120,121,148,169,166,154,94,37,16,29
