97,82,65,47,23,8,11,39,85,130,148,126,74,22,4,1,2,2,2,4,14,63,114,130
84,77,69,53,26,11,19,51,96,134,149,128,77,23,4,1,1,1,2,4,10,53,110,142
56,54,55,50,34,24,35,67,105,133,143,119,69,20,6,9,10,7,5,7,11,45,95,129
39,41,45,45,39,38,54,82,113,135,136,104,54,14,11,30,38,31,20,20,23,48,82,103
52,60,64,55,38,45,66,95,125,144,136,96,43,8,17,57,81,72,47,41,45,62,82,92
59,71,86,82,52,43,64,98,128,144,135,90,37,6,16,60,97,95,63,55,56,64,77,89
75,70,85,103,98,71,74,97,123,130,121,79,31,5,11,49,91,95,65,56,56,63,76,90
116,104,97,103,117,106,95,102,120,129,122,81,34,7,9,40,85,94,63,51,51,60,79,100
149,147,122,97,99,112,105,106,123,137,130,91,45,14,8,34,80,90,58,42,39,48,71,97
129,139,133,105,75,75,85,103,123,136,120,92,55,21,8,26,63,72,44,28,23,24,41,66
102,111,114,98,69,73,85,100,113,118,96,83,58,23,6,14,33,38,23,14,8,9,30,63
79,78,81,81,74,84,85,86,98,114,92,85,65,28,7,6,12,15,12,10,6,9,39,83
66,62,65,70,68,70,66,67,83,106,87,88,77,43,12,3,4,8,13,17,17,22,55,102
74,71,69,64,53,50,57,64,72,83,70,87,95,69,26,8,7,14,21,29,32,38,65,105
114,93,67,50,55,87,108,94,63,50,55,89,114,101,51,20,15,22,29,36,40,43,61,90
132,101,71,62,75,103,99,67,34,28,47,90,123,120,81,39,23,25,30,32,30,29,44,71
142,119,83,60,65,84,67,39,24,29,53,95,125,125,98,53,28,22,25,23,20,20,37,61
134,129,93,55,49,63,51,34,29,37,61,99,126,125,101,57,28,19,20,18,16,22,44,70
106,114,91,57,51,65,61,48,36,34,56,97,128,129,100,55,28,21,23,20,18,29,59,94
69,70,65,62,71,82,72,51,30,20,39,85,126,138,112,62,31,24,28,21,18,29,66,111
47,36,33,50,81,91,74,46,23,17,27,53,90,122,122,76,39,27,29,19,14,24,52,82
38,25,28,53,87,96,75,43,23,24,28,33,50,79,102,87,55,32,25,15,11,19,33,44
34,28,42,74,101,98,76,53,42,45,51,49,42,42,61,72,55,32,20,10,8,12,16,17
31,30,56,99,123,96,75,69,71,70,80,86,67,36,27,41,37,25,15,5,5,6,7,7
