3,5,15,29,44,61,66,68,72,74,71,70,70,69,66,64,64,64,65,69,71,70,64,57
7,14,28,44,55,65,67,68,68,67,63,63,64,65,67,67,67,67,67,70,72,71,66,62
28,36,51,62,67,70,69,65,61,58,57,58,60,62,66,69,71,71,71,73,73,71,69,67
57,62,69,73,73,72,68,63,59,58,59,61,63,64,66,67,68,69,71,73,73,73,72,71
77,77,76,74,72,69,67,66,67,69,71,71,71,70,68,63,59,60,64,68,73,76,76,74
81,78,74,69,65,63,63,65,68,70,74,78,78,74,70,63,57,56,58,64,73,79,80,79
77,75,72,68,66,66,64,64,65,69,74,79,80,78,74,67,62,59,60,64,70,73,77,81
71,71,70,70,70,71,69,68,68,70,73,74,75,77,78,73,69,66,65,65,66,67,69,73
67,68,69,71,73,74,73,73,74,74,72,69,70,74,77,76,75,72,69,68,67,66,64,64
64,65,65,67,70,72,72,73,75,77,75,72,69,68,69,72,74,75,73,72,72,72,69,65
61,61,63,65,68,69,68,69,72,75,74,71,67,64,63,64,67,72,75,74,73,73,72,70
59,59,60,61,63,64,63,64,69,72,72,71,69,67,66,65,64,65,67,72,74,76,75,74
59,59,59,60,61,62,61,62,67,71,71,71,71,71,71,69,66,61,59,65,73,78,77,75
62,62,61,61,63,64,63,63,67,71,71,72,72,72,73,73,71,66,59,59,70,78,79,76
63,62,62,63,66,67,67,66,67,68,71,74,75,74,76,78,79,77,71,62,65,74,79,79
63,63,63,63,65,68,70,69,68,66,67,73,77,78,81,84,86,86,82,73,66,70,79,84
60,61,60,59,60,69,75,75,72,68,65,69,75,81,84,85,86,89,90,84,74,70,75,83
62,63,61,56,54,66,76,79,77,74,68,65,69,77,81,78,77,80,84,81,74,67,65,70
65,66,63,56,48,56,67,73,74,73,69,63,61,65,68,64,62,63,65,61,60,57,54,51
51,52,54,52,45,42,46,50,52,52,53,54,52,48,46,47,49,48,43,40,42,48,50,47
27,29,34,40,43,41,39,38,40,45,49,50,51,50,47,48,51,52,50,49,53,55,54,54
23,27,33,38,40,42,44,46,49,53,49,46,50,57,56,57,61,64,63,62,62,55,52,57
32,38,45,45,40,47,56,63,65,62,48,43,53,67,68,69,72,75,73,70,62,48,46,57
36,45,53,52,44,54,66,74,73,62,44,44,59,75,80,79,80,81,80,72,58,43,44,59
