33,25,14,7,4,4,7,13,22,30,38,42,43,40,33,26,22,20,19,18,15,11,8,7
20,15,9,5,5,7,12,19,27,35,42,45,44,40,33,26,22,20,19,19,17,12,8,7
7,6,5,6,9,13,19,27,34,41,45,46,44,39,32,27,24,21,19,19,17,13,9,8
3,4,8,12,16,20,26,32,38,42,45,44,40,35,30,28,25,22,19,18,15,12,9,8
9,11,16,21,24,26,30,34,38,41,44,42,36,30,27,28,26,23,21,17,13,10,7,6
17,19,22,26,29,32,37,40,43,44,46,43,37,29,26,28,27,25,23,19,13,8,5,3
24,25,28,31,34,38,43,46,47,47,47,44,37,30,28,29,29,28,26,21,14,8,3,2
32,33,35,37,40,44,47,49,49,49,48,43,36,30,30,30,30,30,28,23,15,8,3,1
41,42,43,45,47,49,51,51,51,50,48,42,34,29,31,30,30,31,30,26,18,10,4,1
48,49,50,52,54,55,54,54,52,51,47,39,32,29,29,27,28,29,30,27,21,12,5,1
52,54,55,56,57,57,56,55,52,49,43,36,31,29,27,25,27,29,30,27,22,15,7,2
53,54,55,54,54,54,54,53,49,45,39,34,32,30,26,26,30,33,31,28,23,17,9,4
51,52,52,51,51,52,52,51,47,42,36,33,33,31,27,29,34,37,34,29,24,17,11,6
48,49,50,50,51,52,53,51,46,41,35,34,33,31,29,32,38,41,38,30,23,17,12,8
49,50,52,54,55,56,55,54,50,44,36,34,34,33,31,35,40,42,39,32,24,17,12,9
54,54,56,57,57,57,57,56,52,45,37,36,36,35,35,38,41,42,39,32,24,17,11,9
56,56,56,57,57,57,57,56,52,44,38,38,38,37,39,41,42,42,39,34,27,19,12,8
56,56,56,56,57,56,57,55,50,42,38,38,39,39,43,44,44,43,41,37,30,22,14,9
55,55,54,54,55,55,54,53,49,41,37,37,38,40,43,44,44,44,44,41,35,27,18,11
52,51,50,51,52,51,51,49,46,39,37,34,34,38,42,42,41,42,44,44,40,33,23,13
44,44,44,45,46,44,44,44,43,41,36,33,36,42,45,42,38,39,43,46,45,39,29,19
42,44,46,48,47,44,43,43,44,43,37,36,41,49,51,46,40,37,39,43,44,42,35,27
49,51,55,57,55,53,49,46,45,44,38,40,47,54,55,51,45,38,36,37,40,42,40,35
57,59,62,64,65,63,58,51,46,42,38,42,49,54,56,54,49,43,36,34,35,40,42,39
