17,18,19,21,21,19,19,22,25,27,30,33,33,30,23,15,10,9,10,14,18,21,23,24
14,15,17,19,19,17,18,21,24,26,29,34,37,35,28,18,12,8,7,10,14,17,20,22
11,11,13,15,15,14,17,20,23,23,27,34,39,41,36,26,17,11,6,6,8,10,14,16
6,7,8,10,11,12,16,19,20,21,25,32,39,43,42,35,26,17,10,5,4,4,6,9
4,4,5,6,8,12,16,19,19,19,24,30,37,41,43,41,35,27,18,11,5,3,3,3
7,7,7,7,8,14,18,19,17,18,22,27,33,39,42,43,40,34,27,19,12,6,3,2
21,21,18,15,15,18,20,20,18,19,21,24,28,34,37,39,39,37,33,28,21,14,8,4
38,36,32,27,24,23,22,20,20,21,22,22,25,28,31,33,35,36,35,32,27,21,14,8
46,44,39,32,28,25,21,20,22,24,24,23,22,24,26,28,29,32,34,33,31,27,21,13
41,38,33,28,26,23,19,18,21,25,26,24,22,21,21,22,24,27,31,33,34,32,27,21
34,31,26,22,23,21,17,16,18,20,22,23,22,21,19,17,19,22,27,30,32,33,29,24
29,26,22,19,21,20,17,16,16,16,16,18,19,19,18,16,16,19,23,27,29,30,28,23
25,23,19,18,20,20,20,20,19,16,12,12,13,14,15,15,15,16,20,22,25,26,24,20
19,18,17,17,19,21,23,26,25,20,14,11,9,9,10,12,13,14,16,18,20,20,19,16
14,13,15,16,17,19,25,31,33,28,22,16,11,8,8,9,9,10,12,14,16,16,16,14
13,13,15,17,16,17,22,28,33,33,31,26,19,13,9,7,6,6,7,9,11,13,15,17
15,15,16,17,15,13,16,22,27,32,34,33,28,21,16,12,8,6,6,6,8,10,14,19
15,16,18,18,14,10,11,15,21,26,31,34,33,30,25,20,15,11,8,6,6,8,13,18
13,16,20,21,16,10,8,10,14,19,23,28,32,33,32,30,26,20,15,10,8,8,10,14
12,16,22,25,23,15,9,7,8,11,15,20,25,28,31,34,34,30,24,17,11,8,8,10
12,15,21,27,29,25,17,10,5,6,8,12,16,21,25,30,32,32,29,24,17,11,10,12
13,14,18,26,34,35,29,18,9,4,4,6,9,13,18,23,25,27,28,26,20,15,16,24
13,13,16,25,37,44,41,31,18,8,3,2,4,7,11,15,18,21,23,22,22,22,29,42
12,12,15,24,38,48,48,40,28,15,5,1,2,4,7,10,13,16,17,19,24,31,42,54
