63,61,59,58,59,63,70,74,73,71,73,74,75,77,74,74,73,68,59,55,54,52,53,56
61,60,59,59,59,61,65,68,69,69,73,78,81,82,78,74,71,66,60,56,55,54,55,58
64,63,63,64,63,62,62,62,63,67,74,79,83,84,80,75,72,68,63,59,58,58,59,60
69,69,70,70,70,67,65,63,63,68,73,75,77,79,79,79,78,75,69,65,64,63,63,63
72,73,74,75,74,74,73,71,70,72,71,68,68,71,75,81,84,82,74,72,71,68,66,66
70,72,73,74,74,74,74,74,74,74,73,70,67,67,70,76,80,79,76,77,75,70,67,67
67,69,71,72,73,72,73,75,78,79,78,74,71,69,69,70,72,74,76,78,77,74,71,71
66,68,70,71,72,70,72,74,77,79,78,75,71,69,67,64,63,66,71,74,76,76,77,77
65,66,68,69,69,68,69,71,73,75,75,72,70,68,64,61,59,60,63,66,70,75,78,79
63,64,65,65,64,62,64,67,69,71,72,71,71,69,66,65,64,63,62,61,63,68,73,76
59,59,60,61,60,58,61,66,70,72,71,71,72,73,70,71,71,70,68,63,60,58,62,70
58,59,60,62,61,58,60,65,71,72,71,70,71,72,71,72,73,73,71,67,61,54,52,57
61,62,64,65,64,61,61,65,70,72,72,71,71,70,70,71,72,72,72,70,67,60,53,49
64,65,66,67,67,65,64,65,68,70,72,73,73,72,71,72,73,74,75,75,74,71,63,54
64,65,66,68,68,67,66,65,66,66,68,73,77,77,76,77,79,81,83,83,83,81,75,66
65,66,66,67,69,70,69,68,67,65,63,69,76,79,79,79,80,84,89,89,87,87,83,76
62,61,62,66,73,75,74,72,69,65,60,63,71,77,80,81,82,85,88,89,89,90,89,87
55,53,56,66,78,81,79,76,73,69,64,61,64,71,79,83,86,85,83,84,88,92,93,93
49,46,50,63,78,82,82,80,79,78,73,65,61,64,74,82,86,84,77,74,82,88,89,87
52,45,44,53,70,77,81,82,82,82,80,71,62,59,65,73,77,74,66,61,65,71,71,64
60,52,42,41,52,60,64,66,66,65,65,62,57,54,50,50,50,49,47,48,47,46,42,38
52,49,42,36,35,39,41,42,43,43,46,48,53,56,47,41,39,40,42,49,46,41,37,35
39,42,45,42,32,31,31,31,32,36,43,44,49,55,51,46,44,44,47,54,52,50,48,45
35,41,49,51,42,40,39,38,39,47,57,53,46,46,52,54,50,48,51,54,53,56,56,51
