32,32,34,37,41,43,43,43,43,43,44,45,46,46,43,38,35,31,25,18,11,6,3,2
29,30,33,37,40,41,41,40,41,42,44,45,46,46,44,41,37,33,26,19,12,6,3,2
28,30,34,38,41,41,39,38,38,39,41,44,46,47,47,44,41,37,30,22,14,8,4,2
29,32,38,43,45,43,41,39,36,35,37,41,45,48,49,47,45,41,35,26,18,12,6,4
33,37,43,49,51,50,47,42,37,34,34,38,43,47,48,47,46,43,39,31,24,16,9,5
40,44,49,53,56,54,52,47,40,35,33,34,38,42,45,45,45,44,42,37,30,21,12,8
46,48,52,55,57,56,54,51,45,39,35,33,34,36,39,41,43,44,45,43,36,26,17,11
49,51,53,55,56,56,55,53,49,44,39,35,32,32,34,36,39,43,46,45,39,30,21,15
50,52,53,55,56,55,55,54,52,48,45,40,34,31,31,31,35,40,44,44,40,34,25,18
51,52,54,55,57,55,55,55,54,53,51,46,40,35,31,29,30,36,43,45,43,37,30,23
50,52,53,55,56,55,54,54,55,55,54,51,46,41,34,28,27,32,40,46,44,39,34,30
50,51,53,55,55,54,54,55,54,55,55,54,51,46,39,31,27,29,36,42,42,40,38,36
50,51,52,53,54,54,55,54,53,53,55,56,54,50,43,35,30,28,32,36,40,41,40,40
51,51,51,51,53,54,55,54,53,52,53,55,55,52,47,39,33,30,30,33,38,42,43,43
52,50,50,50,52,54,54,53,52,52,53,54,54,53,50,43,37,32,30,32,38,44,46,45
47,47,48,49,51,53,54,54,54,54,55,54,54,54,51,46,40,35,31,31,35,41,45,46
42,44,46,49,51,52,53,53,54,55,58,57,56,55,53,50,45,38,32,31,33,38,43,44
41,43,46,49,51,52,52,53,54,57,59,59,58,56,55,54,50,43,35,30,31,35,39,41
42,43,45,47,50,52,53,54,56,58,58,58,57,57,57,56,54,48,40,32,30,33,37,39
44,43,43,44,47,50,53,54,55,56,56,56,55,56,57,56,54,50,43,35,31,32,36,38
46,44,42,42,44,48,51,53,53,55,57,56,55,56,55,54,55,52,46,38,33,32,35,37
50,48,45,43,44,46,49,51,52,55,56,55,55,56,56,55,55,55,50,41,35,33,35,37
55,52,49,46,44,44,45,47,50,52,54,54,55,57,57,56,57,56,52,43,36,34,35,38
59,56,53,48,44,41,42,43,46,49,52,54,56,58,57,58,58,56,52,45,37,33,35,38
