132,128,125,125,127,127,130,131,130,132,134,135,135,135,133,131,128,127,126,124,124,128,133,135
125,123,122,122,123,123,126,129,131,132,133,134,134,132,128,125,123,122,122,120,121,124,127,129
115,115,115,116,116,116,120,126,131,131,131,132,130,126,119,113,111,115,118,115,114,114,115,117
108,108,109,109,110,111,114,121,127,129,130,128,125,120,111,102,100,107,115,113,110,106,106,110
107,106,105,106,108,108,111,115,121,129,130,126,120,114,108,99,96,102,112,114,111,108,108,112
109,107,105,104,107,109,113,118,125,132,131,127,120,113,109,102,101,107,114,116,119,117,116,119
113,113,110,108,111,116,119,123,127,130,130,126,120,114,110,103,105,111,116,120,128,127,122,122
120,120,118,115,117,122,124,125,127,129,129,125,119,114,112,109,112,116,118,124,133,134,129,125
126,126,124,122,123,127,128,127,127,131,130,126,120,115,116,120,123,124,124,130,136,139,135,131
127,127,126,126,129,130,131,132,132,135,133,129,125,123,125,132,133,133,134,139,140,139,137,133
125,125,124,123,128,130,134,137,138,139,134,132,131,131,134,137,136,136,138,139,138,136,136,135
124,124,122,120,123,130,134,137,139,141,134,132,133,133,132,133,134,135,138,137,136,136,138,138
122,123,122,122,124,131,134,137,139,141,136,134,134,132,129,130,132,135,138,136,136,139,141,141
117,121,124,127,130,135,137,138,139,139,137,137,135,131,129,129,131,135,138,137,138,141,142,141
115,121,127,131,135,138,142,141,137,132,132,134,132,127,126,128,130,133,137,138,139,140,141,141
118,123,129,134,139,141,143,140,132,123,120,122,122,121,124,126,129,134,139,139,134,134,139,143
119,125,131,135,137,139,139,134,125,117,114,115,117,117,119,124,129,134,136,135,128,128,134,140
114,123,132,136,135,134,134,128,120,116,113,113,115,117,117,125,130,132,132,132,128,129,134,137
107,119,132,137,134,132,131,126,120,116,114,113,115,118,118,123,128,131,132,133,135,137,139,138
106,119,132,137,135,132,129,125,118,112,111,114,117,117,110,108,120,133,137,134,137,140,142,141
103,117,131,136,134,133,127,118,110,105,107,112,116,112,95,89,107,128,134,133,138,140,140,141
101,116,133,138,133,129,123,115,108,104,106,114,120,112,88,81,103,126,131,132,138,138,136,136
100,116,133,139,133,126,119,115,111,109,112,120,126,118,94,82,105,128,134,135,135,131,126,124
100,115,131,137,134,125,119,117,116,115,120,127,130,124,106,86,105,131,139,140,130,120,114,111
