56,57,60,63,62,60,59,58,58,59,60,62,65,65,58,52,53,58,61,63,64,65,65,65
53,55,58,61,61,60,58,56,56,59,60,59,61,62,58,53,53,55,57,60,62,63,63,65
49,52,55,57,59,58,56,55,56,59,61,58,57,59,58,55,55,57,59,61,61,60,62,66
45,47,48,50,53,56,57,57,58,60,63,60,59,60,59,57,59,62,65,64,61,60,63,68
37,36,36,39,46,55,59,60,60,59,63,64,64,63,62,59,60,62,64,63,60,60,63,68
28,24,22,28,42,51,50,52,57,56,60,62,63,62,58,50,44,43,44,45,48,48,50,53
19,17,21,31,43,43,40,42,48,52,53,55,61,66,62,49,42,37,31,24,25,25,25,25
12,13,22,35,43,37,35,39,49,59,57,59,68,76,67,53,46,39,27,17,13,12,10,8
11,14,24,37,42,37,40,49,60,70,67,66,73,79,68,56,48,39,28,27,21,16,12,9
22,26,33,41,45,44,56,67,72,72,63,60,63,65,60,51,41,33,30,40,40,34,26,20
52,50,46,46,53,52,59,66,68,64,56,53,53,51,46,42,41,38,35,44,50,48,42,38
54,50,49,52,54,54,58,61,61,62,59,57,56,52,40,33,37,42,44,48,50,51,56,62
43,42,52,63,63,57,60,63,65,68,67,65,66,62,46,34,38,45,47,48,52,56,60,67
37,39,52,69,75,67,69,73,74,71,68,67,67,65,52,41,42,45,44,46,61,62,55,53
43,41,41,50,66,78,86,82,69,57,58,57,53,46,41,39,38,39,42,54,65,57,47,48
40,43,48,54,64,79,85,78,64,58,61,53,41,34,33,30,34,42,51,60,62,59,59,66
57,58,59,61,69,78,82,76,67,64,67,58,47,39,31,33,52,67,66,56,54,59,67,72
74,68,61,61,70,74,76,75,72,68,67,63,58,51,41,55,80,88,70,52,55,64,70,71
72,63,55,56,64,67,70,73,75,71,66,63,62,61,60,80,93,82,57,55,68,74,71,69
57,59,63,66,65,66,69,72,78,82,74,65,60,61,69,73,64,50,45,63,85,80,64,58
38,48,63,71,70,71,70,70,75,84,77,69,62,58,62,59,47,38,40,55,76,77,66,59
35,45,58,66,68,73,70,68,70,76,74,75,70,61,58,50,44,42,48,57,72,74,65,58
47,48,51,55,61,68,67,66,67,70,75,87,88,75,59,49,53,60,63,62,66,64,58,51
58,51,46,48,57,61,63,66,69,72,81,100,106,89,62,50,65,78,73,60,53,50,48,44
