84,89,89,87,87,78,84,100,112,111,112,128,136,128,116,110,89,75,82,104,108,107,106,106
84,84,82,82,87,81,89,102,110,105,107,121,125,116,108,102,87,81,94,112,110,102,94,86
78,76,74,77,85,90,98,104,102,94,95,104,109,104,96,91,87,90,101,112,103,91,78,68
75,71,73,78,86,102,107,105,99,91,85,88,97,100,91,86,87,91,95,95,86,76,68,61
80,74,76,86,97,116,114,107,104,100,87,82,91,100,95,89,85,82,79,72,68,66,63,60
86,77,75,88,115,139,135,116,101,98,89,86,85,84,80,82,82,85,88,82,72,66,60,53
114,96,78,85,121,139,129,107,93,92,89,95,92,77,71,78,81,81,82,83,79,70,60,52
136,118,97,96,116,118,104,93,89,90,95,114,113,88,71,77,82,81,75,72,77,75,66,62
134,129,122,115,109,98,91,89,90,91,100,123,124,97,74,75,82,83,74,64,77,85,88,90
114,122,127,121,104,107,112,105,92,90,96,106,104,87,69,70,77,80,76,76,92,106,117,125
106,115,121,116,103,106,117,111,93,86,91,95,91,78,66,71,79,83,86,91,94,95,94,95
114,114,110,103,94,91,100,99,90,88,97,99,93,83,79,86,92,95,94,96,97,88,76,70
112,105,97,90,87,82,86,86,86,96,108,106,96,87,87,92,96,95,91,93,98,89,73,65
95,90,84,83,88,89,87,84,86,102,115,109,96,87,84,84,85,82,79,84,94,92,81,75
83,80,78,82,91,98,96,92,91,98,107,109,105,94,82,80,79,74,68,71,87,95,92,86
78,80,81,84,96,101,99,96,94,94,104,117,127,123,95,83,82,80,72,68,79,95,104,102
81,87,84,80,86,91,91,93,92,86,92,106,120,120,96,88,91,90,81,72,77,87,95,94
86,91,86,76,76,80,86,94,96,84,81,88,98,101,90,89,92,90,82,78,87,94,92,86
87,90,87,80,75,79,87,99,102,89,80,81,88,93,88,87,86,82,77,82,100,109,104,92
82,87,94,93,83,78,80,88,93,89,86,89,97,100,96,95,94,90,85,83,91,96,96,93
94,98,104,101,86,76,75,80,85,82,82,88,92,90,84,82,81,84,87,83,80,78,80,84
104,106,106,100,89,78,74,77,78,72,75,84,86,77,71,71,71,75,82,79,75,73,76,80
110,108,103,98,97,88,82,84,84,74,77,83,80,69,65,66,68,73,78,75,73,77,84,88
113,108,100,99,106,99,95,99,100,89,90,85,76,67,64,66,71,77,78,74,73,80,94,104
