28,31,35,37,37,44,51,56,58,61,66,77,74,55,43,39,40,40,36,33,35,38,51,69
33,36,37,36,39,52,58,56,54,59,65,69,61,46,41,39,38,38,36,33,33,40,64,96
41,42,40,38,44,60,64,58,51,56,61,58,46,36,36,33,34,36,37,36,34,43,70,102
46,45,40,39,47,59,61,55,50,55,59,51,39,31,31,30,34,41,45,44,41,48,67,86
45,42,37,36,43,50,50,49,50,56,59,51,39,32,32,39,44,51,55,53,48,53,63,72
45,42,36,34,39,45,51,53,53,52,50,47,40,35,41,53,55,52,50,46,44,50,61,68
47,46,43,42,45,54,68,71,61,50,46,44,42,41,47,57,54,46,40,35,38,46,50,47
51,49,48,48,50,58,72,71,55,43,43,44,45,46,48,51,49,43,38,31,35,41,41,35
52,50,47,45,47,52,58,53,41,36,45,47,44,43,44,45,45,46,44,32,33,37,38,34
48,47,42,39,40,41,43,40,35,38,56,53,40,33,40,47,47,47,48,35,32,35,37,35
42,42,37,31,34,37,39,37,37,49,68,55,36,31,39,49,45,40,40,34,32,42,52,53
40,38,31,26,31,34,37,37,40,54,69,53,36,33,41,49,45,38,35,32,35,49,62,64
37,35,30,27,32,33,45,48,47,54,63,48,35,39,52,55,47,39,36,35,42,55,61,58
36,36,35,35,38,35,56,63,53,52,54,43,36,46,63,59,48,42,42,42,52,58,53,44
43,43,44,44,42,37,56,62,52,48,45,41,42,50,57,47,41,42,46,48,58,58,47,35
50,49,48,48,49,46,52,50,44,43,42,48,51,47,43,37,40,49,59,65,61,51,38,26
53,53,56,62,68,65,56,47,41,42,46,55,52,41,40,39,47,62,74,70,59,47,35,25
58,61,70,79,78,70,56,45,41,44,52,55,48,41,47,47,57,69,71,57,53,48,41,37
74,80,87,83,67,58,50,45,45,48,56,51,46,49,56,55,64,65,50,36,46,54,55,56
100,103,89,67,55,58,58,58,57,52,53,49,49,54,59,61,65,54,30,30,47,63,68,65
106,100,80,59,52,51,52,54,53,46,46,44,45,52,60,61,51,35,24,36,49,52,46,38
82,73,61,52,48,42,42,46,47,42,46,46,47,53,61,52,35,24,28,42,47,38,26,21
50,44,43,45,46,40,39,42,44,42,48,51,52,55,58,42,27,29,42,48,48,34,22,20
34,32,34,40,48,47,43,41,42,42,46,51,55,57,54,37,32,42,57,56,53,41,29,26
