6,10,19,27,27,14,9,7,11,22,31,21,15,23,29,30,31,28,20,19,36,43,36,22
4,7,16,24,23,12,7,6,10,21,26,15,10,19,29,33,32,28,23,22,33,38,31,20
3,5,11,17,14,8,6,6,12,23,23,13,10,19,28,33,35,32,27,26,34,36,30,21
4,5,9,12,9,5,5,9,20,32,29,22,21,25,29,31,36,35,29,28,35,38,34,29
6,7,11,14,10,6,6,16,32,44,40,38,37,33,31,29,32,33,28,24,31,37,40,39
11,10,14,16,12,10,13,25,38,42,42,39,34,29,31,26,26,27,24,15,16,25,36,42
12,13,16,18,15,14,21,27,28,28,35,34,30,30,38,30,29,31,27,12,8,15,26,32
10,13,19,22,20,21,27,26,19,17,29,30,27,30,41,37,41,46,45,31,26,25,27,27
7,11,20,27,27,31,34,28,18,18,31,32,27,26,36,40,53,64,65,60,60,55,46,38
8,12,19,28,34,42,42,36,30,33,42,40,32,25,27,35,56,68,65,69,77,82,75,62
18,21,24,28,35,43,47,47,48,54,58,51,38,26,24,32,48,52,41,36,37,43,53,59
24,26,28,31,38,47,55,59,60,60,53,44,34,23,19,26,37,38,30,24,17,17,27,41
25,28,33,40,47,55,61,63,58,48,43,48,49,38,21,21,27,30,27,22,15,14,20,28
28,33,45,55,58,59,60,60,53,36,41,64,77,63,29,17,19,25,28,26,27,33,37,35
36,48,64,69,60,55,52,62,68,48,46,67,78,62,32,15,13,22,34,47,58,67,67,60
51,60,67,64,52,53,49,63,79,67,50,58,60,44,25,18,25,45,66,71,67,63,59,57
64,64,65,59,49,56,62,76,90,86,57,49,40,25,20,26,42,61,71,63,56,54,54,53
76,69,64,61,57,65,75,84,88,87,61,43,27,15,15,28,46,55,51,44,49,58,59,53
80,70,62,62,68,72,73,70,67,67,54,39,26,15,11,21,32,35,34,41,56,67,63,48
61,50,41,43,57,60,49,37,34,39,37,33,27,18,8,9,19,32,44,53,59,58,46,29
43,34,30,38,53,46,28,18,19,23,24,26,25,17,11,13,26,46,60,53,40,35,31,21
29,23,22,31,43,31,19,21,29,30,31,37,39,36,33,32,40,50,51,33,20,20,24,22
24,19,20,26,32,22,25,41,55,52,51,51,52,51,49,46,46,43,31,14,10,18,28,31
25,21,23,26,27,24,39,62,76,72,64,56,50,46,43,45,42,32,21,11,11,23,37,43
