231,232,232,232,232,232,231,230,231,233,234,234,234,234,232,233,234,234,233,233,234,234,234,234
225,227,228,227,226,226,226,227,229,231,233,234,234,234,233,232,233,233,234,233,233,233,233,233
208,209,210,210,210,212,215,218,222,225,229,231,233,233,233,232,232,233,234,233,232,232,232,232
190,190,188,188,192,196,202,208,215,220,225,228,230,231,232,232,233,233,233,233,232,232,232,232
182,181,177,177,183,186,192,201,212,220,225,227,229,231,233,233,233,233,232,232,232,232,233,234
184,186,187,190,195,197,199,203,211,220,226,228,229,231,233,233,233,233,232,233,233,233,233,234
182,186,193,202,210,213,213,211,212,218,226,229,230,231,233,233,233,233,232,233,233,233,233,234
180,182,190,200,207,211,215,215,215,218,226,230,231,231,232,233,233,232,232,232,233,233,233,233
187,188,194,199,201,202,209,216,219,222,227,230,231,231,231,232,232,232,231,232,232,233,233,232
211,213,217,218,215,212,216,221,224,225,228,229,230,231,231,231,232,232,232,233,233,233,233,232
219,218,219,220,222,222,225,227,227,228,229,229,229,230,231,231,232,232,232,233,233,233,233,233
207,203,200,205,217,223,227,229,230,230,230,230,230,230,231,231,232,232,232,233,233,233,232,232
190,185,183,192,212,223,227,230,231,230,230,230,230,230,231,232,233,232,232,233,233,232,232,232
180,178,180,191,208,217,221,224,226,228,229,228,228,230,231,232,233,233,232,233,233,232,231,232
183,186,191,197,200,199,200,204,210,216,220,221,223,226,229,230,231,232,232,233,233,232,231,232
183,189,199,205,202,197,197,199,200,200,200,201,205,212,221,226,229,230,231,232,233,232,232,231
190,190,194,196,194,197,205,211,211,206,199,197,201,210,219,224,228,229,230,231,232,232,231,230
203,199,195,192,190,194,203,214,221,221,213,209,212,218,223,226,229,230,230,230,231,232,231,230
217,214,209,205,201,192,189,199,216,228,227,226,227,228,228,230,231,232,231,230,231,232,232,231
221,221,220,219,213,202,193,196,210,225,229,229,229,229,229,231,233,232,231,231,231,232,232,231
219,222,224,224,218,207,194,192,204,221,228,230,230,230,230,231,232,232,231,231,231,231,231,231
217,220,223,224,222,213,196,189,198,217,227,229,230,230,230,230,231,231,231,231,231,231,231,231
219,221,223,224,225,220,205,195,200,217,227,228,228,230,230,230,231,231,231,231,231,231,231,231
226,227,226,225,225,224,216,209,211,221,227,228,228,229,230,231,232,232,231,231,230,230,230,230
