54,54,49,45,49,62,60,52,47,47,45,47,52,52,37,33,31,32,37,40,29,21,20,20
53,54,50,45,48,56,52,46,47,53,51,54,57,51,33,31,29,34,42,40,25,24,33,39
51,55,51,46,47,51,47,44,50,61,55,55,56,49,34,34,33,36,40,33,26,35,53,62
48,51,50,46,46,46,43,44,53,65,52,52,56,52,42,42,40,37,34,29,36,49,61,67
41,42,44,46,46,44,39,41,52,62,49,55,64,62,54,50,46,38,33,41,53,55,52,53
38,39,44,51,53,53,47,44,50,58,60,72,76,66,57,54,54,51,48,59,65,61,57,61
36,38,49,62,68,64,58,55,57,59,67,75,76,69,60,54,53,53,54,59,61,58,56,60
37,44,57,69,73,66,62,64,66,64,67,67,69,71,64,55,52,53,56,56,52,46,43,44
47,57,66,70,70,61,60,66,70,67,63,59,63,69,67,59,56,58,60,59,49,40,35,33
60,71,72,68,67,62,60,61,63,63,62,60,62,66,68,64,61,61,62,58,52,50,49,46
52,63,68,66,64,62,61,59,60,63,64,61,60,65,72,65,51,43,43,40,34,39,45,47
50,60,68,69,63,61,59,58,59,64,67,64,62,63,68,64,53,45,46,42,37,38,44,49
60,68,74,72,63,59,58,58,60,64,67,65,62,62,63,60,55,53,53,49,44,43,50,58
73,78,79,72,61,57,57,59,61,61,61,60,60,60,59,55,52,52,54,49,45,48,56,65
72,73,72,65,52,49,53,58,60,56,54,53,55,58,55,49,46,47,49,48,46,47,51,53
62,62,64,62,54,51,52,58,62,55,47,45,51,59,57,48,44,48,57,58,50,43,42,44
57,58,61,61,56,52,51,56,62,56,48,48,55,64,65,59,56,60,68,66,50,38,36,40
59,60,61,60,56,52,50,54,59,55,53,56,61,64,68,68,65,65,66,62,49,43,43,45
63,63,58,54,54,50,48,50,53,51,54,59,60,58,59,64,62,57,52,51,52,58,62,57
66,63,53,47,50,48,43,42,43,47,52,56,58,55,52,53,55,55,55,58,62,72,75,68
65,57,46,43,48,42,37,39,45,53,63,70,70,63,53,53,54,56,57,59,61,63,64,63
76,65,53,50,53,46,42,43,47,52,63,70,71,67,61,60,60,59,59,59,58,55,55,58
81,71,64,62,61,55,56,56,53,47,49,55,59,61,62,63,63,63,62,58,56,54,54,56
68,66,66,66,65,62,67,69,62,47,36,37,44,51,56,56,59,64,65,57,55,57,57,55
