118,119,116,113,113,116,118,120,126,136,128,118,114,117,120,118,126,132,132,130,133,134,133,132
124,125,121,116,119,124,122,123,128,132,125,118,116,118,121,119,124,130,131,131,133,132,131,131
117,119,121,123,129,134,131,129,130,127,120,117,116,117,117,115,117,121,123,123,125,127,127,127
106,107,114,126,136,135,132,132,132,128,119,114,115,116,114,112,110,109,108,109,114,119,123,124
105,102,107,119,128,122,122,128,135,135,123,114,112,114,116,113,104,97,96,97,103,111,119,123
116,112,110,112,117,112,113,121,133,138,132,117,102,97,105,105,98,93,95,94,97,101,105,107
107,106,105,107,112,109,107,111,119,127,124,114,103,96,97,94,90,88,90,89,88,89,90,90
104,103,102,103,106,107,108,111,114,119,117,114,109,102,95,90,88,90,92,90,89,89,89,88
111,111,108,104,103,106,111,116,118,116,114,116,115,109,101,96,95,97,100,97,99,99,98,98
118,119,119,116,112,109,110,114,115,110,106,110,115,114,112,109,106,105,103,102,105,103,102,106
117,116,118,121,121,113,114,117,117,111,108,114,118,115,114,116,115,111,104,99,99,97,99,107
117,117,119,123,125,123,125,125,121,116,112,116,119,118,117,115,112,107,102,100,98,99,105,114
115,116,119,124,126,128,130,127,122,120,118,118,117,117,117,115,113,111,111,113,109,110,116,121
114,114,117,122,125,126,127,123,119,120,124,122,117,116,118,119,119,120,123,126,123,123,124,124
123,117,111,112,119,124,122,119,117,118,123,125,124,124,123,122,119,116,114,115,120,122,123,126
118,114,112,113,116,118,117,115,114,116,119,121,121,118,114,117,114,109,108,111,117,118,120,125
110,106,107,112,117,116,112,108,106,108,111,113,115,115,113,114,110,105,104,107,110,110,111,117
104,100,102,109,114,115,112,109,107,106,108,111,113,115,116,117,112,108,106,106,107,105,106,111
104,102,102,105,108,114,117,118,118,115,115,114,113,113,115,117,116,113,109,108,109,107,108,112
112,106,100,99,103,115,120,121,122,121,120,113,107,106,107,104,106,109,108,108,108,109,111,113
113,109,103,100,106,112,109,107,108,109,117,116,111,107,105,101,101,101,101,106,110,110,107,105
115,115,108,105,116,116,111,107,104,103,114,117,115,111,111,109,106,101,96,96,101,104,106,108
114,117,113,112,121,116,120,120,112,102,105,109,112,112,113,109,107,103,96,91,91,95,103,110
107,113,116,116,116,109,123,129,119,101,92,96,104,108,105,96,99,102,98,96,92,90,95,102
