119,126,148,189,235,247,251,252,253,253,254,254,254,253,253,251,241,232,234,247,251,252,252,252
128,129,147,188,235,246,250,252,253,253,253,253,253,252,252,250,243,237,238,248,251,252,252,252
121,121,145,191,236,246,249,252,253,253,253,253,253,252,251,246,243,242,245,250,252,253,253,252
99,107,141,194,238,247,250,252,253,253,253,253,253,252,249,243,242,246,250,251,252,253,252,251
78,93,133,189,239,249,251,251,252,252,252,252,252,251,248,244,244,248,250,251,251,252,249,244
75,77,110,172,236,249,251,251,251,250,250,250,251,251,249,248,249,251,251,250,249,245,233,216
79,79,113,176,237,249,251,251,250,248,246,247,249,250,250,251,252,253,253,251,246,223,190,165
87,86,124,188,240,249,251,251,249,239,217,221,237,249,250,252,253,253,253,251,244,207,163,141
86,88,135,203,243,250,250,251,246,224,166,170,210,245,250,252,253,254,253,251,244,204,161,145
67,83,149,222,249,251,251,252,244,209,120,116,176,240,249,252,253,253,253,250,244,206,162,145
73,93,162,233,252,252,251,251,245,216,128,108,164,237,249,252,253,254,253,250,244,209,166,146
73,98,169,237,252,252,251,251,248,232,173,152,186,240,249,252,253,253,253,250,245,215,176,152
67,102,176,240,252,253,252,251,250,245,222,209,222,245,250,252,253,253,253,250,246,220,181,152
66,114,189,244,253,253,253,252,252,251,249,247,248,250,252,253,254,254,253,251,246,220,179,145
79,141,212,251,254,253,254,254,254,253,253,253,252,253,254,253,254,254,253,251,246,218,176,145
100,160,222,253,254,253,254,254,254,253,254,254,253,253,254,253,254,254,253,250,241,209,171,151
116,171,227,253,254,254,254,255,254,254,254,254,254,254,254,254,254,254,253,247,219,185,162,158
146,190,233,254,255,254,255,255,255,254,255,254,254,254,255,254,255,255,253,243,200,168,158,162
193,219,244,254,255,254,254,255,255,254,255,254,254,254,255,254,254,255,252,241,195,168,162,163
232,240,249,254,254,253,254,254,254,253,254,254,253,253,254,253,254,254,252,241,197,169,162,162
246,248,251,254,255,254,254,255,255,254,255,254,254,254,255,254,254,254,253,243,200,171,165,171
250,250,252,253,254,254,254,255,254,254,254,254,253,254,254,254,253,254,252,243,203,176,175,185
251,251,252,253,254,253,254,254,254,253,254,253,253,253,254,253,253,253,252,245,215,196,195,202
252,252,252,253,254,253,254,254,254,253,254,253,253,253,253,252,252,252,251,247,233,224,218,215
