80,79,68,59,67,68,70,77,82,79,95,93,78,65,66,61,66,76,84,93,105,106,89,65
68,69,66,67,74,75,72,72,72,67,71,71,68,67,71,65,74,83,85,95,101,102,94,79
52,57,64,68,68,67,64,65,67,62,57,56,61,71,81,73,82,86,78,84,87,89,89,88
47,52,59,61,56,55,52,59,68,67,58,55,61,74,88,79,81,80,70,69,74,77,82,90
61,58,53,53,56,59,51,54,68,73,64,62,66,75,85,79,75,74,72,69,75,80,85,91
83,69,57,55,62,65,60,61,69,73,66,67,71,75,75,77,77,78,83,93,94,92,89,85
95,81,69,64,65,64,65,65,67,69,68,65,67,72,70,72,70,69,76,86,79,78,76,68
94,86,78,73,73,76,74,70,66,62,65,62,64,69,66,68,69,69,69,70,65,68,72,70
88,86,83,80,80,89,80,71,63,54,57,58,60,63,61,64,74,77,68,63,66,71,78,83
84,88,90,85,77,80,72,62,54,47,48,50,53,55,55,58,71,78,72,67,73,78,78,77
63,72,82,89,92,88,83,71,57,51,57,60,61,61,63,66,73,79,79,69,72,80,79,70
54,59,66,75,90,92,88,85,81,71,66,67,69,70,74,74,73,74,75,71,73,74,71,68
57,59,60,63,74,81,85,93,99,91,79,72,70,71,78,78,75,70,65,65,71,67,64,70
67,67,66,64,62,63,74,86,93,94,91,81,70,65,70,74,74,68,57,55,66,66,66,73
82,73,70,72,70,61,62,65,67,70,91,95,81,62,56,55,63,65,57,54,64,71,74,77
74,70,72,79,79,78,83,81,70,64,81,96,94,79,62,57,64,70,65,58,60,64,67,68
60,56,60,70,81,85,96,96,81,65,70,85,96,95,82,78,85,85,72,59,60,63,68,75
66,64,59,61,76,80,90,97,93,82,76,81,91,98,95,105,114,108,86,71,65,61,65,77
89,92,80,68,75,72,76,84,95,102,93,84,82,84,88,113,124,118,106,96,77,61,57,65
79,93,95,88,88,73,67,68,74,83,81,70,63,64,68,80,83,91,105,102,95,84,68,56
55,65,73,74,70,58,57,55,51,49,48,44,43,45,44,43,45,53,63,62,83,95,91,81
60,59,64,68,64,53,52,49,41,39,48,46,43,43,42,41,45,53,58,53,71,88,96,99
71,61,58,62,63,52,49,48,47,48,66,66,60,58,57,61,62,67,76,72,66,68,85,105
68,53,43,46,56,49,44,50,58,58,73,80,79,75,71,78,69,68,84,88,66,52,71,107
