56,80,115,136,128,114,125,128,117,110,121,120,115,110,98,110,124,130,124,113,109,108,109,112
76,86,109,127,127,115,123,121,110,113,135,133,120,108,104,115,119,118,116,104,101,105,111,114
113,110,110,115,125,128,127,115,105,117,138,136,124,115,111,117,114,109,103,89,96,104,104,97
135,132,120,112,120,134,130,112,102,115,126,122,120,124,120,114,109,108,105,91,100,106,98,85
121,131,129,117,110,119,119,108,100,108,110,106,111,125,130,115,103,109,125,118,112,108,104,101
117,122,117,104,96,103,106,102,100,111,109,113,120,125,130,129,118,116,128,132,122,116,113,110
102,105,111,113,105,102,100,99,98,94,79,88,112,134,139,133,128,125,120,115,128,133,120,102
93,93,102,115,122,112,102,100,98,84,67,73,93,115,133,131,133,130,116,106,123,132,122,105
90,94,99,111,127,116,104,104,107,95,82,80,82,91,118,126,128,124,118,119,116,115,117,119
88,108,118,117,112,100,94,107,125,118,100,92,94,102,114,117,107,102,116,139,119,104,109,123
104,116,121,114,100,86,77,84,101,107,92,85,92,102,102,98,93,93,102,117,105,96,100,113
105,105,102,98,97,93,92,97,106,109,91,84,88,99,113,120,119,113,104,96,102,112,111,100
105,102,96,93,98,94,101,112,118,114,104,105,106,106,115,121,127,124,108,94,111,128,125,105
110,110,107,104,99,87,99,114,118,112,118,135,139,124,103,86,99,112,106,101,118,128,127,123
109,108,112,111,97,98,112,117,110,105,111,131,145,138,103,64,73,97,104,98,106,114,121,125
111,120,126,118,99,95,97,92,90,101,98,102,110,105,76,59,88,120,124,115,120,124,127,130
100,114,121,119,115,108,96,93,99,102,96,96,90,79,77,96,124,140,137,131,128,129,131,129
93,109,120,123,127,118,109,115,126,119,107,109,104,94,112,152,161,148,135,137,123,120,121,117
105,119,132,135,128,114,117,129,138,132,112,121,133,138,153,186,174,141,126,138,119,111,111,109
122,123,141,151,129,105,99,100,97,91,90,108,130,144,150,161,132,111,126,149,136,128,133,139
106,116,137,136,101,92,90,87,83,80,84,84,90,99,93,96,84,91,120,128,115,128,137,120
98,114,133,132,107,104,96,91,92,95,102,93,85,83,75,75,76,87,104,102,87,98,104,85
104,107,114,118,118,125,120,115,115,119,128,126,115,104,101,102,103,105,109,113,92,80,78,78
112,92,79,84,104,136,148,144,136,135,143,150,145,132,132,135,134,132,140,157,130,97,88,103
