108,103,107,123,138,119,113,125,141,142,132,140,145,139,135,130,134,144,145,123,117,127,131,123
122,123,131,142,144,122,104,101,109,116,114,123,126,119,112,105,109,113,109,95,100,114,120,115
106,112,121,128,124,90,65,57,62,75,96,113,121,119,108,97,88,84,83,80,89,96,100,102
80,89,92,90,83,48,30,30,37,46,85,112,127,130,115,105,88,79,86,91,91,81,81,97
78,86,84,69,51,35,37,48,53,51,83,110,125,126,112,108,102,101,109,113,102,76,71,98
73,83,94,88,62,52,56,74,91,91,102,112,117,120,120,123,121,121,123,122,122,104,84,77
91,104,119,116,91,84,98,116,123,112,110,110,109,108,110,117,116,115,116,111,108,111,110,102
106,117,128,127,111,105,118,132,132,118,114,112,110,107,108,117,115,115,119,113,105,113,124,124
117,118,121,121,115,111,115,124,127,119,120,119,117,116,117,126,125,124,130,128,120,122,126,125
132,123,120,121,117,115,116,123,130,127,129,126,120,118,122,128,131,132,133,135,133,133,129,119
130,131,137,140,134,133,130,132,136,134,134,125,120,122,124,125,129,133,136,139,141,142,135,122
134,138,142,143,139,138,138,138,138,136,140,139,139,139,131,129,132,134,135,138,139,139,134,127
137,139,140,139,139,138,141,143,141,142,149,150,150,149,138,135,136,136,136,137,137,135,133,132
134,136,138,139,138,137,139,142,144,146,151,147,144,142,136,138,138,139,140,138,136,133,135,140
131,131,133,138,140,136,130,133,138,134,134,135,134,130,128,137,139,138,140,142,137,134,139,147
132,133,137,138,137,141,142,143,141,134,129,132,129,126,137,143,142,139,140,145,140,132,128,127
136,136,137,138,141,145,145,143,139,133,135,138,137,138,148,148,140,133,131,130,123,113,112,119
142,140,137,138,142,141,136,132,130,127,133,135,134,133,132,128,121,119,119,101,92,80,87,114
139,138,133,128,128,124,117,112,110,111,112,112,109,104,99,94,97,108,109,71,68,56,62,95
110,109,104,100,98,97,91,82,78,81,82,82,84,90,100,99,108,113,98,63,77,80,70,64
82,84,83,82,88,89,86,88,96,109,117,113,116,132,142,127,114,105,96,80,94,114,119,109
86,92,94,95,99,98,95,99,108,119,125,118,121,140,155,149,131,114,103,92,103,116,127,133
116,122,120,115,115,111,107,111,118,119,116,108,109,124,142,153,151,135,110,93,113,111,105,116
141,144,132,119,122,118,115,124,133,127,119,110,109,118,130,144,160,149,110,90,129,120,90,85
