122,119,107,95,95,123,144,148,147,152,145,158,152,111,64,52,53,53,49,47,53,59,58,51
139,136,122,113,124,147,152,148,140,135,128,137,125,88,56,55,58,57,53,55,59,62,60,56
156,155,145,133,129,134,131,124,117,113,109,105,87,59,47,54,59,59,61,69,64,58,53,50
157,154,147,132,110,104,108,111,109,106,90,74,54,38,40,52,59,64,71,78,62,49,44,43
137,128,116,105,98,103,124,139,136,113,73,50,36,28,37,55,66,75,81,74,55,46,48,53
108,105,93,90,110,125,143,146,126,91,59,44,34,33,49,67,81,83,72,56,56,62,74,85
97,99,107,120,135,128,117,101,78,55,46,47,46,48,63,68,80,89,85,74,86,96,104,111
116,117,125,129,115,90,72,59,48,41,48,57,61,65,79,83,87,96,106,107,127,135,130,123
121,117,110,96,70,50,50,56,58,53,63,72,79,88,102,108,106,109,122,128,144,146,133,118
70,65,58,56,63,61,74,90,92,73,78,88,105,124,132,124,125,130,129,122,119,113,108,106
69,67,68,77,93,100,96,93,93,94,108,124,133,136,136,124,125,119,105,114,116,117,123,134
92,97,102,107,112,114,104,100,106,113,129,136,132,124,120,117,121,117,106,110,108,101,98,101
112,116,115,112,116,113,103,105,114,116,126,128,125,116,97,92,95,97,99,106,101,99,100,100
113,110,101,99,112,109,102,105,111,106,102,108,115,106,71,55,55,68,93,119,118,131,146,147
103,94,96,107,113,107,103,102,103,102,80,81,84,70,43,32,38,74,132,171,168,171,170,154
127,124,124,121,111,95,85,74,69,78,59,56,62,67,70,75,89,115,143,144,126,115,105,90
128,126,120,111,96,75,62,61,76,102,94,88,87,97,122,141,143,129,106,81,70,63,52,40
98,91,85,83,83,81,80,87,105,124,125,124,119,116,133,156,142,103,66,45,51,52,43,33
57,48,52,71,93,116,122,118,109,96,100,111,110,97,86,102,86,62,52,52,70,79,77,74
43,40,67,113,142,132,95,66,52,38,35,41,50,53,47,51,46,45,54,64,84,105,123,135
66,83,120,151,146,98,54,37,37,28,31,42,52,55,48,51,56,66,81,93,91,94,109,127
136,144,141,121,92,56,40,43,48,40,41,58,77,82,70,70,72,77,85,94,88,83,87,98
166,153,113,67,42,40,50,57,57,58,59,79,97,99,90,85,90,94,94,100,105,105,101,95
122,102,69,44,42,54,64,59,53,69,79,99,103,92,95,89,107,123,123,129,141,152,143,119
