91,87,87,95,113,146,158,148,130,124,127,118,116,122,118,105,105,107,101,97,149,174,148,101
101,98,99,109,128,145,149,141,126,110,113,118,125,131,122,107,111,115,108,107,140,145,119,88
108,113,112,111,121,128,121,116,110,96,98,114,126,125,113,104,109,112,112,125,125,109,93,91
107,119,115,102,98,111,100,94,98,98,97,104,111,110,103,101,105,109,115,141,124,97,90,105
102,107,105,96,91,113,107,99,103,111,110,95,92,104,108,106,113,120,125,142,140,118,103,107
88,88,91,96,103,110,113,108,99,97,107,102,104,119,126,121,125,125,118,121,123,120,107,89
118,113,103,96,98,113,112,107,108,118,116,111,115,124,123,126,130,121,103,97,95,100,98,86
129,129,119,105,100,125,121,110,110,119,107,105,112,116,106,113,116,111,100,93,95,105,112,111
126,131,128,117,112,133,132,117,104,102,92,98,107,104,93,97,97,101,107,104,112,126,132,126
153,144,129,119,118,124,123,112,103,109,106,113,112,102,96,100,96,97,106,106,113,123,117,93
145,134,119,111,111,106,96,90,99,121,125,115,107,103,100,110,114,108,102,115,135,128,104,86
128,122,115,108,101,103,93,93,102,104,109,95,93,107,111,111,109,105,106,129,139,129,107,91
108,109,113,114,109,121,113,112,113,98,103,94,97,115,123,115,109,101,97,118,120,118,111,99
95,98,107,116,121,130,127,126,125,116,116,113,114,119,123,121,120,104,83,96,100,107,114,116
100,98,100,104,105,96,105,121,130,125,116,114,111,104,105,114,115,105,95,107,112,114,128,150
115,117,117,118,122,109,111,117,121,124,129,128,120,111,113,113,105,96,97,117,120,113,124,156
118,121,115,113,128,127,121,114,107,104,118,124,122,120,121,116,107,107,117,119,112,117,138,160
111,116,109,107,125,133,124,115,108,99,113,124,126,124,123,126,120,123,135,120,101,120,152,165
103,112,112,109,116,118,114,115,118,112,120,129,129,121,119,137,128,122,133,120,102,117,146,157
104,110,109,100,91,84,88,99,104,98,96,100,105,110,114,124,112,105,112,106,110,118,120,114
101,110,112,105,95,85,84,95,105,99,93,91,89,85,82,86,88,94,100,89,94,93,89,88
106,115,118,114,110,109,104,101,104,109,103,93,85,85,88,90,94,102,104,85,80,83,88,92
121,125,124,118,110,114,115,101,92,109,109,98,93,98,109,104,100,103,104,85,93,105,109,104
136,133,128,113,93,91,103,92,76,96,101,103,102,101,110,97,86,85,88,81,125,141,124,103
