244,243,244,246,245,247,244,224,179,130,164,177,148,90,37,30,51,75,82,68,58,62,58,37
248,247,246,241,229,215,215,202,162,112,132,127,95,55,32,39,66,87,86,70,63,59,53,44
233,228,225,211,173,140,149,150,127,101,102,78,49,34,39,61,82,94,95,90,81,77,82,91
186,174,169,153,106,75,88,95,88,91,87,67,55,59,70,91,101,106,112,117,107,111,129,145
122,106,98,92,75,69,71,70,67,71,83,98,111,116,113,116,122,127,129,126,122,137,153,153
112,102,89,85,95,95,86,81,82,83,108,132,138,128,113,113,112,103,90,91,101,120,125,111
113,109,96,88,97,107,100,86,82,99,121,119,104,87,71,68,68,61,52,59,75,94,108,113
114,113,104,95,99,103,104,90,83,108,112,85,58,49,44,40,44,48,45,42,53,66,80,94
122,122,112,105,108,99,105,101,95,103,91,57,36,39,47,40,42,51,57,45,48,55,62,69
147,140,127,118,118,108,111,115,108,86,70,52,43,48,57,43,34,42,58,64,68,78,88,94
141,130,118,111,108,103,109,100,73,50,53,48,45,53,65,66,65,67,72,77,87,94,99,104
130,120,107,102,106,102,109,95,75,81,98,96,93,101,116,120,109,95,89,86,84,83,79,73
97,95,89,86,91,84,103,116,122,141,152,149,136,124,126,125,107,91,88,90,94,100,101,95
70,79,86,86,80,75,107,142,160,161,155,154,132,95,79,81,80,79,85,101,123,147,162,164
103,121,133,128,115,125,136,135,119,97,92,94,79,52,50,79,111,124,120,133,144,164,178,175
138,140,131,112,99,119,117,106,93,73,64,64,60,64,104,149,165,163,151,133,136,149,141,112
115,112,103,89,83,112,110,98,84,66,65,89,103,111,147,176,165,141,125,104,96,93,83,69
108,104,96,87,84,107,110,104,91,72,77,118,147,150,153,158,132,99,83,76,56,41,39,46
142,132,116,100,89,96,106,115,115,98,99,128,154,155,134,123,98,72,58,60,35,28,39,49
133,119,106,90,67,74,108,136,150,154,149,150,148,138,121,97,73,49,33,36,32,56,94,116
119,102,89,81,76,81,106,119,122,140,144,122,101,93,87,79,61,37,23,38,72,125,166,177
91,90,93,102,110,104,117,110,96,109,117,89,58,51,64,63,53,48,56,70,122,170,192,190
84,99,118,132,138,124,118,97,73,75,81,66,41,30,51,50,62,93,123,128,162,185,185,173
108,125,141,146,140,128,104,72,50,47,51,55,45,30,42,43,88,148,182,179,183,187,178,159
