31,28,26,26,28,29,29,29,28,27,29,30,31,31,31,32,31,31,30,30,29,30,31,32
28,26,25,26,27,28,28,28,28,28,30,32,33,32,32,31,31,30,29,30,29,30,31,32
26,25,25,25,25,25,25,25,26,29,34,50,57,48,35,31,30,30,30,31,35,41,43,38
27,27,26,25,23,23,23,23,25,27,37,67,80,62,36,30,29,30,32,34,45,64,67,50
31,30,29,27,25,25,26,26,26,27,34,60,70,53,32,29,30,31,32,34,52,81,85,57
30,29,27,27,28,29,30,30,30,29,30,33,33,28,25,27,30,32,32,33,40,51,51,40
27,26,26,28,30,31,31,31,32,31,30,26,22,19,21,25,29,32,33,33,34,35,34,32
25,25,27,30,31,31,31,31,32,32,31,27,22,18,19,23,28,31,32,33,32,31,30,29
23,24,28,30,31,31,31,32,32,32,31,28,22,18,18,20,25,29,31,32,31,31,30,28
23,25,28,30,31,31,32,32,32,31,31,28,23,20,19,20,22,25,28,30,31,31,29,26
24,26,28,30,30,31,32,32,32,32,31,27,24,22,23,23,22,21,23,26,29,30,28,26
25,27,29,30,31,31,32,32,33,33,32,29,26,26,28,27,25,23,22,22,24,28,32,35
26,28,29,30,31,31,32,32,35,42,53,46,35,31,31,30,29,27,25,22,22,27,36,41
27,29,30,30,31,31,32,32,37,54,79,67,45,33,32,31,31,30,27,25,23,28,34,38
29,30,30,31,32,31,31,30,35,50,71,62,43,33,32,31,31,30,27,26,28,30,30,29
30,30,31,32,31,30,28,28,32,39,45,42,36,33,32,31,29,27,27,29,31,32,31,30
30,30,30,29,29,28,29,31,40,54,53,42,34,32,30,29,28,28,30,31,32,33,32,31
28,28,28,28,28,29,31,36,52,77,72,49,32,30,29,29,30,31,32,32,32,32,30,29
25,25,26,28,30,32,33,38,54,79,70,45,30,28,29,31,32,32,32,31,31,29,28,27
23,24,25,28,30,31,31,33,37,42,38,33,30,30,31,31,32,31,30,28,28,27,27,28
23,23,22,23,24,25,25,25,27,30,31,32,32,31,31,31,31,30,27,27,27,28,28,29
26,25,24,22,21,21,21,21,22,24,26,28,29,30,30,30,30,29,28,28,28,28,28,28
27,26,24,24,26,36,44,40,29,23,22,22,27,34,39,33,29,28,29,29,28,28,27,26
25,23,22,24,36,66,86,74,45,28,23,21,28,44,55,40,29,26,28,29,28,26,26,25
