28,29,31,30,29,38,41,34,25,24,26,33,43,50,47,41,36,38,45,49,51,54,56,57
29,31,32,31,31,36,36,32,26,24,24,29,38,44,42,37,37,41,47,48,51,53,56,57
31,33,34,34,35,36,36,33,30,28,26,28,31,34,35,34,37,42,45,46,47,49,51,53
32,33,34,36,39,39,39,37,35,34,32,32,30,30,33,38,41,43,43,43,42,42,43,45
33,32,33,35,38,41,42,40,37,37,39,40,37,35,39,47,48,45,43,40,38,36,36,36
37,36,33,31,32,37,39,37,35,35,40,43,42,39,37,44,48,48,45,41,38,35,33,33
38,36,33,30,29,30,32,33,34,36,42,44,41,37,39,43,45,45,44,42,41,40,40,41
40,38,36,35,34,32,31,31,32,38,46,47,41,36,40,44,47,51,53,53,51,49,46,45
41,40,39,39,40,38,35,32,32,39,47,48,43,37,39,41,47,56,63,65,61,56,51,46
34,35,34,34,35,35,33,33,36,39,42,42,41,39,36,33,37,47,57,61,62,61,56,51
28,30,32,32,32,29,28,33,40,45,46,45,43,41,39,37,39,41,42,47,54,57,56,54
28,30,33,35,33,28,26,29,34,39,43,44,43,41,40,39,40,39,36,36,42,48,51,52
30,31,33,34,32,29,30,32,34,37,41,44,44,42,41,40,40,40,37,35,36,38,41,43
32,32,31,30,29,30,36,41,42,43,44,48,48,46,43,42,40,39,39,39,35,32,31,32
34,33,31,29,29,33,39,43,43,43,46,50,53,52,46,42,39,38,39,41,39,34,29,26
37,33,30,31,37,41,42,41,38,36,37,40,42,42,38,33,34,38,42,42,41,38,34,30
47,42,35,35,43,48,49,49,49,48,48,46,44,42,37,31,29,34,42,44,44,43,41,39
48,44,37,36,43,50,55,59,64,66,67,64,59,53,47,37,30,31,38,43,45,45,45,43
35,35,33,32,35,46,53,58,64,68,73,72,67,60,54,45,35,31,34,38,41,43,43,42
26,29,31,31,32,37,40,43,44,44,46,48,48,46,45,41,34,31,33,37,38,38,38,39
28,30,33,34,35,37,37,38,38,37,39,42,43,42,42,39,33,29,30,34,38,38,37,37
33,38,44,47,46,45,43,44,46,46,47,49,50,50,49,46,41,37,34,37,43,42,39,40
42,49,56,59,57,55,53,53,56,58,58,58,58,57,56,53,51,46,42,43,47,44,40,42
50,55,61,63,62,62,59,58,60,63,63,61,59,58,57,55,53,50,46,46,48,43,38,38
