181,180,180,179,179,176,175,174,175,175,175,175,175,174,175,177,177,177,177,179,181,181,181,180
183,182,181,180,180,178,176,175,175,176,176,176,176,175,176,177,178,178,178,179,180,181,181,181
185,184,183,181,181,178,176,175,174,176,177,177,176,175,175,177,178,178,180,180,181,182,183,184
183,182,181,180,179,178,176,175,174,175,175,174,173,173,174,175,177,179,181,183,184,186,187,189
176,176,175,176,176,176,177,176,176,175,173,171,171,171,174,177,179,182,185,188,190,191,193,195
169,169,169,170,172,173,173,175,176,176,175,175,176,178,182,187,189,192,195,196,197,197,198,199
170,171,174,178,180,182,183,184,187,188,188,189,191,192,195,198,199,201,202,201,200,201,202,203
183,185,189,192,194,196,195,195,197,199,200,200,201,202,202,203,203,202,201,198,197,200,204,204
200,201,203,204,204,203,201,201,201,203,203,203,204,205,204,202,200,199,197,194,192,197,203,204
205,205,204,203,201,199,198,199,200,202,201,202,203,203,202,200,198,197,196,196,197,200,202,203
200,200,199,198,197,197,198,199,200,200,201,203,205,206,205,203,203,203,203,203,204,204,204,205
196,195,194,191,189,190,191,192,193,194,195,197,200,203,202,200,197,196,198,202,203,202,198,195
192,191,189,186,184,183,182,181,181,183,182,184,188,193,195,190,183,180,183,190,190,189,185,178
183,181,178,176,175,172,168,166,166,166,164,165,170,177,180,176,167,163,165,170,169,168,164,157
162,159,155,151,149,146,145,145,146,145,144,145,148,153,156,157,154,150,148,147,144,142,140,138
132,129,126,125,126,127,126,126,126,126,125,125,126,127,128,128,126,124,122,122,120,120,119,119
113,111,108,107,109,111,111,110,110,111,110,109,108,109,110,109,109,108,107,106,106,106,106,106
107,103,100,101,104,106,106,106,107,108,108,108,106,106,107,106,106,106,105,104,104,104,104,103
101,97,95,97,104,107,107,108,110,114,116,117,117,117,118,117,117,116,114,114,114,114,114,114
81,79,77,78,85,90,92,95,99,104,110,115,121,127,131,132,132,132,131,130,130,130,132,134
78,77,75,75,79,83,82,79,76,76,76,78,85,95,101,103,106,111,115,116,117,119,122,125
78,80,79,78,80,83,79,72,67,66,63,64,70,76,76,76,79,88,98,103,106,109,113,115
77,80,78,76,77,81,78,74,71,71,72,74,77,76,71,71,75,84,94,99,101,104,108,110
76,77,73,68,70,74,76,77,77,78,83,87,87,83,80,84,89,93,98,99,98,100,103,105
