174,175,176,177,178,178,178,178,178,176,174,172,170,169,169,171,174,176,179,181,182,186,190,190
173,174,175,176,176,177,177,177,175,172,171,170,169,170,171,174,177,179,183,185,187,190,192,193
170,170,171,172,173,174,175,176,175,174,173,174,175,176,179,183,186,188,191,194,196,197,197,197
172,172,173,175,177,177,179,182,183,183,185,186,187,188,190,195,198,199,200,202,202,201,201,201
186,187,188,190,192,192,193,195,197,198,198,199,200,200,200,202,203,204,204,204,202,200,200,203
201,201,202,203,202,201,201,202,203,203,203,204,205,206,205,204,203,202,202,202,198,192,192,198
206,206,205,204,202,200,200,201,203,202,202,202,203,204,203,201,199,197,196,196,193,191,192,197
204,203,202,201,199,199,199,201,202,202,202,202,203,203,202,201,199,199,198,197,197,197,199,201
198,198,197,197,197,198,199,200,201,201,202,203,205,205,205,204,203,204,204,203,204,205,205,205
192,191,190,190,192,192,193,194,195,197,198,200,203,205,205,203,202,202,202,201,204,206,206,204
189,187,185,185,185,185,185,186,188,190,187,189,193,198,199,196,190,185,183,187,195,199,198,196
184,184,183,182,180,176,175,175,175,175,173,175,180,186,190,189,181,172,168,172,180,182,181,180
170,171,169,166,164,161,160,160,159,158,156,159,163,168,174,175,170,163,160,160,162,162,160,159
147,146,144,141,140,140,141,142,142,141,140,141,144,147,150,152,152,150,148,144,143,141,139,136
121,122,124,126,125,125,125,125,125,124,123,123,124,125,125,124,124,123,121,120,120,120,119,118
107,107,109,111,112,112,111,112,113,111,111,110,110,110,111,111,111,110,109,107,107,107,106,104
97,99,101,104,104,103,102,103,104,104,104,103,102,101,103,104,103,103,103,102,101,102,102,101
96,100,104,107,107,106,106,107,110,113,112,113,111,109,110,110,109,109,108,107,106,107,108,108
92,97,103,107,108,110,112,115,119,123,125,127,127,127,128,128,128,127,125,123,120,121,122,121
65,68,72,78,82,84,86,89,93,99,105,111,118,125,132,133,135,136,137,136,133,134,134,134
72,73,76,80,81,79,75,72,72,72,70,70,78,89,97,98,100,104,108,112,113,113,115,116
80,80,81,84,85,79,72,67,65,64,59,59,65,73,73,71,71,76,84,95,100,102,104,106
75,75,78,81,81,76,70,68,68,69,69,71,76,76,70,67,67,72,80,92,99,102,104,107
63,65,70,73,73,68,68,68,70,73,78,82,84,83,77,77,80,83,88,96,101,103,106,109
