93,97,100,101,103,103,105,109,115,120,119,113,109,110,112,114,112,112,115,112,99,94,102,116
102,105,106,106,106,107,110,115,119,123,122,118,115,113,110,109,107,108,112,112,99,96,105,117
114,116,118,117,115,115,119,124,128,129,127,127,124,118,109,104,102,102,104,104,98,99,108,116
117,120,125,127,124,122,124,129,131,130,127,127,125,118,110,106,104,103,102,100,101,105,110,115
105,110,120,128,126,124,124,125,127,126,122,120,117,115,114,115,116,117,115,112,112,114,116,118
104,103,110,119,125,127,129,133,137,138,138,137,135,130,126,126,129,130,128,124,124,125,125,124
129,128,125,123,125,130,134,138,142,145,146,142,138,136,134,134,136,137,135,134,134,134,132,129
147,146,141,137,140,145,147,147,147,148,147,142,138,137,137,137,139,138,137,138,138,138,136,135
148,147,148,152,159,164,163,158,154,152,149,146,142,140,139,139,140,138,135,136,135,136,138,139
146,146,152,158,162,168,167,162,158,157,152,150,148,145,143,141,140,137,132,134,133,134,136,138
143,147,157,165,162,155,152,151,150,149,146,143,141,140,141,140,138,135,132,136,135,133,132,134
136,141,149,154,151,145,144,142,140,142,142,139,136,134,136,139,139,136,135,137,134,131,129,130
134,137,141,144,143,142,143,140,137,139,140,138,135,131,131,135,136,136,137,136,133,131,131,131
138,139,140,142,142,141,141,141,141,141,141,139,135,131,129,131,131,133,135,133,132,133,135,135
141,141,142,142,141,137,136,137,139,141,143,142,139,136,134,136,136,136,135,131,131,132,133,132
135,133,134,138,140,136,135,136,137,139,141,142,142,141,139,140,140,139,138,136,134,132,129,125
134,132,134,137,140,136,135,137,139,140,139,139,140,141,141,141,142,142,141,140,136,132,128,125
136,136,136,138,140,137,135,136,140,142,141,139,139,141,142,142,142,141,141,141,137,132,129,128
136,136,135,136,139,137,133,134,139,142,143,142,141,142,143,142,140,140,140,140,138,134,130,127
129,129,129,131,134,132,130,131,135,137,139,140,138,136,136,136,138,139,140,138,137,135,129,124
122,121,122,126,128,125,120,120,124,128,130,131,131,128,127,129,133,136,138,139,138,133,128,123
117,118,121,123,123,122,117,113,113,115,114,115,118,121,124,127,130,133,136,137,137,132,126,123
120,121,122,121,117,116,113,111,110,110,104,103,107,115,123,126,128,130,132,133,133,130,124,121
128,125,123,118,111,107,107,109,112,113,106,102,105,113,120,123,124,127,129,128,130,127,123,120
