165,159,157,161,165,167,167,167,169,170,166,162,161,162,162,164,162,159,157,160,165,165,158,149
167,163,161,162,162,162,163,164,167,170,167,162,161,162,161,159,159,157,153,152,155,155,150,145
169,167,164,161,161,161,161,161,163,168,167,163,162,164,160,156,156,156,152,146,144,143,141,139
168,166,163,159,160,161,161,159,158,162,163,160,160,161,157,153,155,155,150,143,137,134,134,133
164,162,158,155,157,159,160,157,153,154,157,157,156,154,151,149,150,150,145,139,132,131,131,128
163,161,158,154,153,153,160,159,152,153,160,163,162,159,154,149,145,142,140,138,132,131,131,128
160,160,159,157,154,151,155,155,152,153,159,162,163,160,155,147,139,135,138,140,136,134,134,132
155,156,155,153,150,147,147,148,150,151,153,156,157,156,151,149,144,141,145,149,144,138,136,136
151,151,149,147,146,147,146,147,149,149,147,150,151,149,145,153,158,158,158,159,147,137,133,133
149,149,149,148,149,157,158,154,151,150,148,150,149,144,142,152,166,171,167,157,139,127,122,119
143,143,144,145,145,150,150,148,144,142,144,147,145,139,134,137,144,149,147,137,128,130,132,125
142,143,144,144,144,145,147,145,140,136,138,140,136,130,129,133,134,132,128,121,121,127,126,114
149,150,149,148,149,149,149,146,141,137,136,138,136,131,131,135,133,127,121,117,119,120,113,101
162,160,156,155,157,156,152,147,142,139,141,145,145,142,141,144,139,130,122,120,119,115,107,99
169,165,159,157,158,156,147,141,138,139,148,150,151,153,155,158,150,134,119,115,115,114,111,108
159,157,151,148,149,145,141,142,146,147,151,145,140,142,148,147,145,134,115,109,111,111,110,108
148,146,143,142,142,138,140,146,153,152,148,143,140,138,135,129,129,127,120,115,110,105,105,108
143,141,140,140,138,134,140,149,155,151,144,142,142,137,124,117,119,123,124,118,108,100,102,110
145,142,141,139,134,130,137,146,149,144,138,135,135,131,118,114,118,122,118,110,103,102,106,112
143,141,139,133,126,121,123,129,133,130,122,118,117,117,115,111,111,108,98,95,102,110,110,103
134,132,127,123,120,119,116,114,114,117,115,115,115,117,123,123,116,104,93,95,103,108,105,98
131,124,116,112,114,114,108,104,105,113,125,133,137,141,147,151,139,118,101,96,96,98,97,94
141,129,117,112,113,108,104,103,108,122,145,160,166,170,176,179,161,130,99,86,85,91,96,98
157,141,128,122,117,108,104,107,116,135,162,179,184,184,193,189,166,125,83,69,77,90,101,106
