81,81,79,78,80,79,75,68,62,66,86,96,96,91,86,83,88,94,99,103,102,98,95,95
77,78,76,74,76,78,76,69,63,65,83,95,98,95,93,91,90,91,96,103,105,104,102,99
62,63,62,62,67,77,79,75,73,78,90,98,101,100,102,99,93,90,94,104,110,112,111,108
46,45,46,51,61,80,89,90,91,97,102,106,107,108,109,107,99,94,95,105,112,115,117,116
43,39,39,46,62,87,102,107,108,109,111,113,114,115,115,113,107,102,102,108,111,114,117,119
59,55,52,53,60,74,88,101,111,115,114,114,114,115,115,115,114,114,116,118,117,117,118,119
61,60,58,58,61,65,73,87,103,112,113,113,112,112,113,110,111,116,123,127,126,124,123,124
58,57,57,59,64,67,74,86,100,108,112,113,113,113,114,109,108,113,123,128,130,129,128,127
56,56,56,61,71,79,89,100,107,110,114,116,118,120,121,116,112,113,119,124,127,129,129,128
60,60,61,69,84,97,107,114,117,118,120,124,127,130,131,128,124,120,118,118,122,127,130,130
62,66,76,88,100,110,118,120,119,119,123,128,131,133,134,131,127,122,118,116,118,124,129,130
68,80,97,108,111,115,119,121,118,115,117,121,125,131,135,133,129,125,121,121,123,126,128,126
77,90,107,115,114,114,117,118,115,109,101,100,107,118,125,129,128,125,124,127,130,132,130,126
86,95,104,110,111,112,113,114,112,102,85,80,88,102,109,118,122,123,125,129,133,135,134,130
93,99,104,106,107,109,108,108,107,100,85,83,90,100,103,111,117,120,124,128,130,133,134,131
80,91,100,104,104,105,105,106,106,102,97,100,105,109,110,115,118,120,122,126,128,129,128,125
61,73,90,102,105,105,105,107,107,104,103,107,113,118,121,123,122,120,118,120,125,127,125,122
60,70,89,106,110,109,109,111,112,110,108,110,115,121,126,126,123,120,118,120,125,128,127,125
80,87,100,112,113,111,112,116,118,118,118,117,117,121,122,122,122,122,124,127,130,131,131,131
96,98,103,107,107,104,108,115,118,119,124,126,124,121,121,123,123,123,126,130,133,133,133,133
111,110,110,111,109,103,101,99,98,100,113,122,123,121,124,128,127,126,126,127,130,132,133,131
114,112,113,115,114,107,99,90,84,85,100,110,114,116,121,124,123,120,118,119,121,124,127,128
105,105,108,112,113,108,102,98,94,91,97,103,107,109,108,109,111,110,107,107,107,108,112,116
94,97,100,102,104,104,106,112,115,110,106,106,107,104,94,94,100,103,99,95,93,92,95,100
