129,132,133,135,141,143,134,128,132,150,176,192,194,187,183,184,168,144,131,144,153,159,155,146
133,137,137,136,139,142,135,133,141,155,172,188,195,192,187,189,173,147,129,135,143,144,143,142
154,159,156,144,129,129,132,142,153,155,157,173,188,193,186,181,164,144,131,133,140,136,131,133
178,181,176,155,125,118,127,143,152,145,141,154,173,182,174,158,143,135,134,136,144,144,136,130
182,181,175,159,137,127,132,137,135,131,136,147,157,159,151,133,128,131,135,135,146,158,156,141
162,158,150,142,141,147,151,141,128,132,145,153,151,142,135,132,144,153,151,142,142,149,156,157
139,135,133,137,149,164,170,159,147,153,165,170,161,144,135,133,143,151,149,145,142,139,143,152
132,133,141,155,170,179,182,175,162,155,163,174,174,163,156,146,139,135,132,139,143,139,138,144
136,142,157,173,182,180,177,172,158,137,139,154,166,171,176,162,145,132,127,134,142,143,141,142
131,139,150,159,161,153,150,149,143,127,124,126,132,146,164,162,157,156,157,146,141,143,147,148
118,121,128,135,136,127,129,139,146,145,150,147,137,132,141,147,153,165,178,172,158,152,158,167
118,115,117,124,130,127,128,136,147,154,162,161,148,131,131,139,147,157,169,175,173,171,177,187
128,124,122,126,133,136,135,138,145,153,163,156,139,126,131,141,146,149,155,164,174,182,189,195
139,138,134,130,133,141,146,149,153,157,160,139,117,116,139,150,150,148,148,153,163,175,183,183
142,144,138,126,122,142,164,177,180,173,157,130,115,122,146,161,160,151,145,148,151,158,161,158
133,138,135,124,119,138,164,183,188,175,145,124,125,139,149,160,165,155,138,141,147,155,158,157
136,141,138,128,123,132,147,162,171,169,148,137,140,148,145,159,165,152,132,139,152,163,168,166
144,147,142,133,129,132,135,140,148,160,158,159,160,155,145,161,163,145,126,134,151,165,173,173
146,145,140,135,135,138,136,129,130,148,162,174,175,163,150,164,160,139,120,125,142,157,168,175
134,131,136,144,145,139,132,121,117,132,155,168,168,161,153,161,161,145,125,125,139,154,167,178
130,136,150,160,157,143,131,120,117,129,149,156,156,152,148,156,158,151,145,153,161,167,175,185
146,158,169,171,161,145,128,118,120,133,147,151,151,150,147,148,144,141,149,165,171,175,183,192
158,168,172,167,156,143,128,121,128,143,154,154,152,151,149,141,131,130,143,162,169,175,181,186
151,155,158,155,147,140,131,130,139,154,164,160,151,148,152,137,129,130,140,156,166,171,171,167
