183,187,191,192,189,189,192,195,196,196,194,193,192,190,188,182,172,173,186,188,188,189,189,187
184,189,193,193,190,190,192,193,193,193,191,191,191,189,186,181,170,169,179,181,185,189,192,191
189,193,194,191,189,192,193,192,190,190,190,191,192,191,188,182,170,162,163,162,168,178,186,190
194,194,191,188,190,195,195,192,189,189,192,194,195,194,191,186,173,159,147,140,145,157,169,177
194,192,188,186,193,199,197,193,192,193,196,197,198,196,192,189,179,162,143,132,132,138,147,153
187,185,183,186,195,199,195,194,195,196,198,198,197,193,187,183,176,161,145,138,136,137,139,142
179,178,178,184,193,192,190,193,197,197,196,196,195,192,183,175,168,159,148,145,140,136,136,138
170,171,177,186,192,186,184,191,198,195,191,193,196,194,183,170,163,156,149,146,135,128,130,136
162,166,177,189,192,181,178,187,196,193,187,191,197,196,184,167,158,154,148,142,127,119,123,133
159,162,174,187,188,177,174,181,191,193,190,193,195,191,179,160,152,150,148,141,128,119,121,130
154,158,169,179,182,170,167,173,185,193,196,198,196,189,178,159,148,146,147,145,137,127,123,129
145,150,159,167,170,161,163,171,182,193,200,202,198,191,179,156,143,140,144,147,144,139,137,139
141,146,152,157,159,155,163,173,182,192,199,201,199,194,181,155,138,134,141,145,145,146,147,149
146,149,150,151,154,157,167,174,180,188,193,195,196,194,182,158,139,132,136,142,143,145,147,149
150,150,148,148,154,163,170,172,174,181,187,189,191,191,181,164,147,135,130,135,138,139,139,140
147,146,143,143,150,162,169,170,171,177,181,184,188,188,178,166,156,145,134,133,134,134,135,136
143,142,141,141,143,154,165,170,171,173,176,181,187,187,173,160,156,153,147,140,129,129,135,139
136,138,141,140,137,145,160,168,169,169,172,178,184,184,168,152,147,149,151,145,126,121,131,142
133,137,141,139,133,137,151,162,165,164,169,174,179,177,165,147,138,138,143,145,124,114,123,137
141,142,141,137,130,125,135,151,162,164,167,170,173,173,164,150,140,135,136,142,126,114,118,129
144,142,139,136,129,119,124,141,159,164,166,169,173,172,157,145,139,136,134,138,131,124,122,125
141,140,138,135,129,119,118,131,149,159,163,167,173,170,149,136,137,139,136,135,136,135,131,128
137,138,138,135,129,122,116,121,136,149,157,162,166,162,143,129,134,141,138,134,136,139,138,136
135,138,138,135,128,124,115,114,125,139,151,156,157,153,143,127,131,138,136,132,132,135,140,145
