114,116,115,107,97,95,96,98,101,102,102,103,107,109,104,89,93,106,115,116,117,118,118,117
111,116,117,110,100,100,100,101,102,104,105,108,112,112,103,92,99,110,114,114,115,118,119,118
110,115,116,110,101,103,104,104,106,110,110,113,115,113,101,97,107,114,111,109,112,117,121,122
111,114,113,106,99,102,103,106,112,119,118,119,119,115,106,108,118,119,109,106,109,116,123,127
114,114,110,102,97,97,98,106,120,131,133,131,129,127,126,130,133,127,115,109,110,116,124,131
112,111,109,105,101,98,102,115,133,146,149,148,146,146,150,154,150,138,126,121,123,127,132,138
113,113,115,118,115,109,115,129,144,153,156,156,156,158,158,158,154,147,140,138,142,145,148,151
128,129,136,142,138,129,135,147,155,158,160,160,160,158,152,146,145,145,145,146,153,158,161,162
152,152,159,164,160,150,156,162,163,162,164,162,156,147,138,131,132,137,140,145,154,161,165,167
164,164,167,171,170,163,164,165,163,164,166,160,147,133,127,128,132,135,138,144,154,159,161,164
160,161,163,166,167,163,162,159,156,157,159,155,147,140,139,141,145,148,149,151,153,153,156,160
158,159,160,158,154,148,150,151,149,148,149,147,147,149,151,149,147,147,149,150,151,153,156,157
156,157,154,146,138,136,143,150,149,142,137,138,144,152,154,148,142,141,144,145,148,153,156,156
152,150,143,134,129,133,145,152,149,136,127,129,139,148,150,143,137,138,142,140,142,149,153,151
143,139,135,132,131,131,140,145,140,126,120,126,137,146,147,143,140,142,145,139,139,142,143,140
129,125,127,132,132,123,125,128,127,125,131,141,149,153,150,144,142,143,144,138,137,140,142,138
119,116,122,131,127,109,110,117,121,125,139,150,157,158,154,146,143,144,144,138,139,144,144,140
115,114,122,127,117,97,104,117,125,129,143,151,156,156,152,144,143,145,143,138,141,145,144,140
118,118,122,119,105,94,109,125,132,134,143,147,148,149,144,140,142,144,142,137,140,142,141,138
122,122,118,108,96,100,120,131,131,134,140,140,140,142,140,140,145,147,145,140,142,145,145,141
122,126,125,119,111,118,131,132,126,128,135,137,137,136,135,139,145,149,148,144,144,144,144,142
124,130,133,129,124,132,136,132,126,128,134,138,138,135,135,139,144,148,149,149,147,145,144,145
127,131,130,127,127,135,135,130,128,131,133,137,139,138,140,143,144,148,152,155,153,149,148,151
129,127,121,117,121,132,130,128,130,132,130,133,136,138,144,146,146,150,156,161,159,154,153,157
