86,75,57,45,48,50,59,83,117,146,160,157,145,134,130,126,120,112,105,105,102,104,122,147
62,58,49,43,45,48,55,70,90,108,123,131,127,118,116,120,120,115,107,103,96,101,125,154
46,47,46,45,46,46,49,54,59,66,75,83,83,79,80,89,96,97,92,89,81,87,115,148
46,51,59,68,73,68,65,61,58,59,57,57,55,53,54,59,65,67,66,67,61,64,85,114
50,58,81,108,123,118,116,108,99,97,93,87,81,77,74,70,65,59,55,54,50,48,55,66
29,40,66,96,120,132,150,161,160,154,148,143,138,136,138,132,124,113,103,97,87,83,83,84
19,23,37,56,77,92,111,127,133,125,119,114,115,126,142,147,145,139,131,123,119,119,122,126
16,17,22,29,41,51,65,78,81,73,64,62,69,88,114,130,137,139,134,121,127,132,134,135
18,20,21,23,26,33,49,59,57,45,30,29,40,57,81,98,116,128,126,106,118,127,126,121
23,22,21,20,22,30,53,70,68,49,27,21,28,40,54,68,92,115,117,97,108,120,123,121
21,20,19,17,18,24,37,50,53,43,25,18,22,31,40,56,74,88,89,73,82,91,98,101
19,18,17,18,20,23,28,33,35,32,24,21,23,29,33,41,49,55,56,50,54,56,59,64
18,17,18,20,23,26,28,29,29,29,26,26,29,32,32,33,35,37,40,41,39,36,36,41
18,19,21,25,28,31,33,34,33,32,30,30,32,34,34,34,34,36,40,40,36,31,31,37
24,25,28,31,33,35,37,37,35,32,30,30,30,31,31,32,32,31,31,32,30,24,24,31
27,29,33,37,38,38,39,40,38,34,32,32,33,33,33,32,31,28,26,28,27,22,21,26
25,27,33,37,36,37,38,38,38,35,32,33,35,36,35,32,28,24,22,24,24,20,19,22
23,24,29,31,30,31,33,35,35,33,31,30,32,33,33,29,24,20,17,19,21,19,18,20
23,23,23,24,23,23,27,29,30,30,28,26,25,25,25,22,18,15,14,15,17,17,17,18
25,24,21,18,16,16,18,21,23,24,23,21,19,18,18,16,14,12,10,11,12,12,13,15
24,24,22,18,14,14,15,17,20,21,20,19,18,17,16,12,10,9,8,8,8,9,9,10
22,23,22,19,16,15,14,14,15,16,16,17,18,18,16,11,9,8,6,6,5,6,6,7
21,21,20,18,16,16,14,13,12,13,14,15,17,19,17,12,10,8,6,5,4,5,5,6
20,19,18,16,15,14,14,14,13,13,14,15,16,18,18,13,10,8,6,5,5,5,5,5
