201,198,194,196,205,211,213,216,219,221,223,226,228,229,228,230,229,226,222,222,226,228,227,224
197,194,191,192,200,206,210,214,217,219,221,224,225,224,224,227,229,228,226,226,229,230,229,227
193,192,189,188,192,198,206,212,215,216,220,222,222,222,221,221,222,224,227,228,230,231,230,230
191,191,187,184,184,190,201,210,214,216,221,223,223,222,221,216,208,211,223,228,229,229,229,230
188,187,183,178,179,185,198,208,214,220,223,224,224,224,222,213,196,196,215,225,226,226,226,227
184,181,178,177,183,186,195,204,211,218,222,224,224,225,223,216,199,194,210,223,225,225,224,224
188,187,186,188,192,189,193,199,205,213,219,222,222,222,219,214,203,202,212,220,223,222,221,221
186,187,190,195,197,192,192,194,199,209,215,217,216,215,213,212,211,212,215,216,220,221,221,222
180,181,186,193,196,193,193,194,198,208,211,211,209,207,207,210,216,218,215,213,219,223,224,225
177,180,184,187,189,190,196,200,204,208,208,208,206,205,206,209,215,217,213,214,221,223,221,221
178,178,179,180,180,183,194,202,206,207,209,210,210,209,211,213,216,217,216,216,215,209,204,201
179,178,176,172,170,171,184,194,199,203,207,211,211,211,214,216,218,219,219,215,201,189,182,181
179,177,172,166,162,162,172,182,188,194,200,204,207,211,216,217,219,220,217,203,178,164,163,166
175,171,166,160,157,159,165,172,176,179,186,188,195,206,213,215,218,218,209,184,154,144,148,152
160,159,157,154,154,160,166,167,163,160,166,167,174,190,201,210,215,212,197,172,148,139,139,136
139,141,144,146,147,157,161,161,158,155,157,149,151,169,186,202,206,200,187,173,158,147,141,139
137,137,139,140,141,153,157,155,153,155,146,125,125,153,181,194,192,187,184,179,169,158,150,148
145,142,138,136,136,151,156,150,145,147,131,103,105,142,174,174,170,173,182,179,165,155,152,151
147,144,138,132,133,152,155,144,134,134,116,89,94,132,157,146,146,160,175,168,151,143,146,152
139,137,133,130,134,154,156,144,132,129,112,87,89,118,137,133,140,156,169,163,151,148,155,161
134,136,137,137,143,160,159,147,136,131,121,104,96,108,136,148,156,163,167,161,153,155,164,169
137,144,144,139,142,155,154,146,137,134,132,126,119,121,145,160,166,167,164,160,153,157,167,173
151,156,145,132,137,149,151,145,140,139,138,140,140,140,152,161,167,166,161,160,158,160,164,168
170,166,140,120,134,150,152,148,145,146,139,142,146,147,150,156,163,164,160,162,166,166,161,156
