171,170,171,168,161,160,158,161,165,164,159,154,152,154,158,153,148,141,135,137,140,142,149,161
175,172,169,163,153,153,155,158,162,161,159,154,152,153,155,150,146,144,143,148,150,149,153,161
173,168,158,145,132,132,134,136,135,133,135,138,145,153,155,154,156,160,163,166,165,161,160,164
160,153,140,124,111,111,114,116,116,117,125,136,151,164,168,171,177,182,182,181,175,169,166,166
137,133,123,114,113,117,123,130,138,150,162,171,180,189,192,193,195,194,189,184,175,168,166,165
130,130,130,134,147,161,174,182,184,187,191,191,191,193,195,195,191,186,180,173,163,159,159,159
146,150,156,165,175,184,192,196,195,192,190,187,183,181,183,181,172,165,162,156,147,146,149,149
168,170,175,181,184,185,188,190,189,183,177,174,169,165,166,163,153,149,151,149,138,134,135,135
187,184,183,182,180,173,172,172,172,166,160,159,157,153,151,147,141,141,148,149,138,130,128,129
202,195,188,183,174,156,146,143,142,141,139,144,147,146,141,134,131,135,143,147,142,136,133,134
199,185,169,162,161,141,134,131,129,128,125,129,134,135,129,122,123,128,133,137,135,129,125,126
170,156,136,125,127,117,118,120,121,124,121,122,124,122,113,106,101,103,112,122,126,124,121,121
147,137,114,94,90,90,97,104,112,122,125,119,111,105,98,94,86,84,93,109,118,121,120,119
144,135,110,82,66,68,78,88,101,117,124,111,95,88,90,90,84,80,85,97,106,113,116,113
147,139,117,86,58,56,71,86,95,104,108,98,86,83,89,89,84,82,83,82,84,92,99,98
144,139,123,94,59,55,68,81,89,95,103,104,100,96,96,94,90,88,89,84,84,91,97,97
144,140,128,101,63,61,63,72,86,103,115,116,114,111,110,109,106,103,102,99,98,103,108,110
148,144,132,103,63,61,57,64,85,112,124,125,122,119,119,119,118,116,114,113,114,116,119,122
147,145,131,100,57,52,51,61,82,106,121,126,123,117,114,117,120,120,119,119,121,122,124,127
134,138,126,91,48,42,46,54,67,87,113,122,117,106,100,106,112,115,114,116,119,128,138,145
120,126,112,74,35,38,43,47,55,72,101,110,95,73,67,73,78,80,82,88,102,134,165,177
99,111,102,67,31,33,36,39,47,62,82,89,77,58,56,56,55,57,61,68,91,140,182,193
72,91,91,64,32,28,27,29,36,50,61,67,67,67,75,68,63,69,81,90,115,157,189,195
52,73,79,61,33,24,20,20,26,39,47,51,62,83,104,93,90,103,124,142,161,180,192,196
