145,147,145,138,130,130,131,131,131,134,143,153,159,161,161,169,174,173,168,169,177,186,198,211
144,146,145,139,132,131,130,130,131,136,145,153,158,159,159,166,172,172,169,170,176,182,195,209
146,148,146,139,131,129,129,130,133,138,147,154,158,159,157,163,168,170,169,171,174,178,188,203
150,150,145,136,127,126,128,131,134,139,146,153,158,160,158,161,164,168,170,171,172,173,181,194
151,150,142,131,123,123,128,131,133,136,141,149,157,161,161,161,164,169,172,170,169,169,175,186
146,144,137,128,123,126,129,131,131,132,135,143,155,164,167,164,166,171,173,167,165,166,172,181
139,137,132,127,126,129,130,131,130,129,127,132,145,161,167,165,167,172,173,169,166,166,170,176
133,131,129,129,130,130,130,130,130,128,124,124,136,153,164,167,169,172,173,172,169,168,171,178
130,128,129,131,131,129,128,129,130,127,123,121,128,143,159,168,172,173,173,173,170,169,176,187
129,129,130,131,130,128,129,130,129,126,124,121,122,132,152,168,173,174,174,174,169,168,180,198
131,130,130,129,127,128,130,130,127,124,123,122,120,124,145,165,171,171,171,171,168,168,182,202
131,130,128,127,127,130,130,128,125,121,122,123,120,121,142,162,169,169,170,170,167,168,181,202
130,128,126,126,128,132,130,125,121,119,120,121,117,118,143,162,168,169,170,169,168,168,179,198
130,129,127,127,129,132,128,122,118,118,118,118,113,116,146,164,171,171,172,170,170,169,176,193
134,135,132,128,126,129,125,119,117,121,122,120,115,121,152,167,174,177,178,175,175,171,175,189
144,144,139,133,129,131,129,126,128,135,136,132,128,134,157,166,179,193,200,196,189,179,177,185
144,143,140,136,134,138,140,142,148,155,155,146,137,139,154,162,181,203,214,212,204,192,187,192
141,142,145,148,150,154,157,161,167,172,170,161,151,148,159,166,184,203,214,214,212,204,200,204
139,144,152,160,166,167,167,169,171,171,170,167,163,162,170,173,184,197,204,206,210,211,211,213
133,135,140,145,148,146,145,143,141,138,141,146,150,153,158,158,169,183,192,195,201,207,212,214
128,128,128,128,128,123,123,123,121,120,123,128,132,133,136,142,164,188,198,198,197,199,203,207
130,128,126,124,122,120,119,119,119,118,120,124,124,124,130,143,173,200,208,204,199,194,192,193
135,133,130,128,126,125,123,122,121,122,124,126,125,126,140,162,189,205,207,205,202,195,186,182
137,136,133,130,129,127,124,122,120,122,124,126,125,130,154,183,199,201,196,198,204,198,185,177
