155,155,160,166,168,164,159,154,154,164,172,176,175,171,166,166,170,164,144,120,114,113,115,118
156,155,158,165,168,163,158,154,153,161,169,172,172,170,167,167,169,162,143,120,114,113,113,115
157,155,158,164,167,162,157,153,152,158,164,166,167,167,167,166,165,157,140,121,115,114,113,112
159,157,159,165,168,162,156,152,153,158,161,163,163,163,162,161,157,149,137,121,115,115,115,113
159,160,163,168,172,165,155,151,156,163,162,162,162,159,154,153,151,144,132,118,113,116,121,120
151,158,164,169,173,165,154,153,161,167,165,165,164,160,152,149,144,136,126,112,110,118,125,126
136,152,164,168,168,162,154,157,167,169,166,167,168,165,158,152,141,130,121,113,114,122,128,127
115,141,162,167,164,160,156,164,175,172,168,169,170,168,164,157,144,132,126,123,126,130,130,126
91,124,155,167,163,161,162,172,180,175,171,170,168,166,166,161,150,141,136,137,138,138,134,127
72,104,143,164,162,163,169,176,178,175,172,170,167,164,165,164,157,149,144,146,147,144,138,131
68,93,134,161,162,167,176,180,179,177,173,170,168,166,165,165,160,154,150,151,151,148,142,137
80,96,132,160,164,175,184,186,185,183,174,168,167,167,165,164,160,156,157,159,158,154,151,147
99,106,133,160,168,181,190,193,191,187,175,166,164,165,165,163,158,157,161,165,162,158,156,155
116,118,136,159,170,182,191,195,192,185,174,166,162,162,163,163,159,159,163,165,162,157,155,156
128,128,140,158,170,179,187,191,186,174,169,165,162,161,162,163,162,162,163,163,159,153,151,152
138,135,140,153,166,178,184,185,179,166,164,165,165,164,166,167,167,164,161,156,154,151,149,150
151,147,149,155,164,174,177,178,173,159,159,164,167,169,171,169,166,163,161,155,154,152,151,151
162,160,160,162,165,169,170,172,169,156,157,161,163,164,166,165,163,163,162,157,154,153,152,151
169,167,167,167,166,167,168,170,168,159,158,157,154,151,153,156,158,159,158,153,150,149,149,148
169,168,169,169,167,169,170,170,169,164,162,159,154,151,150,149,145,142,141,138,135,136,138,138
166,164,166,168,168,170,172,171,168,168,171,172,170,168,164,157,147,139,136,133,130,131,134,136
160,159,161,164,163,165,170,170,170,174,178,179,177,174,169,163,156,151,148,144,140,141,144,146
151,152,156,159,158,159,165,170,174,179,175,173,168,163,159,157,158,158,155,149,143,145,150,152
144,148,153,156,155,157,163,173,179,178,165,159,154,147,143,144,149,151,146,137,131,135,142,145
