200,196,185,175,173,169,163,160,160,159,160,152,142,141,153,162,154,138,128,131,131,129,128,129
193,189,178,169,167,165,159,155,154,154,155,149,142,141,152,160,154,138,125,126,126,125,123,123
170,167,160,154,155,158,154,150,149,148,147,142,136,136,145,153,151,140,127,125,127,128,125,121
143,143,140,138,142,149,149,148,147,143,135,131,130,133,139,146,150,146,136,131,135,135,130,122
129,131,129,127,130,139,145,147,145,136,125,123,127,134,141,146,152,151,143,137,137,137,130,122
126,127,125,122,121,127,132,134,131,126,121,121,125,130,133,134,136,135,129,122,121,123,121,117
127,128,126,121,117,121,124,123,118,112,108,105,102,104,112,120,124,124,121,116,115,116,117,118
121,124,125,122,118,121,121,117,108,99,95,89,82,80,90,106,117,122,123,121,121,119,118,119
107,115,124,128,123,117,112,105,98,91,88,85,78,72,78,97,112,121,126,127,127,123,120,121
96,108,127,138,128,104,87,81,85,93,93,93,86,78,80,93,103,109,115,120,120,117,118,124
98,107,120,125,111,88,75,72,80,95,95,89,82,78,81,83,82,82,90,100,104,103,109,121
92,92,95,99,95,89,87,83,83,90,89,82,78,79,84,83,77,73,78,90,93,91,98,112
91,86,86,93,100,102,103,99,93,92,93,87,83,85,90,87,82,79,81,91,94,93,98,110
98,96,101,113,119,115,112,109,107,107,108,104,99,98,97,94,93,92,92,100,106,108,110,116
98,105,117,127,127,121,119,118,117,119,118,116,114,112,109,106,106,107,106,110,118,120,119,118
104,112,121,127,127,124,122,119,118,120,121,121,121,121,118,115,117,119,120,118,120,124,123,120
102,108,116,123,127,128,125,120,117,116,119,122,123,122,119,118,119,122,123,120,119,122,124,121
84,90,104,120,128,130,126,121,114,109,114,121,124,123,120,119,121,123,122,121,124,127,127,126
56,65,89,114,126,125,118,110,103,95,103,113,119,118,116,117,120,122,122,128,143,147,145,142
45,51,73,101,120,115,93,76,70,68,76,86,91,92,91,96,102,108,118,144,172,181,180,181
51,56,70,93,114,107,76,52,44,46,50,54,55,56,56,61,64,75,104,158,186,194,198,206
48,55,64,77,92,94,72,52,45,48,46,42,40,40,43,45,44,57,99,167,189,196,205,214
34,45,56,62,63,69,65,64,70,75,66,56,52,58,69,76,78,90,126,179,189,192,199,204
21,35,53,58,45,44,51,73,98,106,91,76,76,91,115,133,143,154,171,191,189,186,186,186
