50,46,41,39,41,40,35,34,38,43,45,55,68,79,84,85,90,93,85,67,44,32,28,27
39,38,36,36,38,38,35,34,35,40,44,55,69,80,82,77,78,77,67,50,36,29,27,25
27,28,29,30,31,32,31,30,29,31,37,48,61,70,66,54,51,50,44,32,27,27,26,24
20,21,22,23,25,25,25,24,22,24,28,35,46,52,44,32,31,34,33,29,30,31,31,30
21,21,20,21,22,23,23,23,23,24,26,28,35,40,35,33,37,42,44,44,47,47,45,45
25,23,22,23,24,27,29,30,31,32,33,36,42,47,49,53,58,62,64,69,72,73,72,73
30,30,32,33,32,34,37,39,40,42,46,51,57,61,66,73,77,78,80,85,88,90,92,93
35,35,38,41,40,44,48,50,52,54,58,65,71,76,80,84,87,88,90,94,95,98,102,102
43,41,42,45,47,52,59,63,65,66,68,73,80,86,88,88,90,93,96,99,98,101,103,102
54,51,50,51,54,58,67,74,77,76,75,78,84,90,91,90,92,96,100,106,105,103,100,98
53,53,57,60,61,65,73,80,81,78,77,81,86,90,91,93,94,97,104,117,119,112,102,97
54,58,64,68,68,72,78,82,82,78,82,87,91,92,93,97,98,98,104,116,118,111,103,98
56,61,68,73,74,78,82,84,83,81,88,95,98,96,97,101,102,101,102,107,108,106,103,101
53,57,66,72,75,80,84,86,87,88,96,104,104,100,100,103,104,104,102,102,102,103,104,105
42,46,54,61,66,75,81,86,91,95,104,110,108,103,103,105,106,106,105,104,105,106,107,108
38,40,45,48,50,58,64,72,81,89,100,106,104,101,102,106,107,107,106,106,106,107,109,110
35,37,40,42,40,43,47,53,61,72,84,93,96,97,100,105,108,109,107,106,106,107,109,109
37,38,41,44,43,43,46,49,55,65,76,86,92,96,100,105,108,109,107,107,107,108,109,110
52,50,52,56,58,62,65,67,70,78,84,89,95,99,102,105,108,109,108,108,109,110,111,112
82,78,76,77,79,84,87,88,89,93,93,96,100,103,103,104,105,106,106,108,110,112,113,113
83,81,81,82,85,88,86,80,76,79,79,80,82,82,82,82,82,82,83,84,86,87,88,90
107,110,115,120,123,122,107,82,68,85,87,87,86,82,80,78,76,75,75,75,75,75,75,77
138,146,155,162,163,157,132,91,75,113,122,124,122,118,112,107,102,98,95,92,90,89,89,87
148,158,169,174,172,164,136,97,88,140,157,163,165,163,155,150,142,133,123,116,114,115,114,110
