64,59,55,55,59,68,95,131,152,138,102,82,74,71,69,70,74,81,87,83,80,74,71,74
62,59,55,55,58,67,90,124,149,138,104,83,73,70,69,72,78,85,89,85,81,76,73,75
60,58,54,52,56,63,80,111,141,140,108,84,74,71,71,75,83,89,90,86,83,78,75,77
57,54,51,50,53,58,70,98,131,141,114,91,81,79,75,76,84,89,89,86,84,80,79,81
50,48,48,49,53,57,67,90,120,138,121,106,99,93,82,74,79,86,88,84,82,81,82,85
43,45,48,49,51,57,68,82,103,128,129,125,118,107,89,74,77,85,88,84,80,76,74,75
37,41,46,48,51,58,65,72,90,121,132,134,130,118,95,75,73,79,84,81,79,74,69,68
31,37,44,49,53,58,62,69,87,115,128,131,129,119,96,75,70,74,77,73,70,67,65,66
24,33,44,51,54,59,65,75,90,110,118,119,117,109,89,75,71,72,71,64,57,54,56,59
19,29,43,52,54,64,74,81,92,108,110,106,101,93,78,74,75,74,70,60,45,39,38,37
17,26,38,49,55,65,73,78,89,109,113,104,94,86,74,75,77,77,74,63,43,32,29,27
18,24,38,51,59,65,72,77,88,107,120,111,96,86,81,80,80,77,68,55,36,24,18,17
26,29,40,55,64,71,77,80,86,99,114,109,95,87,87,84,85,79,62,44,28,19,14,13
41,41,47,59,69,79,82,81,82,88,97,95,88,84,85,84,86,80,61,39,27,21,17,16
54,54,59,67,75,80,77,73,75,83,88,86,81,77,79,81,81,75,61,44,37,29,21,18
57,60,67,75,80,78,69,61,62,73,81,79,73,68,66,69,69,64,56,48,49,43,32,26
60,63,67,74,79,79,71,60,56,61,68,67,65,63,60,65,69,68,62,53,53,50,43,36
61,60,62,68,75,79,77,70,62,60,62,64,68,70,67,72,78,80,75,63,58,56,53,48
55,52,55,62,69,75,79,78,74,70,66,70,78,83,78,78,82,85,84,76,68,66,64,60
39,39,46,56,62,66,72,75,74,74,69,69,74,75,64,59,62,70,80,84,79,74,71,70
26,29,36,44,50,53,58,61,62,63,60,59,59,55,40,31,30,39,54,70,76,75,71,67
26,27,28,32,38,44,47,47,48,51,51,59,70,72,52,33,23,27,40,48,54,57,56,50
41,38,31,25,28,36,41,41,42,47,47,61,81,92,79,65,59,63,72,65,56,51,43,33
60,56,41,26,20,28,39,44,46,51,45,54,72,86,89,100,110,124,133,118,93,69,46,27
