18,14,10,10,15,23,28,36,45,48,57,64,58,43,35,41,48,47,42,48,57,65,64,57
17,13,9,8,13,24,33,44,53,52,51,54,51,43,35,37,44,48,47,48,48,54,58,55
14,10,7,7,11,23,39,52,58,55,46,43,45,45,39,39,42,47,49,49,42,43,47,49
10,7,6,8,11,22,41,54,57,53,45,42,45,49,48,47,46,48,50,49,43,39,40,43
10,7,8,12,16,21,39,52,54,51,50,49,50,53,56,57,55,55,55,51,47,41,40,42
12,10,10,16,24,27,45,58,62,60,55,50,47,49,54,57,58,61,67,66,58,49,46,46
15,14,15,18,23,31,52,67,70,67,62,54,51,55,61,60,53,49,54,63,60,52,46,45
20,20,20,19,20,33,57,71,72,68,65,59,56,60,65,60,47,39,44,55,53,47,42,39
24,23,20,18,20,35,58,71,72,68,67,64,57,55,60,54,42,37,43,47,42,38,36,33
27,22,17,16,23,37,56,69,72,72,74,68,54,41,44,43,37,35,38,39,35,33,33,32
39,33,24,19,21,30,47,63,72,73,71,64,51,39,36,36,30,26,29,31,31,32,32,33
52,43,29,18,17,23,44,65,77,77,72,61,49,39,33,34,29,26,29,28,31,34,37,38
58,46,33,25,26,30,63,91,96,84,74,59,47,42,45,49,41,34,33,27,27,31,36,39
55,46,41,48,62,56,94,125,121,92,74,57,48,52,70,74,58,42,34,23,19,25,34,40
49,47,56,85,118,89,102,128,130,93,70,58,57,68,89,83,62,41,27,16,14,27,45,55
35,37,54,93,136,102,93,99,94,63,46,44,46,54,71,69,54,38,27,18,17,29,46,58
30,35,53,91,136,122,115,116,103,67,40,36,44,56,77,87,73,51,37,27,24,27,34,39
27,31,42,72,120,141,148,155,150,115,82,67,68,81,109,124,107,85,71,54,41,32,25,24
25,23,23,42,89,137,152,167,179,165,150,130,112,108,132,138,128,122,120,93,69,46,30,26
28,24,21,30,55,91,98,109,127,142,167,169,140,103,95,95,105,126,139,114,87,56,36,31
25,26,30,35,41,43,40,48,64,80,109,129,120,86,55,48,56,70,78,68,62,49,35,26
23,27,32,36,38,24,18,26,38,39,47,61,67,59,45,37,35,33,30,28,31,30,25,22
26,29,27,29,35,27,21,30,41,34,21,17,23,35,48,44,34,24,17,17,16,15,15,18
34,32,24,21,30,31,26,35,49,46,31,16,14,27,47,43,34,26,23,23,19,14,11,13
