168,172,181,189,189,187,174,170,177,183,181,181,186,188,176,166,168,178,185,182,181,178,176,177
165,169,178,186,189,189,180,177,181,185,181,180,183,185,180,171,171,179,186,186,185,181,178,179
163,166,173,180,184,187,183,181,182,183,182,179,177,178,181,177,176,180,186,187,187,183,179,179
163,165,168,172,176,179,178,178,178,179,181,176,168,166,176,179,180,180,180,183,184,182,177,176
162,164,165,167,169,167,167,170,174,174,175,169,159,157,169,177,180,178,172,174,179,180,176,173
154,158,160,163,167,163,159,162,168,170,170,165,160,159,167,172,175,174,170,171,178,180,179,177
137,146,155,163,170,169,164,164,168,168,168,162,155,157,166,169,168,168,170,173,177,179,180,181
137,147,157,164,172,176,172,170,169,168,168,156,145,149,165,169,169,171,175,175,175,176,179,181
152,160,164,165,170,177,176,171,167,167,169,152,139,145,168,176,177,179,181,177,174,174,177,179
167,172,172,168,167,172,172,166,160,165,171,157,147,156,177,186,186,184,181,181,177,176,178,178
182,185,182,173,163,163,165,161,157,163,167,165,165,171,183,189,189,187,186,184,180,177,178,179
191,191,185,174,165,167,172,172,170,172,173,176,179,182,186,189,189,188,187,181,178,177,178,180
192,191,187,182,179,183,187,188,185,181,180,183,186,187,189,190,190,189,185,175,175,178,181,182
188,190,193,195,196,198,198,196,192,185,184,185,187,190,192,193,193,190,182,171,175,181,183,183
189,193,198,200,197,196,194,193,192,190,189,191,194,196,194,194,194,189,178,172,177,182,184,184
186,190,196,199,196,197,194,192,192,195,197,198,200,201,199,196,194,190,184,181,182,184,184,183
183,185,192,198,198,198,197,197,199,203,204,203,203,204,204,200,197,195,192,189,184,183,184,184
180,181,189,197,200,202,203,205,207,208,207,205,203,202,202,202,202,203,202,197,188,185,188,191
178,179,187,197,204,205,208,210,209,207,204,202,200,196,194,197,204,210,210,204,194,192,198,203
176,177,186,198,207,207,207,205,201,194,192,191,189,187,184,185,193,202,206,204,201,203,209,214
169,168,172,183,196,198,193,187,181,179,183,184,184,184,182,179,180,188,198,199,200,202,206,210
166,162,161,165,174,177,172,167,166,167,172,173,174,178,181,178,176,182,195,198,200,201,202,202
162,159,154,150,150,152,152,153,155,157,159,160,163,169,177,182,184,189,197,201,203,203,201,198
155,154,149,141,135,137,141,146,148,147,146,151,156,161,170,188,197,201,202,204,205,205,203,200
