118,114,113,119,126,115,96,88,94,108,134,151,153,147,145,140,131,114,95,91,94,96,100,107
115,111,109,114,121,112,95,87,91,106,132,149,151,143,139,134,128,112,92,90,93,95,98,102
107,106,105,108,114,107,94,84,85,100,125,141,143,135,131,126,123,110,90,86,91,93,94,94
96,99,100,103,107,102,92,83,81,93,116,129,130,125,125,123,122,111,91,84,88,89,88,87
87,88,91,95,101,98,91,84,82,89,107,118,119,117,122,125,125,114,94,83,86,86,85,85
79,81,82,85,92,96,94,88,85,90,103,115,120,120,123,124,122,112,96,84,88,91,89,87
81,81,80,80,83,91,95,91,88,93,101,112,122,128,127,123,118,111,101,84,86,90,91,90
80,80,80,78,77,86,93,93,91,97,101,110,122,130,128,122,116,113,107,87,85,90,93,92
77,78,78,77,75,82,92,96,97,104,104,108,117,125,123,118,115,116,112,91,90,96,99,96
76,77,79,79,77,83,93,101,108,117,110,107,112,118,115,112,113,116,111,94,97,105,108,105
76,78,81,83,80,83,94,107,119,123,113,106,110,117,117,115,114,113,111,101,108,113,112,108
76,78,81,83,83,84,95,110,119,119,111,105,109,118,121,117,112,110,113,114,121,123,120,115
75,77,81,83,83,83,95,108,113,110,107,106,110,118,122,117,110,108,115,123,129,130,125,120
74,77,81,83,83,84,94,103,106,104,105,107,112,117,120,117,109,107,115,124,131,131,127,122
73,77,83,88,89,88,94,101,105,105,106,108,110,112,117,118,110,106,113,121,129,130,128,126
73,76,83,89,92,89,92,99,106,107,109,112,111,108,110,113,109,108,112,116,125,129,128,128
76,78,85,93,97,93,94,100,107,108,112,118,116,111,111,112,111,112,114,112,117,123,124,124
80,81,88,98,104,101,99,104,110,110,116,122,123,120,119,118,116,116,116,109,109,113,117,116
85,86,93,102,109,107,105,108,113,115,119,123,127,129,128,125,121,119,117,110,104,106,109,109
92,95,100,106,109,107,105,107,113,116,118,119,123,127,128,125,122,121,120,116,108,107,109,110
95,100,105,109,109,106,102,104,112,116,116,116,118,121,121,119,116,116,117,116,110,107,107,109
98,104,109,110,107,105,101,104,111,113,113,116,118,116,115,113,112,112,115,118,113,108,107,107
103,107,111,110,104,103,103,107,111,110,112,118,118,113,110,109,109,109,113,120,118,114,110,107
108,108,110,109,102,99,105,112,113,110,114,118,116,109,107,107,106,106,110,120,122,120,115,110
