131,133,136,134,125,122,124,125,120,117,126,138,145,143,137,133,131,132,135,138,144,146,142,136
130,132,135,134,126,122,125,126,121,116,122,132,138,137,134,131,130,130,130,132,140,143,141,136
126,129,132,131,126,124,125,126,122,115,116,123,129,131,131,130,128,124,120,121,129,136,137,134
120,122,125,127,126,123,123,125,125,119,117,123,130,132,131,129,124,116,109,108,115,124,129,130
113,114,117,121,123,119,116,122,129,129,130,137,142,140,132,126,117,107,99,96,103,113,121,125
112,111,112,116,118,115,112,117,126,130,134,140,143,138,127,115,104,96,92,90,95,105,114,120
118,116,114,115,117,115,115,119,124,126,131,135,135,129,117,106,99,95,94,95,99,108,116,119
124,121,118,117,118,116,118,121,125,126,128,130,127,120,111,105,104,103,102,103,108,114,119,121
125,124,122,121,121,117,119,123,127,128,127,125,120,113,108,110,112,112,109,109,114,117,119,121
126,126,125,124,122,118,120,125,129,128,124,119,113,108,109,113,115,114,111,110,113,114,115,117
124,124,125,125,123,121,122,127,130,127,120,114,110,109,112,115,116,116,116,116,115,113,113,115
122,123,125,126,126,122,123,125,127,125,121,116,113,114,115,115,116,119,123,123,120,117,117,120
122,121,121,123,124,120,120,121,123,124,123,120,118,117,116,113,113,118,124,126,124,122,123,125
119,116,115,116,117,115,115,116,119,122,124,123,120,117,114,112,112,115,121,124,124,126,128,130
112,109,108,111,113,112,111,112,115,119,120,118,115,112,112,114,117,119,121,122,124,129,132,133
111,110,110,112,114,112,111,111,115,118,118,114,110,109,112,117,122,124,125,125,129,134,138,138
113,113,113,114,114,111,110,113,117,121,119,113,108,108,112,116,119,122,126,129,134,137,138,136
114,114,114,114,113,110,111,115,120,122,117,110,104,103,108,110,112,118,126,133,137,137,134,131
110,111,111,112,113,112,113,116,119,117,108,100,95,95,99,101,105,114,126,134,137,135,132,130
104,106,108,111,113,114,114,114,112,103,93,88,88,92,96,97,100,108,120,130,136,136,135,134
99,101,105,109,110,111,114,115,111,102,93,91,94,99,102,100,100,105,116,127,137,141,140,139
92,94,99,104,105,104,109,113,111,104,96,94,97,103,106,104,101,104,112,123,135,141,142,140
87,89,94,99,99,97,100,106,109,105,96,92,94,101,107,106,104,104,109,118,130,137,140,139
84,87,93,97,96,93,95,101,106,103,94,88,89,98,106,108,106,106,109,115,125,133,136,138
