8,24,64,93,88,99,57,16,7,32,92,133,133,97,55,58,50,43,50,64,46,38,45,56
27,30,57,85,85,89,61,25,7,23,70,110,120,96,57,53,47,42,48,62,48,39,43,51
73,56,52,66,81,76,66,42,17,16,41,72,90,85,62,51,45,42,45,61,52,41,39,45
97,77,51,47,72,69,66,55,38,22,23,39,57,69,73,60,49,44,45,59,61,46,34,37
61,64,49,37,55,70,61,59,61,41,25,27,42,64,88,83,64,49,47,55,69,52,29,25
28,40,40,32,37,63,59,60,68,59,36,37,59,88,105,103,80,57,46,46,65,56,31,16
15,27,38,37,29,47,56,59,63,68,48,45,66,96,111,107,88,63,43,38,51,52,36,16
13,21,38,47,33,35,51,57,58,70,58,49,61,89,107,105,93,71,45,37,39,44,38,22
18,19,37,53,45,30,46,54,56,68,67,53,54,77,99,102,98,80,52,41,37,39,38,30
26,20,31,50,53,32,39,51,56,61,71,59,53,67,90,99,101,86,61,48,44,42,39,37
27,20,23,35,46,33,33,45,56,56,69,64,56,60,81,93,100,93,76,63,61,58,52,47
26,21,19,27,41,35,30,40,55,56,67,69,60,55,71,87,99,99,91,82,86,83,71,59
25,21,19,26,41,41,34,39,54,62,72,78,70,59,67,84,99,105,103,95,102,101,89,75
26,22,20,28,45,49,41,41,53,68,82,91,87,75,75,90,106,115,115,107,105,104,99,90
28,25,22,28,43,49,45,44,53,70,87,100,103,96,90,104,122,132,132,123,107,99,97,98
31,28,25,27,37,44,48,55,64,75,89,107,115,107,95,101,121,137,140,134,114,100,99,106
36,34,31,32,42,56,65,76,85,90,86,99,112,112,98,93,106,126,138,138,124,108,104,113
40,41,39,40,53,71,83,91,96,96,79,79,91,100,95,90,98,114,131,138,135,124,121,129
43,47,47,48,58,75,85,88,87,81,68,58,61,72,81,92,103,115,127,139,144,144,146,152
50,53,54,51,49,58,66,72,71,62,52,43,44,54,65,79,102,121,129,140,149,156,164,171
61,61,61,57,46,44,49,56,59,55,45,38,37,44,55,59,84,112,132,146,158,167,174,180
63,63,65,62,52,46,45,48,51,54,48,43,44,49,54,49,70,106,138,158,173,179,182,185
50,54,60,63,61,58,54,50,51,59,68,75,81,85,83,73,89,121,153,172,182,182,179,179
34,41,51,60,65,69,64,57,55,68,95,120,134,134,126,119,129,151,171,181,178,172,166,162
