1,0,0,2,3,0,0,4,11,18,11,12,18,19,8,2,0,0,2,7,12,24,46,67
7,4,1,1,2,1,0,2,8,15,14,18,24,24,10,3,0,0,1,3,7,14,27,41
25,15,5,0,1,1,0,1,4,11,15,20,26,25,14,7,3,1,0,1,2,4,8,14
44,29,12,2,1,1,1,0,2,7,12,17,24,28,25,16,9,3,0,0,0,0,0,1
51,40,22,7,2,2,1,0,1,4,8,11,21,34,41,28,14,4,1,0,0,0,0,0
53,48,34,17,6,3,1,1,2,5,9,8,11,24,42,38,19,5,1,0,0,0,0,0
63,57,47,33,21,9,3,2,4,7,10,9,10,18,35,39,25,9,3,2,1,1,1,1
69,63,54,46,39,24,13,9,10,13,15,15,18,26,34,38,30,23,24,25,21,20,21,22
71,65,57,52,53,43,30,22,21,24,26,30,35,40,40,40,37,41,54,62,55,53,56,58
72,69,60,53,56,57,50,41,37,41,46,51,54,53,49,48,47,56,74,86,80,80,85,88
62,62,58,56,61,65,65,63,61,62,59,62,68,73,75,76,77,84,92,96,89,86,89,93
74,71,64,61,67,75,79,80,80,79,71,64,65,75,89,98,102,103,101,96,91,83,76,73
86,82,77,74,76,79,85,90,93,94,87,75,68,75,91,107,114,111,103,93,85,72,56,45
80,82,87,86,76,66,75,92,106,113,108,96,87,88,95,107,112,109,101,90,77,64,47,32
57,67,79,78,57,35,47,83,119,130,122,106,101,109,111,100,97,98,93,85,77,74,66,54
38,47,64,69,51,34,35,60,94,109,93,75,74,83,76,58,58,62,60,62,74,93,101,91
28,31,42,50,45,44,46,56,71,78,63,51,55,64,54,42,44,47,43,42,52,75,93,96
19,18,23,31,38,53,65,71,71,70,61,54,56,60,57,58,64,68,63,57,52,60,75,84
10,11,14,20,30,52,75,86,84,77,72,67,61,58,68,76,87,96,98,91,75,67,68,72
9,10,14,18,23,41,67,77,69,51,44,46,44,41,52,56,62,73,84,78,63,55,55,59
18,21,25,27,26,35,47,48,38,27,23,27,28,28,33,33,37,43,46,43,35,32,37,45
25,33,42,43,38,41,43,37,27,21,17,19,22,25,29,28,29,28,23,21,19,21,29,38
21,31,43,48,42,42,42,38,34,33,27,22,20,23,27,25,23,18,13,14,15,20,29,37
8,15,27,34,32,31,33,38,45,50,42,28,18,16,18,14,10,6,6,11,15,22,31,38
