138,151,169,179,177,176,180,183,187,193,204,210,205,194,186,173,163,164,175,180,171,150,132,126
141,149,158,162,155,147,143,142,144,151,161,168,168,163,161,154,148,148,154,161,164,154,140,132
146,153,159,160,153,142,133,124,117,112,110,112,117,125,134,135,132,126,123,123,131,133,133,132
142,148,160,168,169,163,154,143,129,114,103,101,108,123,138,140,135,126,116,108,112,120,126,130
123,126,141,162,175,177,175,170,163,155,151,151,156,165,171,167,161,154,148,140,142,144,139,129
122,116,122,140,157,163,170,179,182,172,167,162,160,163,166,166,162,157,153,148,150,149,134,113
136,131,130,135,144,154,165,174,175,164,158,156,158,162,164,162,157,154,153,147,150,146,130,112
141,140,139,139,141,148,160,168,166,154,146,142,143,146,149,147,143,141,138,130,128,125,120,116
145,146,148,149,148,150,160,169,168,159,148,141,137,138,143,144,143,140,135,124,115,112,115,120
165,164,163,162,161,160,166,172,174,170,165,161,160,165,173,174,170,167,164,155,144,137,131,126
150,154,154,150,145,141,142,142,140,138,139,136,136,143,155,158,150,141,135,133,130,133,139,144
156,162,162,157,150,145,145,144,143,144,146,148,152,158,165,163,153,143,138,139,133,126,122,122
169,173,172,166,160,156,158,159,161,166,168,170,174,176,177,172,166,162,161,161,152,140,129,120
170,171,170,166,161,161,165,168,170,174,177,176,176,175,172,167,166,169,172,173,167,164,158,149
153,157,161,162,160,164,168,166,161,158,162,164,164,164,161,151,144,145,154,159,158,160,162,161
159,163,166,167,168,174,171,160,145,134,138,145,149,151,152,146,141,141,147,153,158,164,167,166
163,163,163,165,170,178,177,170,158,146,144,148,150,150,152,158,165,167,165,163,165,170,172,170
154,151,151,155,165,175,178,176,170,162,161,163,164,162,163,173,184,187,181,174,168,167,168,170
141,140,142,149,159,167,170,167,161,160,168,174,175,174,174,176,178,177,174,172,163,156,156,164
152,153,154,157,160,162,164,162,158,157,165,170,169,165,164,161,157,152,150,156,154,150,150,154
158,163,168,167,165,167,167,164,161,163,162,161,159,154,144,140,136,129,119,117,120,130,140,145
146,150,153,152,151,155,154,152,154,157,148,147,153,157,148,145,141,132,124,121,122,127,133,136
145,146,146,146,144,142,140,140,140,136,124,125,136,145,149,159,156,147,144,147,143,135,130,131
165,165,168,169,160,143,142,141,131,112,101,105,109,113,132,162,163,152,151,158,150,137,129,130
