181,178,176,178,182,185,190,199,208,208,196,189,178,165,162,171,180,176,158,136,127,126,128,130
160,157,149,143,142,143,148,157,165,168,164,162,157,149,146,152,159,163,159,143,133,131,131,129
158,155,146,135,127,120,114,110,110,114,123,132,136,133,128,123,123,127,133,133,133,135,136,134
171,170,166,158,148,134,119,106,101,104,119,133,140,138,130,119,110,110,117,125,130,133,133,132
174,176,177,176,172,165,157,152,151,153,163,169,169,163,156,150,142,140,144,142,131,121,115,113
153,156,161,167,175,182,176,168,163,159,162,165,166,164,159,155,149,148,150,141,117,98,90,90
140,143,150,161,171,176,167,159,157,157,161,164,162,159,155,153,149,148,149,137,117,104,98,96
139,140,145,155,166,168,158,148,142,143,145,148,147,145,141,139,133,128,127,121,118,122,124,122
150,148,149,156,166,170,162,151,142,138,137,141,144,144,141,137,127,117,112,113,119,129,137,139
162,161,160,162,170,174,171,167,162,160,163,170,174,172,168,166,158,147,138,133,127,120,120,125
148,145,142,141,142,140,138,138,137,135,140,151,158,154,143,137,134,131,131,137,143,145,145,148
154,151,147,145,145,142,143,146,148,150,156,163,164,157,146,139,139,136,128,123,123,124,124,124
164,161,157,157,160,160,164,168,170,173,176,177,173,168,164,161,161,156,144,133,122,114,108,104
164,161,160,163,168,169,173,176,177,176,176,173,168,166,168,171,173,169,164,162,150,136,125,122
160,159,163,167,168,161,158,160,163,164,164,162,154,146,143,151,158,159,159,163,160,155,154,159
164,166,171,173,165,149,137,136,143,149,150,152,149,142,140,145,151,157,162,167,166,163,165,172
165,168,175,179,173,163,150,144,146,150,150,151,155,162,167,166,164,164,168,173,170,165,163,164
159,163,172,178,177,172,164,161,162,163,163,163,169,180,188,183,177,170,166,168,169,164,157,152
153,157,164,170,169,163,159,164,172,175,174,174,176,178,178,175,173,167,157,155,161,160,154,149
158,160,162,163,163,159,157,161,169,170,166,164,162,158,154,150,155,156,151,149,152,153,151,148
165,165,167,168,165,162,162,163,162,160,157,148,141,138,132,122,117,119,125,137,144,147,150,155
148,150,154,155,152,153,157,152,146,151,157,152,146,143,136,126,121,122,125,131,135,135,133,133
145,144,143,141,140,140,137,128,122,132,142,148,156,160,149,144,146,145,138,130,130,128,120,112
172,164,149,140,142,135,117,103,101,109,109,126,152,168,153,151,156,155,142,130,130,132,126,116
