4,7,22,42,54,58,60,46,27,27,56,86,82,49,30,37,52,65,69,61,45,33,28,26
14,16,26,42,54,61,66,50,27,27,53,93,107,81,42,38,47,54,55,50,42,36,32,30
35,34,35,42,56,67,73,54,29,33,56,98,121,105,55,38,33,32,31,31,31,30,27,24
47,46,44,49,65,78,80,62,40,44,62,99,127,122,83,51,29,17,13,14,16,16,14,11
53,53,61,75,89,102,100,86,71,65,70,107,140,148,133,95,57,31,19,13,11,11,12,13
116,115,122,135,144,155,153,146,136,123,113,135,161,173,176,152,121,91,64,45,42,42,48,61
158,157,165,176,182,184,179,169,159,152,152,165,181,192,197,191,184,170,147,122,112,109,117,133
170,173,180,188,192,190,185,176,167,167,175,186,194,200,201,201,209,212,202,183,173,170,176,186
174,178,183,187,189,188,187,183,179,180,188,194,199,202,201,200,207,216,217,209,204,205,207,209
192,195,196,197,196,193,193,192,191,191,195,197,200,205,208,210,213,217,219,217,217,217,217,218
202,206,209,211,209,205,204,203,199,195,194,198,200,201,209,215,214,215,217,216,216,218,219,220
206,210,213,213,211,210,208,206,205,205,203,207,210,210,215,220,220,219,220,220,220,221,223,224
206,210,211,207,203,206,209,212,215,218,216,216,217,216,219,223,224,222,221,220,218,219,222,225
198,201,198,193,193,201,213,221,224,224,218,216,215,213,215,220,221,218,214,210,207,206,208,212
181,175,168,171,192,209,220,223,220,215,201,201,206,209,206,211,214,211,202,193,194,191,185,181
195,186,174,175,196,212,220,223,222,217,208,209,215,217,211,213,214,210,201,197,209,205,185,168
199,194,188,189,201,212,218,222,223,219,215,217,221,223,221,219,219,218,216,217,224,220,204,191
193,194,195,198,205,211,216,219,219,217,215,216,220,224,226,225,224,225,227,230,231,228,222,219
189,190,192,196,205,211,214,214,214,214,213,212,215,220,222,224,224,224,225,227,228,227,225,226
196,195,192,193,200,204,208,212,216,221,219,216,214,214,214,217,216,217,220,222,221,220,220,222
205,198,188,185,193,189,192,202,215,222,222,219,217,216,209,208,205,201,204,215,215,213,214,216
211,204,196,194,197,185,188,201,214,222,223,223,223,222,217,214,208,202,204,215,216,215,215,216
210,206,204,206,208,198,202,210,216,221,222,224,225,226,225,222,220,216,215,220,222,223,222,222
203,202,202,208,217,218,218,218,219,221,221,223,225,225,223,223,227,229,225,222,226,228,229,228
