153,160,165,166,163,154,142,134,131,132,129,132,140,145,142,143,147,148,143,140,145,151,152,151
145,154,161,162,160,151,138,127,123,126,127,131,138,143,142,144,148,148,140,133,138,143,141,137
133,142,148,149,145,139,131,124,122,126,130,135,140,145,145,147,148,145,138,129,132,134,131,126
132,137,139,136,130,129,131,131,132,137,141,144,147,150,150,151,149,144,136,124,118,118,120,121
149,145,139,131,125,131,140,146,148,151,152,152,154,155,153,155,154,147,130,106,87,86,97,109
152,139,124,116,117,123,132,140,146,149,150,152,152,151,151,154,149,131,102,66,42,41,54,64
141,120,95,83,86,86,88,96,107,117,131,144,149,148,148,142,120,89,57,32,20,24,36,42
126,107,84,72,75,68,55,51,58,71,95,122,140,146,148,133,96,57,31,17,11,16,25,29
120,111,98,91,92,78,51,31,27,35,59,90,117,134,146,132,94,59,43,31,21,20,24,28
129,126,120,115,111,93,61,36,27,30,45,62,82,105,130,130,112,92,80,68,57,52,53,56
103,102,99,94,89,80,60,43,36,38,46,54,63,75,92,98,97,93,91,89,90,98,106,109
76,76,75,73,72,71,64,57,55,57,61,63,67,75,84,89,95,98,97,98,105,118,129,133
77,79,81,82,83,87,86,83,83,85,87,86,90,97,101,103,106,107,105,107,114,124,133,136
96,98,102,105,106,110,108,106,106,106,107,108,113,119,120,117,113,109,107,113,122,128,131,133
91,92,94,95,98,99,98,100,103,104,104,106,111,116,116,109,99,91,91,104,119,126,128,129
77,77,77,78,78,80,83,87,93,96,95,94,95,97,98,96,87,80,79,91,106,114,116,117
70,72,76,81,84,86,92,98,102,108,109,106,102,99,99,96,88,79,74,76,85,91,94,97
68,71,78,85,90,92,100,106,112,122,131,129,120,113,111,109,99,87,77,72,73,75,77,78
65,68,71,73,77,80,86,93,102,117,132,131,121,112,112,112,102,89,79,73,70,67,65,64
65,65,61,55,53,60,64,66,71,80,87,85,79,75,75,75,72,67,61,57,54,51,47,45
55,54,50,45,43,45,46,46,47,48,49,48,47,47,48,48,47,46,45,45,43,41,40,39
45,44,42,40,39,39,38,36,35,34,34,35,36,37,40,40,39,39,42,45,44,40,36,35
36,35,35,41,51,57,55,51,49,50,52,54,54,55,60,57,52,51,56,64,64,56,44,36
29,28,30,45,71,91,89,81,78,81,84,85,84,86,93,85,73,69,76,89,90,80,60,42
