118,127,137,132,106,86,67,75,117,167,178,173,164,158,151,135,96,61,53,68,85,100,111,118
94,102,115,123,118,111,92,82,92,119,138,151,154,150,143,126,92,63,54,63,81,98,108,109
106,104,99,97,99,103,100,93,88,93,109,122,122,112,101,90,80,77,77,77,96,116,117,102
134,124,106,89,84,83,88,96,102,106,114,111,96,76,59,54,67,88,99,89,108,128,124,102
139,133,127,121,110,89,81,90,109,127,132,121,100,78,58,49,59,78,88,77,89,107,112,101
146,143,135,124,111,102,106,117,122,113,100,98,97,90,74,55,46,51,62,67,80,89,87,75
125,127,119,102,85,90,113,132,135,121,112,111,114,113,103,82,62,50,49,52,60,66,65,57
105,106,98,84,75,88,116,137,144,144,142,137,135,137,135,122,98,73,56,58,63,71,74,69
106,103,96,92,94,101,116,127,133,139,139,132,129,135,143,139,117,89,70,75,81,88,90,85
123,122,120,121,123,111,104,98,90,82,80,83,87,95,112,106,90,77,75,82,88,85,76,68
115,114,111,112,118,110,101,93,83,74,76,88,96,97,100,95,94,101,113,119,123,110,87,72
108,104,96,91,93,94,90,84,78,75,78,89,97,100,100,108,110,109,108,108,108,103,98,95
142,136,123,108,101,109,116,117,111,104,102,105,109,110,110,121,114,97,83,80,77,80,89,98
173,169,157,138,121,127,142,151,146,133,130,133,134,132,128,126,107,84,71,71,67,66,71,78
110,112,113,106,89,80,82,90,96,103,116,135,150,153,143,130,107,90,88,97,95,82,71,70
83,90,102,109,105,93,89,90,90,84,80,84,88,88,88,89,89,94,109,129,126,103,84,84
73,78,87,99,112,129,143,147,137,114,86,72,65,63,66,67,68,71,79,92,88,75,66,69
76,77,79,86,103,135,157,166,161,147,118,98,89,91,101,98,88,79,78,76,65,55,52,56
84,82,78,76,82,102,111,117,129,146,140,129,124,131,148,149,135,123,122,117,97,77,67,66
81,74,62,55,62,83,85,83,93,119,129,129,123,118,122,128,123,116,114,116,109,98,85,77
84,75,62,57,65,80,79,72,68,73,77,81,87,95,107,115,104,85,69,66,64,62,60,58
124,114,95,78,71,69,66,62,57,50,46,49,61,79,92,95,82,61,45,40,41,41,41,42
121,114,97,76,60,50,47,48,49,47,46,50,60,72,75,68,56,45,38,38,40,39,38,39
53,53,49,43,37,34,34,37,41,49,59,66,71,72,62,45,36,34,35,38,40,41,42,45
