170,170,172,171,162,156,166,180,194,208,200,183,181,195,205,199,178,163,164,172,167,165,173,183
173,166,159,152,142,134,143,159,174,189,191,188,190,199,203,193,176,165,165,167,157,150,155,166
166,155,141,129,119,112,116,129,145,161,171,179,186,191,190,181,164,150,144,138,125,120,123,128
158,149,135,124,118,113,111,118,133,150,163,173,178,179,177,172,157,142,133,125,115,112,112,108
161,156,150,144,139,136,134,139,152,166,178,183,182,176,170,169,166,162,158,157,147,140,135,130
164,162,156,150,144,149,161,172,179,181,179,173,165,156,147,147,154,158,155,146,134,129,133,141
156,158,163,170,176,184,193,198,196,187,175,163,158,156,152,147,150,150,139,123,116,120,132,146
146,151,161,171,179,184,188,190,187,177,163,155,156,162,164,160,161,160,150,139,138,145,156,166
152,157,163,167,166,162,162,164,164,155,144,139,144,153,160,163,169,173,172,170,172,177,182,186
178,183,189,189,182,171,162,157,152,140,125,117,118,125,134,144,153,159,161,162,165,167,171,178
166,171,182,192,195,185,173,163,156,147,137,132,134,140,144,147,145,144,149,156,158,155,153,157
178,178,179,179,178,171,163,160,162,166,163,158,152,146,138,137,130,127,135,148,152,143,131,126
202,199,189,176,164,156,153,157,167,177,180,177,169,156,142,138,134,136,150,166,163,151,140,137
213,207,196,182,167,156,160,167,171,176,181,181,176,168,157,153,150,158,176,187,173,163,168,180
193,184,177,173,169,165,181,186,176,169,172,169,165,161,153,152,149,151,159,162,143,143,166,193
173,168,165,164,162,164,174,169,149,138,143,146,145,141,132,137,144,148,149,150,143,145,166,191
162,165,173,179,177,176,176,170,159,150,152,149,143,136,131,136,143,147,145,139,128,132,153,178
158,163,175,186,188,179,174,173,174,172,173,170,159,148,147,148,150,153,155,148,134,131,146,165
163,162,169,179,184,172,167,169,173,177,187,190,179,164,163,164,163,166,173,177,170,159,155,160
181,177,183,194,198,183,178,176,177,187,200,197,183,169,169,174,176,173,172,181,189,181,168,163
169,173,186,197,194,181,173,166,167,182,189,182,171,162,160,162,158,151,148,157,170,169,158,150
163,172,185,189,177,168,170,167,161,163,169,169,163,156,152,145,135,124,117,122,144,159,161,156
163,170,175,171,160,154,161,161,151,146,155,164,164,157,152,138,125,113,104,108,130,150,162,165
161,162,158,153,151,146,143,140,139,142,155,165,166,162,159,143,129,119,116,121,131,139,150,162
