108,103,111,129,140,128,114,115,129,143,147,161,177,183,169,150,140,145,156,159,141,117,102,102
94,89,96,113,127,120,106,104,114,124,120,125,138,145,130,111,105,112,124,124,106,84,73,74
84,79,85,102,118,115,101,89,85,84,71,67,74,81,73,63,62,70,80,78,65,50,45,49
87,84,89,102,116,118,104,80,55,41,29,22,23,29,33,35,38,42,47,46,40,34,36,43
108,104,104,110,119,126,116,83,43,20,15,12,11,15,26,36,39,37,35,35,33,34,41,51
147,140,131,126,129,139,136,105,60,30,22,16,12,15,27,40,44,41,35,28,24,29,40,50
165,160,152,147,150,162,165,141,97,59,36,21,15,17,27,40,46,45,37,28,24,29,39,45
154,155,155,157,163,175,177,157,119,80,47,27,20,22,29,37,42,42,37,32,33,39,45,47
118,126,136,147,156,163,157,138,109,78,50,35,33,37,41,44,47,49,49,51,55,59,63,66
76,87,106,123,131,127,111,92,74,56,43,45,56,67,71,72,76,83,90,92,91,89,94,104
57,71,97,118,119,102,77,61,53,44,39,55,80,102,109,109,115,129,141,141,132,126,129,139
61,75,101,121,117,88,60,50,54,53,52,69,98,121,129,125,126,137,150,155,154,151,154,162
91,98,113,123,114,84,63,63,76,82,85,99,118,132,135,126,120,120,129,141,153,161,168,176
119,113,109,105,96,78,72,81,98,109,118,130,137,137,133,125,113,102,100,113,136,156,168,174
104,88,69,57,51,49,60,75,89,100,115,128,134,130,125,125,114,94,77,85,111,134,143,141
84,69,51,38,31,30,41,52,56,58,70,88,101,103,98,99,96,82,67,76,99,111,104,88
111,100,81,61,45,37,44,56,60,57,59,71,84,90,85,82,80,74,68,74,83,84,72,57
151,142,124,105,92,84,86,95,103,103,102,104,110,116,115,107,95,85,83,83,70,62,61,62
158,151,142,143,154,157,153,150,154,160,163,162,163,167,171,160,131,110,107,104,73,61,75,94
116,112,118,145,187,203,194,176,163,160,166,173,180,184,182,166,133,112,116,124,99,92,107,126
78,72,78,106,149,165,158,139,118,104,111,127,140,142,133,120,100,89,95,109,105,109,124,139
55,46,45,62,94,109,113,103,81,60,69,92,107,106,95,90,85,85,93,110,117,125,136,146
55,47,42,49,67,82,95,96,82,61,72,94,107,105,98,102,109,115,124,141,147,150,156,164
70,66,64,68,78,90,105,112,107,93,102,119,129,130,128,138,148,156,165,180,181,177,179,187
