51,50,45,39,39,46,50,53,54,51,47,44,41,39,42,46,44,39,36,38,49,54,48,37
43,44,40,37,39,46,52,57,58,53,47,42,36,33,36,42,44,41,39,39,49,54,48,40
31,32,31,29,31,38,47,54,58,54,45,37,29,25,29,34,38,38,35,34,42,48,47,43
18,19,19,18,19,24,32,41,48,48,40,31,25,22,23,24,26,25,23,22,30,38,43,44
8,8,9,10,11,12,16,22,30,33,30,27,25,23,21,16,13,10,8,12,22,31,38,43
2,2,5,9,12,12,11,12,15,19,21,23,24,22,18,12,7,3,4,11,23,32,39,45
2,2,4,7,11,11,10,10,12,15,18,20,19,16,12,10,6,2,2,10,25,40,55,67
7,7,7,9,10,11,13,15,18,22,26,26,20,12,7,8,5,2,2,9,30,61,91,107
17,16,16,15,15,17,19,22,26,31,35,34,26,14,6,6,5,3,4,11,41,88,129,144
31,30,29,28,28,30,29,29,31,35,38,37,31,21,13,11,12,12,13,21,54,102,141,153
58,56,53,50,49,52,50,48,50,56,57,57,53,48,42,42,46,49,51,56,75,101,121,128
111,107,101,95,91,94,94,96,103,115,116,115,115,114,110,107,105,105,112,122,129,133,136,137
155,146,138,131,126,125,121,124,138,161,171,174,174,170,158,147,133,131,146,171,179,175,170,167
166,149,137,133,129,118,105,103,121,157,183,194,191,174,147,129,111,110,133,174,198,202,199,196
147,122,103,98,92,74,57,50,63,100,137,155,147,119,88,76,73,80,105,151,191,208,209,206
123,99,83,80,77,63,46,32,29,42,64,79,80,75,78,93,109,125,145,176,207,218,210,197
138,123,116,117,117,105,84,59,40,38,47,56,66,85,114,145,165,179,193,207,218,212,189,164
177,171,172,176,176,167,147,123,104,98,100,101,112,137,171,196,205,206,207,205,195,174,144,117
210,209,212,215,214,209,200,189,182,178,172,165,170,188,210,220,211,192,175,159,138,115,94,80
218,215,214,214,210,206,202,199,194,186,169,155,158,176,198,201,177,141,113,96,84,79,78,78
207,200,193,185,176,170,168,159,144,128,115,107,109,121,138,139,118,93,80,76,78,79,78,77
174,164,153,143,134,127,124,115,99,85,78,74,75,79,87,88,81,74,72,73,78,78,74,71
130,119,107,100,96,90,86,80,73,68,65,65,66,66,66,69,73,78,79,75,73,70,69,69
96,86,76,71,71,68,64,61,61,63,64,68,70,69,67,71,80,87,86,77,66,63,67,74
