39,52,72,76,60,70,84,91,93,96,98,94,86,79,79,82,82,71,48,31,25,28,35,40
24,34,50,55,45,58,70,76,80,90,102,101,84,65,61,63,65,59,44,29,22,23,30,35
9,15,27,37,41,51,54,55,60,75,99,113,97,62,47,44,47,46,37,24,17,17,20,24
3,5,13,26,39,46,42,38,41,52,79,106,102,69,43,33,35,35,29,17,12,10,11,13
7,5,7,15,26,33,33,30,29,31,44,66,76,66,46,30,25,24,20,11,7,5,5,6
12,9,7,8,12,16,20,22,25,29,38,44,46,46,44,31,20,14,12,11,7,3,2,3
25,21,19,20,21,18,22,28,34,42,55,57,51,44,39,27,16,11,11,13,8,4,2,4
43,39,36,35,33,26,30,38,45,54,67,68,65,60,48,30,19,17,21,24,17,10,9,12
62,58,50,43,41,35,41,46,51,59,66,64,66,70,59,39,28,28,33,37,29,20,19,24
72,67,54,43,44,48,54,55,55,62,63,54,51,53,49,43,37,34,35,37,33,29,30,33
62,55,43,37,45,55,61,60,57,64,62,54,47,42,36,37,34,29,27,28,30,41,55,63
44,37,30,27,30,36,44,47,47,50,50,49,45,36,27,28,26,23,22,22,26,47,73,88
29,26,24,19,14,14,26,43,53,49,43,47,48,39,27,24,20,17,18,16,19,37,60,73
27,29,31,24,11,7,19,49,73,64,49,51,56,52,42,33,25,20,18,16,24,36,43,43
43,49,54,46,26,16,19,43,71,73,58,57,65,70,67,57,44,35,31,36,58,78,79,66
69,76,84,80,55,38,28,32,48,63,61,61,66,76,86,74,51,35,37,58,86,100,99,91
66,74,84,81,64,54,39,32,44,76,93,96,99,108,114,93,60,37,39,63,87,96,96,96
50,59,66,65,56,54,41,33,46,82,105,110,112,115,113,90,61,44,47,61,73,80,87,93
48,54,57,52,43,41,30,26,37,59,71,73,74,74,70,55,45,47,55,60,62,69,80,89
75,77,73,59,37,22,14,13,17,25,27,26,25,26,25,19,20,32,49,58,64,67,74,83
88,89,83,71,54,40,29,24,25,26,21,17,18,19,16,13,21,37,52,57,58,53,57,71
89,87,84,78,69,59,52,52,55,54,41,36,45,53,42,31,36,59,81,75,51,32,31,41
76,75,76,77,74,71,74,80,86,83,66,60,75,94,84,60,58,80,100,81,44,24,20,19
61,62,67,71,74,79,87,96,100,95,78,70,86,112,113,84,75,85,89,62,38,33,30,20
