149,148,146,143,139,133,126,122,129,144,148,152,158,161,159,154,150,153,161,160,152,151,157,164
148,147,145,143,142,140,126,116,122,144,147,152,158,160,156,153,146,144,152,155,150,148,152,157
151,150,148,148,149,150,135,123,127,143,142,144,151,157,154,153,144,139,143,149,147,147,150,153
154,152,151,152,155,157,149,141,139,144,133,121,127,144,151,153,147,141,140,142,141,143,148,151
151,150,149,150,154,160,160,155,151,148,124,88,88,123,146,152,152,149,144,137,131,134,141,146
155,153,150,146,146,158,165,164,160,156,119,72,73,116,139,144,151,156,152,142,130,126,132,139
175,176,179,179,176,183,188,177,158,144,106,65,65,100,121,134,150,161,159,146,130,125,131,137
186,189,195,199,197,200,200,179,150,133,107,74,62,78,97,117,136,155,166,155,130,121,123,123
177,180,182,182,184,191,186,166,143,132,116,88,67,66,80,90,106,138,171,166,137,123,118,111
154,156,152,148,153,164,159,151,147,140,118,94,83,82,81,69,78,119,166,167,150,141,135,128
153,154,150,147,155,165,165,163,161,156,143,124,109,102,104,110,119,138,160,158,147,142,144,150
158,157,154,152,155,162,167,168,166,164,162,150,132,117,117,132,143,151,157,156,151,145,145,150
163,162,160,157,156,159,165,167,166,168,172,166,150,133,127,135,141,143,146,151,156,154,151,150
165,164,162,161,160,159,163,166,168,172,176,174,165,153,143,138,133,128,126,132,146,153,155,156
162,160,159,161,162,161,163,167,172,175,176,176,174,169,163,155,142,125,110,101,110,124,139,151
155,157,159,160,158,156,156,158,161,164,166,166,167,168,169,160,140,116,99,98,106,114,125,134
140,145,151,154,151,155,154,144,133,135,143,145,148,156,163,158,144,131,127,132,132,128,128,134
133,136,141,145,146,154,154,136,114,113,124,130,137,147,155,155,151,151,155,160,156,144,138,139
144,139,139,142,147,152,152,139,122,119,125,132,138,144,149,152,154,155,154,153,154,149,142,138
157,151,151,158,163,157,153,149,148,152,148,136,129,133,141,144,147,145,136,125,132,141,142,135
150,148,154,168,179,172,156,138,128,135,137,131,131,141,152,150,148,140,127,114,124,140,142,132
149,148,154,165,172,165,144,117,98,101,112,121,126,129,131,131,130,127,125,125,134,142,142,137
150,153,156,158,154,148,133,116,105,107,116,126,123,107,91,92,100,113,130,146,153,155,155,154
146,154,160,156,143,137,135,141,151,154,152,146,128,97,67,64,79,108,139,160,167,174,177,174
