90,92,82,64,49,44,31,27,40,65,65,56,41,28,31,33,30,22,14,10,9,8,9,10
123,130,124,101,73,56,44,42,56,78,74,57,36,25,33,39,37,27,15,11,11,12,11,9
124,138,141,121,87,67,59,58,62,75,71,53,34,24,30,35,34,25,16,15,18,20,17,10
92,106,116,108,86,76,75,69,61,61,61,50,40,37,39,35,31,27,25,29,37,38,29,17
66,72,81,84,84,91,93,82,68,61,59,54,58,68,69,53,45,44,47,53,64,63,49,34
73,75,83,91,95,105,113,109,93,79,70,69,78,86,79,66,59,58,60,66,71,67,68,76
87,89,98,106,108,114,125,122,105,87,79,82,94,103,96,86,74,65,64,71,75,72,80,101
93,95,104,113,114,116,127,125,110,93,85,84,93,104,106,102,92,79,74,80,87,85,90,107
93,96,105,112,112,111,122,123,113,102,92,88,91,99,105,106,103,97,91,94,98,99,103,111
101,106,114,116,108,106,117,122,116,111,105,107,111,110,103,101,104,108,108,106,101,103,114,126
113,122,131,133,125,122,124,121,116,113,109,114,121,123,117,112,107,106,111,116,120,120,117,118
114,121,131,135,128,121,119,119,119,121,115,114,118,122,124,120,114,112,114,116,127,135,130,119
117,120,126,129,124,117,118,122,126,129,125,120,119,123,128,124,121,119,116,118,133,148,148,136
130,129,129,127,122,119,122,125,127,131,131,129,128,129,131,128,127,126,123,126,138,152,155,150
144,145,143,137,127,123,118,114,113,121,126,126,124,125,127,130,133,138,139,135,135,136,134,129
169,171,172,166,152,137,123,114,114,117,115,116,118,120,123,125,127,133,137,129,123,121,119,116
189,187,185,183,177,166,152,144,139,134,126,131,139,140,136,134,137,145,150,138,124,119,119,119
180,174,167,165,171,174,174,173,168,160,149,155,167,170,162,159,163,171,172,154,129,117,119,125
150,146,136,130,138,150,166,175,176,171,161,163,172,177,173,172,175,181,180,161,134,115,115,126
143,142,137,134,135,134,139,146,149,149,141,136,134,132,129,124,124,132,146,150,148,136,129,133
158,156,152,151,153,153,146,136,133,137,135,127,112,97,92,94,99,110,125,132,139,138,135,135
159,157,154,153,154,156,148,137,131,134,132,129,118,103,101,107,112,116,120,121,128,130,126,121
152,153,153,151,149,148,146,143,141,140,135,137,136,132,134,137,134,128,122,121,133,137,131,125
152,156,158,157,153,147,147,151,154,151,144,143,147,150,152,151,143,130,123,127,150,161,160,155
