83,87,106,136,161,167,159,161,172,175,168,169,157,121,72,44,54,78,97,116,139,146,150,161
89,94,111,133,149,151,142,138,141,145,149,150,141,119,89,65,72,92,105,111,112,112,124,148
108,111,120,131,136,132,127,119,108,102,113,116,112,104,94,82,94,113,120,119,113,103,108,129
129,127,131,137,139,134,132,123,105,88,94,97,96,94,92,92,109,125,130,133,133,120,114,121
136,134,140,152,161,158,153,145,135,122,113,113,112,107,104,110,119,127,131,140,137,130,128,131
135,139,145,151,154,154,150,141,137,143,131,126,128,133,138,139,140,144,150,151,138,130,126,124
132,134,140,146,148,139,131,122,120,136,137,138,138,137,138,141,141,138,131,116,113,121,129,132
127,128,132,138,141,132,125,121,123,135,141,146,147,144,137,141,140,134,120,94,93,114,140,154
128,129,131,133,136,137,137,139,143,146,145,150,157,158,148,148,144,140,130,104,95,116,148,164
144,143,140,136,137,147,151,151,151,149,146,150,159,165,159,152,146,143,140,126,117,128,140,140
165,158,153,150,149,151,152,152,150,149,144,143,148,153,150,145,140,136,133,132,134,137,135,127
150,142,139,141,141,135,143,148,146,140,141,146,154,157,150,143,141,143,147,150,154,153,144,133
135,126,121,124,130,133,144,149,145,140,148,159,166,165,155,142,141,148,157,162,167,167,159,149
142,131,118,115,126,144,151,150,148,152,165,175,177,171,162,148,146,150,155,161,172,176,171,162
158,149,133,123,127,137,140,142,149,162,178,187,184,176,171,164,163,160,155,161,173,176,167,157
169,165,160,158,160,154,137,123,119,130,151,164,161,147,134,137,144,149,152,158,163,159,149,142
171,171,172,173,171,162,149,140,132,125,128,133,134,128,121,129,129,123,116,113,112,109,108,110
163,165,172,174,166,156,158,164,164,149,136,133,135,137,139,146,139,123,106,96,95,97,103,108
148,153,165,172,160,148,156,172,183,180,170,165,163,163,167,168,165,156,145,136,138,143,147,148
138,142,154,162,159,153,160,175,187,189,183,178,175,175,175,172,170,171,171,166,169,172,171,169
160,160,160,159,154,147,154,163,170,173,170,169,170,174,173,166,163,167,172,171,172,172,171,170
183,179,176,170,158,145,146,152,157,160,162,164,167,170,169,165,163,165,170,171,171,171,170,170
192,190,188,181,165,150,148,149,150,151,155,160,167,173,175,174,172,172,174,174,174,175,176,178
189,190,190,182,166,159,157,154,147,141,144,153,167,182,188,188,183,179,181,180,178,179,185,192
