177,176,170,167,174,180,180,177,173,168,168,165,161,157,152,148,146,148,151,160,165,167,167,166
170,168,165,168,176,179,177,174,172,172,175,175,174,171,167,162,154,146,145,154,159,162,163,163
157,155,156,162,169,173,173,172,173,175,178,181,184,185,183,176,162,149,143,148,152,154,157,160
159,156,153,153,159,169,173,175,177,178,179,181,185,189,188,181,169,158,154,155,155,153,156,163
181,177,164,154,159,174,180,182,184,184,182,181,182,183,181,177,173,172,174,175,173,167,167,174
181,178,172,171,177,181,177,177,180,182,184,184,183,180,176,178,181,181,179,181,183,180,184,196
172,169,173,182,185,168,156,160,172,173,171,171,170,171,175,180,188,191,188,183,172,157,151,156
140,134,139,151,152,132,131,150,169,164,153,148,150,157,167,170,175,181,183,177,158,133,117,115
108,100,104,113,113,102,115,144,167,161,145,135,137,148,157,156,154,158,165,166,154,138,124,117
113,111,120,130,125,114,116,135,158,165,156,144,143,151,160,156,148,145,149,154,162,168,168,160
163,160,159,159,156,147,140,141,149,157,154,147,151,167,179,165,157,146,132,134,149,159,163,163
168,160,152,151,157,163,163,159,156,156,154,158,167,175,175,158,154,152,140,128,122,117,118,126
160,151,143,145,156,169,177,174,166,162,163,174,184,185,176,163,163,166,163,148,133,117,111,120
161,156,154,160,169,175,179,175,166,163,172,185,192,192,187,181,179,177,175,171,169,157,147,149
160,161,166,175,183,181,174,163,151,148,161,174,180,179,175,171,168,164,157,157,166,165,158,154
142,148,156,165,177,172,161,148,135,126,135,142,144,142,140,137,139,141,140,139,149,155,156,154
136,146,157,166,170,166,157,152,150,145,143,135,128,129,137,136,136,138,143,148,157,155,146,143
132,144,157,159,150,149,149,159,172,174,169,154,141,140,154,153,151,149,148,151,160,154,142,138
133,143,152,146,128,129,141,163,180,184,185,179,168,163,171,167,165,157,142,127,135,137,136,138
163,166,166,159,148,148,162,174,175,169,176,178,178,179,184,175,166,156,136,107,100,102,109,116
167,163,158,152,147,140,139,139,137,129,124,122,130,146,159,152,147,147,148,142,137,132,124,116
154,146,138,135,133,128,123,121,119,114,105,96,96,103,106,96,89,91,100,108,115,120,122,121
140,135,133,135,138,137,134,133,132,127,117,105,95,87,80,72,69,72,77,82,95,110,123,131
136,137,147,159,165,161,158,157,153,145,133,120,109,102,98,102,114,123,124,121,129,138,144,147
