99,104,109,107,100,103,118,130,127,114,114,142,167,173,169,163,150,121,80,58,59,73,91,105
131,133,130,121,111,110,120,132,137,133,135,153,168,169,164,162,154,127,84,53,46,54,70,84
155,153,145,131,118,111,111,118,128,138,146,155,155,148,138,136,136,124,102,89,89,94,102,111
157,154,147,139,131,121,115,115,123,136,148,153,148,137,125,121,124,124,122,130,145,153,157,159
145,143,145,151,156,151,150,149,148,147,154,162,166,163,158,152,147,141,133,134,150,161,165,165
119,116,126,146,160,162,169,170,165,157,152,158,175,191,187,171,158,150,146,143,146,145,136,126
115,109,119,138,150,147,150,153,155,153,148,145,150,158,159,154,147,143,144,149,159,166,164,156
113,110,116,131,145,149,151,154,157,158,153,142,133,132,140,147,147,143,141,150,163,174,178,175
112,113,117,128,147,164,171,170,168,166,159,142,130,130,142,150,151,148,147,155,162,168,170,169
118,118,122,131,144,158,163,162,158,156,147,131,124,131,139,137,136,141,150,160,165,169,173,173
115,116,120,122,121,119,120,120,121,124,132,137,146,156,153,136,119,105,95,95,101,123,156,182
140,144,148,146,138,132,131,131,131,133,145,156,166,172,167,153,137,120,102,87,80,97,134,165
156,165,173,175,172,168,165,161,156,152,156,159,159,159,158,156,155,150,139,121,105,105,119,134
160,170,180,187,190,189,185,178,170,162,156,149,141,136,138,143,151,159,160,151,140,129,120,116
182,183,181,177,176,174,173,171,169,164,160,153,145,140,140,138,138,140,143,142,141,137,135,135
178,173,160,146,139,133,131,129,129,130,129,123,120,122,127,125,124,126,133,139,142,142,143,146
134,128,116,105,101,102,103,103,104,111,115,114,113,117,122,120,119,121,126,133,138,140,140,139
90,88,86,89,99,110,119,124,129,138,145,146,144,142,140,137,136,137,138,139,141,144,145,143
89,90,99,116,137,153,166,176,184,189,193,192,187,180,173,171,170,170,168,162,158,160,164,166
146,145,151,162,173,177,182,186,188,186,185,186,187,188,191,194,195,194,190,183,180,177,174,171
158,156,153,150,151,151,150,152,155,158,162,167,168,165,166,167,166,164,164,164,164,162,156,150
156,158,151,139,131,128,124,119,117,119,123,124,118,109,105,107,111,115,123,134,146,146,138,134
147,149,144,134,126,123,119,114,109,108,109,108,101,92,89,93,99,107,119,135,153,152,143,141
134,133,130,129,130,127,127,130,132,131,133,135,137,138,142,142,143,147,156,166,177,174,165,165
