179,180,176,170,160,146,138,139,143,141,142,151,162,172,183,188,185,175,159,146,128,110,97,91
197,195,192,187,183,174,170,173,177,174,175,179,184,188,192,195,194,190,184,180,167,149,132,124
196,192,188,187,190,186,184,184,183,183,190,195,197,196,191,187,185,186,190,193,189,179,169,163
162,157,152,153,158,158,156,150,144,144,155,165,172,175,172,164,158,156,159,161,163,163,163,163
116,112,108,106,107,110,109,104,97,93,99,110,124,137,145,141,131,121,114,109,108,109,111,112
129,126,124,125,129,131,133,138,143,144,146,150,156,159,154,145,130,117,110,109,111,108,100,91
157,154,152,154,159,159,158,165,176,180,182,186,188,184,171,165,160,153,145,145,155,157,151,143
165,164,167,174,180,179,175,176,179,181,183,189,191,187,177,175,178,176,170,170,178,178,171,164
162,164,170,180,186,186,183,179,175,173,175,177,176,174,172,174,177,179,178,177,179,174,164,155
176,177,176,176,177,179,182,185,187,188,187,179,170,165,169,170,174,179,183,182,185,186,181,174
170,172,171,169,166,164,164,164,164,164,166,159,150,145,143,137,136,143,154,159,164,167,163,156
157,153,148,148,153,160,166,165,160,157,162,167,168,165,155,133,121,124,134,142,147,149,148,145
149,137,122,116,122,132,144,151,151,149,153,161,166,164,154,135,125,124,128,136,143,146,148,151
155,143,124,110,104,105,116,130,138,137,136,138,138,136,138,138,142,142,140,145,152,155,159,165
178,179,177,169,156,145,146,149,146,142,142,138,136,142,153,163,175,180,175,168,165,165,168,172
186,184,178,170,162,159,160,160,159,158,160,156,155,163,177,190,202,206,199,187,179,173,171,170
181,176,170,168,170,172,174,176,176,176,178,175,174,179,186,194,201,203,199,192,185,178,172,167
163,160,157,158,163,170,177,182,183,180,180,180,180,182,182,182,183,184,182,179,177,177,172,164
149,148,146,144,145,155,168,176,175,169,169,170,172,173,170,167,165,163,160,159,165,174,174,165
164,161,154,149,152,162,170,173,171,165,164,167,167,163,158,155,151,145,140,145,161,176,179,171
171,166,161,161,166,170,173,173,169,164,160,158,155,154,157,156,154,150,145,139,137,138,135,130
165,163,164,166,166,160,156,155,154,153,148,138,129,125,129,128,125,120,111,99,92,91,92,93
149,153,164,174,173,161,152,148,150,158,158,146,131,122,123,124,123,117,106,91,83,84,91,99
134,142,163,185,195,185,172,164,167,182,192,185,169,158,159,163,170,170,158,140,125,119,125,136
