166,161,149,139,137,143,142,142,148,160,170,181,188,187,178,161,149,134,114,100,90,86,88,92
186,183,176,171,172,176,175,174,177,183,187,191,194,195,191,185,181,171,153,136,123,113,106,103
190,190,188,185,184,183,183,188,193,197,197,192,187,185,186,188,192,191,182,170,163,157,150,143
155,157,158,157,152,144,143,151,163,171,176,172,166,159,156,158,161,163,163,162,164,169,173,174
105,106,109,110,106,98,94,97,107,121,136,144,143,134,123,115,110,108,109,110,114,125,139,149
127,129,130,132,136,142,144,146,149,154,160,156,147,135,119,111,109,110,110,102,92,85,82,82
156,159,159,158,162,173,180,182,183,188,186,174,165,162,155,146,145,152,158,152,142,128,113,102
179,180,179,177,175,177,181,183,186,191,189,178,174,178,177,170,170,176,180,173,165,157,150,144
185,186,186,185,181,175,174,175,176,177,175,172,173,177,179,177,178,179,176,166,158,159,165,170
175,176,179,182,185,186,188,187,182,172,166,167,170,174,179,181,183,185,186,182,177,175,177,179
166,165,165,164,164,163,164,165,161,151,146,143,138,136,142,152,158,163,166,164,158,156,159,164
150,152,158,165,166,160,157,161,166,167,167,157,139,122,123,132,140,146,149,149,147,148,154,160
118,120,129,142,150,151,149,152,159,165,166,157,140,126,124,126,134,142,146,147,151,156,161,166
107,104,105,113,126,136,137,137,137,138,137,138,139,141,144,139,143,151,155,157,165,169,172,175
164,156,148,146,148,147,143,141,139,135,141,150,161,173,182,176,170,166,165,166,172,176,179,184
165,162,159,159,161,159,159,159,157,154,162,174,187,200,207,200,191,182,175,170,170,169,175,184
168,169,171,174,175,176,177,177,176,174,179,185,192,200,204,200,194,187,180,172,165,157,155,162
160,162,168,176,181,183,181,180,180,180,183,182,182,184,185,182,180,178,177,174,162,149,142,144
141,143,153,166,175,175,172,169,170,172,174,170,167,166,164,159,158,163,171,176,165,153,146,145
147,150,160,170,174,171,167,165,166,167,164,158,155,153,147,140,143,156,173,180,172,162,153,144
163,165,169,172,173,170,166,161,158,156,154,156,156,154,152,146,140,137,137,136,132,135,143,149
169,167,162,157,155,154,155,150,141,130,125,128,129,125,122,113,101,93,90,92,95,105,123,139
179,174,164,154,148,148,157,159,150,133,123,123,124,122,120,108,94,84,83,89,98,107,120,134
198,196,187,175,165,164,179,191,188,172,160,158,162,168,171,160,144,128,119,122,134,139,142,147
