231,228,224,220,221,224,228,229,227,221,218,218,221,225,229,230,231,231,226,215,211,212,210,202
228,227,225,223,217,207,204,206,209,212,216,218,220,222,225,226,227,227,221,208,205,208,209,207
216,216,217,215,202,176,160,159,175,199,216,222,222,222,224,223,222,221,215,204,205,209,213,215
211,210,212,211,198,172,150,147,165,197,219,226,225,224,224,219,217,214,206,198,200,204,210,215
223,222,222,222,219,210,202,199,203,215,224,225,223,222,220,215,212,209,200,190,187,188,194,200
224,223,223,223,222,218,220,221,220,220,222,221,217,213,215,218,221,221,219,214,209,206,203,198
218,219,222,222,220,220,223,226,225,223,224,221,214,208,209,212,216,217,214,206,200,197,194,189
218,220,223,223,221,223,225,227,227,226,226,224,219,215,213,211,213,213,207,191,181,177,175,173
224,224,225,225,223,226,227,228,227,226,226,226,226,226,222,216,215,213,204,189,180,177,177,176
223,224,224,223,222,224,225,226,225,223,221,220,222,224,221,217,215,208,198,196,204,212,216,218
217,219,224,227,226,224,220,218,218,219,217,213,210,207,200,200,204,200,184,176,188,201,212,218
209,211,216,221,222,218,213,212,214,215,214,211,207,201,190,191,202,209,203,197,204,211,215,215
211,211,213,215,214,210,209,210,212,211,212,211,209,204,196,196,202,209,213,214,217,216,212,208
220,219,216,211,204,200,203,207,208,204,207,210,210,209,208,208,201,196,200,204,205,203,202,203
220,218,214,205,192,186,190,197,200,197,200,203,207,210,211,211,203,195,190,187,187,191,200,209
212,213,212,208,202,200,203,208,209,202,197,195,197,200,200,200,204,209,212,212,209,207,208,213
219,219,217,213,212,211,214,220,221,214,209,206,205,206,202,200,204,210,214,216,210,198,189,187
230,228,225,221,219,216,218,222,224,222,219,218,217,216,212,210,209,210,209,208,201,189,178,174
234,233,231,228,224,219,218,219,221,220,218,216,218,221,222,222,219,215,210,205,201,196,193,194
233,232,230,228,224,222,221,223,223,217,208,208,214,223,225,223,221,218,213,209,208,205,205,210
233,229,224,220,216,214,210,211,213,211,211,210,213,218,221,222,221,218,213,212,216,216,216,217
224,219,213,210,205,198,191,189,194,200,203,203,202,201,203,208,210,210,209,210,215,218,220,220
214,211,208,208,205,198,191,188,189,194,197,199,199,198,200,204,205,207,210,207,207,210,213,216
210,211,213,215,217,215,215,210,203,198,200,206,213,218,221,220,216,216,217,209,201,199,202,206
