228,220,203,192,196,207,216,217,209,203,212,223,224,221,228,234,224,196,170,177,183,169,152,149
216,210,200,194,199,207,216,219,215,213,217,220,219,219,225,229,225,211,196,199,200,187,176,176
187,188,188,190,195,203,214,217,214,214,216,213,210,211,214,217,219,218,217,218,216,209,205,206
158,164,175,183,186,191,198,196,191,193,201,199,197,198,202,206,211,217,221,219,218,217,215,214
152,157,169,178,178,173,165,155,150,159,173,180,184,189,196,204,211,215,215,207,203,204,201,195
178,178,182,185,177,158,142,130,130,146,161,171,179,187,197,208,212,211,206,193,189,185,180,175
200,203,204,200,192,184,177,173,174,182,183,182,182,187,194,203,208,207,199,183,176,166,159,159
190,195,199,198,197,204,205,203,203,203,195,180,170,172,183,191,200,205,199,180,170,160,151,148
160,167,177,185,192,206,204,197,194,201,195,175,157,152,163,170,185,199,202,188,181,175,166,155
150,158,173,187,193,202,192,177,177,204,210,193,170,151,141,146,166,187,200,204,207,208,199,185
177,181,188,190,183,172,166,166,179,205,215,210,194,176,160,160,172,187,197,204,207,211,210,202
200,201,195,180,159,139,147,168,188,200,207,201,184,162,150,147,160,184,202,205,203,206,208,205
198,199,192,173,148,129,140,167,191,201,201,196,183,166,161,161,173,194,212,211,208,211,215,215
178,183,186,178,159,147,146,163,191,210,208,208,205,200,201,205,210,215,218,218,221,224,227,229
167,172,182,188,182,172,164,173,198,221,220,221,220,216,217,221,222,219,217,220,224,226,228,229
154,155,169,188,200,203,195,192,199,212,217,215,207,198,200,210,212,212,215,222,228,230,228,228
161,164,176,192,205,209,198,178,166,177,193,190,172,157,167,190,197,197,202,216,224,225,224,223
188,191,196,200,203,209,198,170,149,161,179,173,152,138,154,186,196,194,196,208,213,215,217,217
214,214,211,205,202,210,206,188,172,179,189,183,167,159,173,197,206,205,205,207,205,207,210,211
208,208,206,203,199,198,196,193,193,196,203,204,196,187,188,197,201,205,211,211,206,205,205,206
197,198,198,192,181,168,171,179,185,189,201,210,206,193,178,177,176,174,172,172,176,179,180,182
191,191,188,178,164,152,160,168,171,176,193,202,198,179,151,143,137,128,120,119,124,125,124,124
191,187,180,172,164,156,161,162,159,164,182,192,188,165,128,115,111,106,101,102,100,92,84,81
191,184,179,178,177,168,164,158,152,155,173,187,186,164,122,107,111,118,123,126,117,102,90,86
