139,135,133,135,139,141,142,145,156,174,175,163,149,142,140,147,153,155,156,162,171,175,173,171
139,135,133,135,141,149,152,149,150,165,177,176,169,164,164,171,173,170,167,168,176,178,177,175
146,141,136,136,141,150,154,146,139,149,166,176,177,175,174,176,173,167,162,159,163,162,160,161
138,131,125,124,126,130,135,134,130,135,147,158,164,163,160,159,155,150,145,141,143,142,142,145
104,100,96,94,93,95,107,122,132,133,136,142,146,147,147,149,148,145,140,136,142,148,151,152
97,97,95,92,91,99,122,146,162,166,166,167,168,169,172,176,173,170,171,171,177,183,185,182
155,153,144,132,124,130,147,164,175,178,175,175,173,169,168,169,162,155,156,158,162,163,160,156
187,183,172,157,146,145,150,156,163,173,179,180,174,163,154,152,144,138,139,139,140,140,141,142
170,168,161,152,144,142,140,143,154,173,186,187,176,159,147,143,139,137,139,139,138,142,150,158
144,142,138,135,137,142,148,159,176,190,193,185,171,157,148,144,142,142,146,150,149,154,163,170
131,129,126,125,130,138,148,162,176,184,183,173,158,142,132,126,123,123,128,133,134,135,138,142
116,117,117,117,120,129,141,149,152,152,148,140,129,118,110,105,102,102,105,111,116,120,125,130
120,124,126,126,125,132,141,143,139,133,123,114,108,104,101,97,94,93,95,101,109,121,135,145
133,139,144,144,143,143,146,147,144,138,126,116,112,113,114,110,105,103,104,107,114,131,150,162
130,133,141,150,154,146,140,141,144,146,143,139,137,140,143,140,133,128,127,123,123,130,140,146
132,133,139,148,154,145,140,142,143,137,135,140,143,142,141,140,136,135,138,138,137,138,143,148
147,148,152,156,159,159,167,173,169,154,142,142,141,134,128,123,121,123,128,133,137,135,131,132
158,160,161,162,163,169,184,193,187,168,149,138,132,125,116,101,102,115,129,133,141,139,131,125
154,155,156,156,157,159,167,172,168,153,137,126,121,116,101,77,84,116,146,146,153,156,150,142
138,144,147,146,142,135,130,127,122,116,112,112,110,97,68,40,56,103,146,148,146,151,158,161
139,143,145,141,133,123,118,115,113,112,108,103,89,64,36,32,77,132,159,151,142,142,149,157
147,149,154,159,160,150,139,130,125,121,109,93,72,48,27,36,93,145,157,145,139,140,148,156
152,154,168,185,192,178,154,138,136,139,127,108,89,70,55,59,96,130,138,133,134,141,150,156
151,155,175,197,201,176,142,124,133,157,156,144,130,115,99,90,96,108,117,122,129,139,146,148
