129,139,151,162,174,187,185,176,167,161,164,163,153,135,116,98,99,114,131,135,132,118,108,110
126,139,156,170,179,184,181,175,167,159,157,158,154,144,127,105,100,108,118,121,122,112,102,101
131,139,151,159,156,147,149,160,168,166,156,153,155,157,148,133,121,117,120,127,134,126,108,94
136,136,137,133,118,101,109,135,161,170,155,142,148,166,171,168,156,148,152,160,163,150,125,102
132,130,126,117,101,89,97,117,141,157,143,118,126,161,182,186,180,181,191,191,174,152,131,119
137,139,140,138,134,130,128,128,133,140,126,93,95,134,164,168,163,162,162,140,111,102,101,94
174,177,180,177,168,159,152,150,151,149,128,93,89,119,147,148,136,119,97,68,51,60,68,58
205,203,201,197,190,178,174,175,175,167,144,116,105,118,139,137,129,114,89,58,40,44,45,31
202,196,192,195,200,196,196,199,197,184,164,144,126,116,120,117,126,138,134,107,78,61,43,22
168,167,171,185,204,212,215,218,215,197,176,159,132,95,68,63,90,130,155,148,125,100,68,35
159,160,162,170,187,209,220,223,215,198,184,156,114,67,35,23,37,67,97,113,118,123,107,73
182,177,167,161,169,195,212,214,207,200,198,167,121,75,42,21,29,61,100,119,115,122,125,112
211,204,192,181,176,188,199,200,196,198,204,181,139,95,61,39,58,107,154,164,135,126,132,132
223,220,216,210,198,189,189,188,186,189,195,177,140,98,71,65,103,164,210,210,173,144,127,117
215,211,206,200,192,185,185,184,179,174,171,146,105,73,79,103,144,188,217,219,200,158,103,64
195,193,192,191,187,181,173,168,162,152,146,123,94,86,125,148,154,162,182,208,208,160,89,42
177,182,185,185,180,181,182,180,171,156,156,149,137,137,166,166,144,131,147,194,216,181,116,69
172,180,186,183,176,182,195,199,187,171,177,184,183,182,191,183,163,142,137,167,198,186,146,115
178,185,189,184,177,181,196,200,191,181,190,198,199,198,201,207,209,191,158,143,164,166,155,150
173,179,186,189,186,181,184,187,186,190,202,208,207,201,197,201,213,213,194,171,173,169,162,160
124,140,167,190,194,191,196,203,208,211,217,216,212,203,189,174,181,196,204,199,197,190,183,180
61,89,144,189,197,195,200,208,211,210,210,206,200,194,183,159,160,180,202,207,207,204,200,198
32,64,126,178,187,185,188,191,191,188,186,180,175,174,173,162,166,183,200,206,210,210,209,208
48,74,121,160,168,170,170,169,168,165,164,158,153,153,162,173,187,198,204,209,214,216,215,212
