10,9,7,7,7,7,7,7,7,8,13,21,28,30,28,26,23,21,17,13,11,12,14,17
9,7,7,8,10,11,11,10,9,9,11,17,23,26,26,24,22,20,18,16,15,16,18,20
10,7,5,7,11,15,16,16,15,14,14,18,21,24,25,24,21,20,18,18,18,20,22,23
13,9,5,6,11,15,18,21,22,22,22,23,23,23,26,27,25,21,19,18,19,21,24,26
16,12,8,7,9,12,17,23,28,30,30,28,25,24,28,32,29,24,20,18,19,21,25,27
14,11,9,9,9,9,13,20,27,30,29,27,24,24,29,33,30,24,21,20,22,25,28,30
10,10,11,12,12,10,12,17,22,25,26,26,26,26,29,30,27,24,24,26,29,32,33,32
9,10,13,16,17,15,15,16,19,23,25,27,27,26,26,27,27,27,28,31,35,37,35,33
11,12,16,20,22,20,19,19,21,25,28,28,24,21,22,28,30,31,30,32,35,35,33,30
14,14,17,21,23,22,21,23,27,31,29,24,18,16,20,31,36,34,28,25,25,25,24,23
18,15,14,14,15,14,16,23,32,34,28,18,12,12,20,34,40,35,25,18,16,16,17,19
19,15,11,8,8,8,11,20,29,30,22,14,10,13,20,30,34,30,22,15,12,14,18,21
18,14,10,7,4,4,8,15,21,20,15,10,10,13,17,21,24,23,19,17,16,19,24,28
14,13,11,8,4,3,6,9,11,10,8,8,9,11,12,13,15,17,19,22,23,27,32,34
10,12,12,8,3,3,4,5,6,6,6,8,9,9,9,10,12,16,21,25,28,30,33,34
8,10,10,8,5,5,5,5,5,8,11,14,15,14,10,9,11,15,19,23,25,26,27,26
6,7,7,8,8,8,8,8,9,14,18,21,22,19,14,11,12,16,19,22,24,25,24,24
5,5,6,8,10,10,10,10,13,19,23,23,22,19,14,12,14,17,20,23,24,25,27,27
6,7,9,10,10,10,10,11,14,19,20,18,15,12,10,11,14,17,20,21,22,25,29,32
9,10,11,12,11,10,11,11,12,12,11,8,6,6,7,9,13,16,19,18,17,20,26,30
8,9,12,14,15,14,13,13,12,10,8,6,5,5,5,7,9,11,14,14,13,17,23,27
7,8,12,16,18,17,15,12,11,10,8,7,7,6,5,4,6,9,12,12,12,17,23,25
7,8,12,16,18,16,14,12,10,10,9,8,8,7,5,4,8,12,14,13,13,17,22,24
8,9,12,14,15,13,12,12,11,9,7,7,7,7,5,6,12,18,18,14,12,15,19,21
