34,39,39,30,21,32,48,58,62,63,64,65,65,59,46,39,44,56,65,62,55,54,67,85
26,25,22,17,12,19,30,39,41,41,40,41,42,39,29,24,32,48,63,64,63,62,70,84
35,28,20,14,11,13,18,20,20,17,15,16,17,16,12,12,22,37,49,55,64,65,68,80
55,49,38,28,24,24,24,23,18,13,14,17,15,11,11,16,28,42,51,54,60,55,52,59
69,67,58,49,47,50,52,49,40,30,40,50,48,34,26,30,48,73,89,77,55,33,23,24
73,71,68,69,77,86,88,80,62,49,67,89,92,73,50,45,64,96,114,87,44,20,14,14
73,75,77,83,92,99,98,90,76,64,76,102,117,105,75,65,80,99,99,70,42,37,38,31
71,77,82,85,89,90,88,84,80,74,79,101,117,111,87,82,96,105,93,70,66,81,84,65
71,79,84,82,79,75,73,73,74,76,81,95,103,97,84,85,100,108,99,85,90,107,105,79
73,80,84,81,76,75,71,68,67,69,79,90,95,91,79,76,84,93,94,86,79,74,64,49
59,65,72,77,80,83,82,78,75,77,88,96,100,101,93,87,88,90,91,89,78,63,50,45
55,58,65,71,76,80,82,82,82,88,100,105,108,109,103,97,89,87,90,89,76,67,69,77
63,65,69,72,75,78,82,85,86,92,102,105,108,110,107,97,87,84,86,84,71,70,84,99
73,76,79,80,82,85,89,90,88,89,95,98,103,108,107,98,92,91,89,80,68,67,79,92
70,75,80,85,89,95,98,95,88,85,91,95,101,107,111,112,117,120,112,91,75,69,72,78
70,71,73,77,82,89,96,95,89,86,92,97,101,106,114,121,126,125,115,97,91,89,88,87
65,64,64,67,73,79,86,89,88,87,92,96,98,100,104,108,110,109,105,100,101,102,103,104
61,59,58,61,66,71,76,80,82,83,88,92,92,92,92,92,92,94,99,103,104,103,105,110
60,59,59,61,66,71,74,75,76,78,83,87,90,90,89,89,90,95,104,114,111,104,100,103
62,63,65,68,74,80,84,84,84,87,89,92,95,99,102,99,98,104,117,133,129,116,107,108
68,71,75,81,86,91,96,101,104,104,103,105,109,113,116,112,113,121,134,143,138,130,130,135
76,77,81,87,93,99,103,110,116,116,115,115,118,121,125,125,130,136,140,144,150,159,170,177
79,79,80,85,94,100,104,108,114,115,110,110,113,118,120,125,133,139,139,142,151,162,170,173
75,76,77,81,92,99,102,103,104,103,95,93,100,108,106,111,123,133,138,141,137,129,123,121
