1,1,1,1,2,1,1,1,0,1,1,3,7,11,12,8,9,14,17,20,28,29,21,11
2,1,1,1,2,1,1,0,0,0,1,3,6,11,15,11,8,8,10,15,32,37,29,16
1,2,3,4,3,1,1,1,1,1,6,15,19,20,25,21,11,5,6,11,25,35,35,28
2,6,18,29,30,21,12,6,2,2,14,35,46,43,43,40,23,9,7,11,15,24,34,40
4,14,44,76,86,67,40,18,6,4,18,50,71,71,64,59,37,16,9,15,13,19,32,46
3,12,44,81,97,90,67,37,14,7,12,37,63,75,67,52,31,14,10,15,17,26,43,60
5,8,22,40,50,54,47,31,14,9,9,19,35,47,42,29,20,20,26,34,38,48,65,80
22,18,15,14,16,24,26,23,17,15,13,11,14,21,21,20,27,40,54,67,77,85,92,100
50,42,31,24,25,28,26,24,23,24,23,17,14,18,27,38,55,71,84,100,115,119,116,114
72,63,50,48,57,53,39,30,29,32,32,29,31,42,60,77,89,97,102,115,126,128,123,119
88,62,38,42,70,75,62,48,39,34,35,39,51,71,90,93,93,93,94,98,103,106,108,110
86,53,23,19,38,50,54,54,55,57,51,47,54,71,83,78,73,69,65,61,64,71,79,87
54,33,12,5,10,20,32,43,55,68,62,49,45,53,58,55,52,50,45,40,43,49,56,62
22,18,12,8,9,13,20,26,35,51,52,41,34,34,36,39,42,43,42,41,44,46,47,46
38,34,29,25,26,28,29,27,25,26,26,23,22,25,28,33,37,40,40,43,48,52,51,48
53,52,52,54,56,53,49,49,48,42,36,30,27,28,32,41,50,60,67,69,66,63,63,66
54,55,59,64,70,70,68,73,80,79,72,63,55,47,44,51,59,66,71,73,69,65,68,74
48,50,54,60,65,67,64,68,78,83,81,76,70,64,61,63,65,63,60,60,57,57,60,65
44,46,49,51,52,50,41,39,43,49,52,55,60,69,77,81,82,77,68,63,61,61,62,61
43,46,49,49,45,40,34,30,30,32,37,43,53,69,88,104,120,130,131,123,117,116,112,104
54,60,65,62,49,38,32,28,26,27,30,36,43,50,60,74,97,124,144,148,154,166,172,167
58,63,67,63,48,34,26,22,22,22,23,26,29,30,30,36,51,76,103,120,135,156,172,177
54,57,65,74,75,63,52,51,58,62,58,50,45,42,38,34,37,48,65,83,99,115,127,132
47,52,70,101,128,121,107,111,128,137,125,105,89,82,77,69,65,64,66,75,86,91,88,81
