116,109,107,121,148,161,166,172,180,180,182,186,183,177,179,174,161,152,150,140,132,137,151,163
120,113,112,121,136,143,147,155,165,172,184,193,189,181,182,180,171,166,165,154,146,153,167,176
144,142,143,147,145,134,123,121,129,144,167,182,182,170,160,152,151,157,163,162,161,167,178,183
171,172,175,175,164,142,123,113,112,117,136,150,153,144,127,116,121,132,138,142,143,146,150,151
175,176,175,172,166,157,156,154,142,122,116,116,119,120,115,116,123,125,115,103,93,87,85,85
173,174,167,156,148,150,163,172,167,150,139,138,140,143,144,151,157,155,142,124,106,95,93,96
176,180,172,156,145,150,169,185,189,184,173,169,166,164,163,168,170,168,165,157,145,138,140,146
164,168,166,158,151,156,172,186,193,194,188,182,177,175,176,177,173,171,173,176,172,168,170,175
151,152,154,154,152,157,166,174,179,181,178,174,172,174,180,178,172,167,168,173,175,174,173,174
167,165,159,149,139,143,154,159,160,163,162,161,163,167,171,169,163,158,158,164,169,171,170,170
183,183,175,159,143,140,147,153,155,158,163,165,165,166,169,168,165,164,165,168,169,171,173,173
190,187,175,160,150,147,149,150,147,146,154,159,164,171,178,178,177,176,175,175,176,177,177,177
183,180,172,165,165,165,167,165,158,152,159,167,174,179,181,182,182,177,171,169,174,176,175,173
172,173,176,177,179,181,186,187,182,175,182,192,193,183,173,175,175,167,156,154,162,168,169,167
172,175,181,183,178,175,180,184,183,181,195,205,197,174,160,165,168,161,151,148,158,168,173,173
179,183,191,197,195,192,186,177,164,152,153,154,140,118,111,132,155,166,163,157,158,164,171,174
173,172,176,181,184,186,180,163,138,114,106,106,102,97,108,135,162,177,174,161,157,162,166,164
161,159,157,159,165,176,173,157,135,113,103,98,100,112,138,160,180,189,183,166,161,167,166,157
156,156,151,147,153,166,167,162,157,154,147,132,125,137,159,171,184,189,182,169,172,181,178,165
165,159,150,141,136,135,145,160,173,182,182,167,155,150,144,133,143,157,157,153,181,204,204,188
187,173,163,157,144,124,130,147,161,165,168,168,171,172,155,128,127,129,113,95,119,152,169,166
175,161,154,155,153,133,125,121,117,113,119,134,155,171,164,144,140,136,119,98,105,125,142,147
162,155,150,154,163,153,138,119,101,91,99,121,150,173,177,167,161,158,148,129,116,120,134,144
177,174,169,169,175,167,157,147,135,120,127,149,175,194,198,180,171,169,162,134,109,114,135,150
