220,216,213,209,204,202,207,209,210,216,227,232,226,210,188,168,176,197,212,210,207,203,201,202
222,221,218,215,212,210,209,207,206,210,222,229,223,204,178,158,170,197,214,211,207,206,209,212
219,218,214,213,217,218,215,206,197,193,213,224,217,197,179,175,190,207,214,207,205,209,216,218
212,211,209,210,216,219,216,206,192,188,210,222,212,193,188,201,214,219,213,196,192,203,215,215
207,207,209,210,209,206,204,200,198,206,217,219,210,197,194,203,214,221,213,184,171,187,206,209
210,206,197,187,180,176,180,186,197,216,218,213,211,211,207,203,210,218,214,190,178,188,204,211
224,217,198,177,166,165,179,193,203,214,215,214,219,224,218,207,210,218,218,201,192,197,210,221
215,218,208,188,175,180,199,214,219,218,214,215,218,219,212,200,196,205,216,213,212,215,221,224
188,206,215,204,190,202,218,230,233,226,217,211,203,195,193,188,185,196,215,222,223,222,218,210
170,193,209,206,196,210,222,229,232,230,222,207,186,169,172,184,198,212,222,218,208,200,192,183
170,177,195,215,224,230,233,232,231,228,222,211,188,159,142,150,177,200,204,191,178,175,184,195
168,166,177,197,216,224,230,233,231,228,226,221,208,187,169,172,190,201,193,175,173,184,202,215
188,182,174,168,170,181,204,221,226,224,223,222,220,215,208,210,214,211,199,184,186,200,216,225
220,213,186,150,127,136,168,192,197,191,190,190,194,202,210,219,220,216,212,207,206,210,218,223
224,217,192,161,144,149,160,157,139,120,115,115,122,137,160,185,196,202,210,218,220,222,224,226
211,204,193,187,193,201,200,187,162,131,103,84,84,105,138,168,183,190,197,205,216,221,223,223
198,194,191,197,211,223,225,220,208,186,161,144,143,155,173,186,192,193,190,189,200,210,215,216
206,203,201,200,201,200,204,209,211,203,190,184,192,207,214,213,210,204,197,193,201,210,216,217
226,224,218,205,184,156,150,158,165,161,153,152,174,208,224,224,219,213,208,212,219,225,227,227
216,214,211,199,173,137,128,134,140,137,132,131,156,196,217,216,209,202,202,205,212,218,223,225
176,163,147,133,126,134,161,183,193,195,195,194,201,214,220,211,196,186,183,181,176,185,204,219
173,157,138,127,126,146,178,204,217,219,216,216,218,221,222,216,206,198,196,191,178,183,204,221
203,194,184,178,175,179,193,209,219,218,211,210,214,220,224,225,222,220,218,214,204,205,216,227
229,229,230,228,223,219,220,225,229,226,218,217,220,225,228,229,228,226,223,221,221,221,225,229
