178,177,176,176,177,179,181,186,194,201,209,214,212,202,190,185,184,186,189,189,192,195,195,192
143,139,137,139,144,146,151,160,171,178,185,191,193,186,176,171,171,173,178,180,185,189,188,186
125,119,112,111,116,117,123,132,139,143,144,151,159,163,160,159,163,169,175,177,180,180,177,174
140,135,126,121,121,122,126,129,129,128,126,131,145,161,166,168,171,175,177,179,180,177,171,169
164,162,158,154,152,151,153,152,150,150,147,148,162,185,198,196,187,175,167,170,177,175,170,170
141,140,137,134,133,130,132,137,142,148,145,141,154,179,196,190,168,143,129,132,136,133,133,140
113,118,121,122,125,128,132,137,143,149,146,143,151,164,162,149,131,114,103,102,107,110,117,127
113,116,119,123,132,139,143,149,154,151,146,147,150,148,139,130,123,115,105,100,99,97,100,107
134,132,136,145,151,151,150,156,161,153,146,148,145,137,139,146,148,142,133,123,111,99,92,94
145,149,165,178,168,155,146,145,148,145,141,141,133,125,142,165,172,169,162,151,138,128,123,121
125,127,134,139,136,139,129,110,95,94,95,100,98,96,112,139,151,150,148,156,159,160,164,167
145,142,135,131,139,155,154,139,123,124,129,136,140,138,137,149,156,158,161,170,170,167,167,171
150,149,140,135,147,170,182,181,175,176,178,180,180,174,167,168,173,181,187,187,178,173,173,174
132,136,136,136,144,164,181,186,184,186,183,178,169,161,163,170,177,187,195,190,180,179,181,180
142,143,145,146,148,152,154,149,140,141,143,143,136,128,138,155,159,160,163,167,165,161,156,150
161,158,157,161,171,178,179,171,157,148,148,155,160,161,162,172,179,176,164,152,147,148,149,146
190,186,182,183,189,199,206,203,190,175,169,178,190,194,185,180,183,185,177,158,157,169,177,172
200,198,194,190,191,204,213,211,197,177,165,173,188,195,185,167,160,163,164,151,158,176,185,179
164,165,161,158,161,175,180,174,159,139,129,139,156,166,159,139,125,123,127,119,127,138,142,138
81,80,77,78,88,98,98,97,97,96,101,121,143,148,130,111,108,116,119,103,89,82,82,85
78,83,86,88,95,102,101,97,97,102,110,127,143,146,133,120,124,142,159,160,146,136,130,128
137,149,158,159,158,157,143,125,119,130,140,146,147,145,147,150,157,173,192,200,198,189,180,173
177,189,200,202,198,193,177,161,159,175,186,184,174,166,171,179,182,184,187,190,194,191,182,173
160,165,174,181,180,179,182,189,201,220,229,226,216,204,198,192,184,173,160,151,153,156,152,143
