196,189,180,172,168,166,168,171,171,167,162,167,174,177,171,162,152,150,157,168,173,173,172,171
182,180,178,178,178,178,178,179,176,170,165,171,179,181,173,164,158,161,170,178,181,180,178,177
163,168,173,177,178,177,173,171,169,168,167,172,178,177,169,164,163,166,171,173,172,171,170,169
161,169,175,178,177,170,163,161,165,171,175,175,172,166,162,163,166,166,162,156,152,150,150,151
177,181,185,186,183,172,164,165,175,183,186,178,165,154,153,160,169,170,163,151,142,136,138,144
153,155,159,163,162,153,150,153,159,163,165,158,145,134,136,151,170,184,185,175,163,155,156,162
113,113,113,112,109,105,106,110,114,114,113,110,107,108,116,131,146,153,151,141,131,131,142,156
106,107,108,107,105,107,112,119,124,124,121,125,132,138,140,138,135,125,109,89,79,83,100,117
145,148,152,157,159,164,168,170,169,166,166,176,186,187,177,156,136,114,88,63,53,57,70,83
198,199,202,206,209,213,209,192,170,155,159,169,173,169,163,145,125,107,93,84,88,94,100,104
169,171,176,181,185,185,177,155,127,108,105,103,102,104,114,115,109,107,116,137,163,179,181,177
155,159,164,168,168,166,163,157,147,140,138,133,131,136,150,157,154,150,151,158,174,188,196,195
163,164,166,171,178,183,187,189,190,193,196,194,191,191,196,198,196,188,177,166,166,174,182,184
158,157,158,166,180,195,201,201,197,198,202,201,197,190,185,183,185,185,182,177,177,181,183,182
112,118,126,132,135,138,145,148,144,137,130,124,120,117,112,113,125,144,164,186,201,209,208,205
162,167,173,172,163,157,159,158,147,125,107,97,93,89,78,71,81,107,140,167,182,187,184,178
204,207,209,207,198,187,181,176,165,149,141,140,143,141,128,107,96,98,107,114,120,122,121,119
206,207,209,207,201,193,184,179,176,176,182,190,199,203,197,176,153,135,122,112,112,113,114,114
184,186,185,180,176,176,174,174,176,181,188,196,206,217,221,213,199,186,176,169,169,171,172,171
185,181,169,157,156,169,179,180,172,163,160,162,171,183,188,180,172,170,172,169,166,168,171,173
157,151,139,129,130,143,151,146,131,119,116,119,125,129,127,116,109,110,117,115,107,102,100,99
120,114,105,104,112,122,125,119,109,102,101,106,111,112,113,114,115,119,126,128,120,105,87,74
134,128,121,121,130,136,135,129,123,118,116,117,117,117,124,137,148,153,155,159,157,143,121,104
195,191,183,175,174,176,172,163,152,143,137,129,121,117,122,137,150,154,151,150,155,155,147,139
