199,197,198,204,213,217,218,219,216,208,206,211,211,202,196,198,202,207,209,209,208,206,199,190
205,204,205,210,216,222,226,229,229,224,221,221,217,207,201,201,203,207,211,213,212,209,204,198
216,214,214,215,216,223,231,235,235,231,227,223,217,211,209,209,209,211,216,217,212,206,203,201
220,217,215,212,211,219,228,230,225,221,220,217,215,214,215,216,214,215,220,222,211,199,195,196
204,202,200,198,199,206,215,213,205,204,207,210,213,216,216,215,213,215,222,224,212,196,188,189
159,166,172,175,177,179,182,184,187,192,199,202,206,211,212,208,209,214,221,222,209,193,186,192
120,136,157,172,177,173,164,161,171,185,195,201,205,208,207,200,200,205,212,215,209,199,197,204
132,148,173,193,196,191,178,171,176,187,197,206,211,211,205,197,197,202,207,211,211,208,206,208
173,181,195,207,209,207,202,196,193,196,201,211,218,215,204,197,198,203,207,210,212,212,209,206
187,185,185,188,193,198,200,200,200,201,203,211,216,213,203,196,197,202,207,208,210,212,210,206
172,169,166,168,178,185,189,195,204,211,216,220,222,221,217,213,210,210,211,211,212,213,212,208
185,182,178,179,188,193,198,204,212,216,219,219,218,218,217,219,218,216,217,218,218,218,217,214
212,208,204,204,210,214,217,220,222,221,219,215,211,210,210,213,214,216,218,221,221,220,218,217
231,227,223,223,226,230,231,230,228,224,218,212,207,205,205,206,207,211,215,217,218,217,215,215
227,226,224,224,224,225,226,226,224,219,214,210,207,205,207,208,208,209,212,213,215,214,211,210
224,226,226,224,222,220,218,217,216,214,214,214,213,212,214,215,213,213,215,218,222,220,214,210
217,220,222,222,222,219,216,215,215,216,218,221,223,225,225,223,221,219,219,218,218,214,210,207
208,210,214,218,221,220,219,219,219,219,220,223,226,227,226,223,221,221,219,213,206,202,201,203
203,205,211,218,222,220,220,221,221,217,215,218,219,216,213,212,216,220,219,211,201,197,199,202
212,217,225,229,226,216,210,209,209,207,206,208,210,207,204,203,212,222,227,223,218,215,210,203
226,230,234,232,224,210,199,191,188,192,199,205,208,204,193,180,180,188,198,208,216,218,206,189
205,210,219,223,219,206,195,186,182,187,195,202,204,200,187,170,163,165,176,192,204,209,201,187
167,172,184,196,198,187,180,180,185,191,200,207,209,206,201,192,184,181,184,192,197,203,206,205
145,145,153,165,170,156,154,167,186,197,211,221,224,223,226,228,225,218,211,204,201,208,220,228
