83,87,91,95,99,103,103,99,95,96,102,106,109,114,122,125,127,128,128,127,129,131,130,129
72,78,86,92,95,99,101,99,95,96,102,109,115,120,124,123,122,123,124,126,129,130,128,126
54,61,71,78,82,87,91,92,91,92,97,105,112,116,115,114,113,113,114,116,117,116,114,113
35,41,48,55,60,66,73,77,79,82,87,93,99,103,102,102,102,101,99,97,95,93,93,94
23,25,28,32,37,43,50,56,60,64,69,76,83,88,91,92,90,86,80,75,71,71,75,78
24,22,21,21,25,30,34,38,41,43,46,51,57,64,69,67,64,60,57,56,56,61,68,74
43,40,36,34,35,37,37,37,38,39,40,42,45,49,52,53,54,55,55,57,60,65,71,75
64,60,54,50,50,49,44,40,41,43,45,46,47,48,49,54,59,63,65,68,71,73,74,75
69,65,58,53,54,53,46,42,43,47,51,55,56,57,57,64,69,72,74,78,80,78,76,76
56,52,47,45,47,48,45,44,46,50,55,59,63,66,67,70,72,74,75,80,82,83,83,83
56,53,50,50,52,53,52,53,55,56,55,59,66,72,71,75,78,79,80,84,86,87,87,87
64,63,61,60,62,62,60,60,60,58,55,57,64,72,75,78,80,82,83,85,86,87,87,87
69,67,65,64,64,63,62,60,59,57,54,55,60,68,76,80,83,84,85,87,88,88,88,87
65,63,60,58,57,57,56,56,55,55,55,54,56,63,73,82,87,89,91,93,93,92,91,89
56,54,51,50,51,53,53,54,55,57,59,58,56,59,69,82,91,96,98,101,101,100,97,95
40,39,39,41,46,50,54,55,57,60,63,61,58,58,66,78,89,96,99,101,102,102,100,97
30,29,31,35,42,50,54,57,58,60,63,63,61,61,67,77,87,94,97,99,102,104,103,100
29,28,29,33,40,48,50,51,51,53,55,56,57,60,64,73,82,90,93,95,99,103,103,101
39,36,33,33,37,42,41,38,37,39,40,42,45,49,54,61,73,83,89,91,95,99,100,99
57,52,44,38,36,35,31,26,25,26,30,33,35,37,39,45,56,72,86,92,93,95,96,93
75,71,63,55,46,39,32,25,20,17,19,24,28,29,28,28,36,55,80,95,95,93,91,88
92,90,86,79,69,59,49,39,29,21,18,19,20,22,21,19,25,47,79,97,96,93,90,84
102,102,102,99,92,83,72,61,49,37,26,19,17,19,21,23,30,51,81,96,95,93,89,82
103,104,106,105,102,96,87,77,65,51,35,24,19,21,27,33,42,60,82,93,92,92,89,83
