66,68,70,70,69,70,69,68,74,93,114,117,109,100,93,87,80,73,68,63,58,55,53,54
67,68,70,70,69,69,69,68,73,89,111,114,106,98,92,86,80,74,69,64,59,55,53,55
69,69,69,69,69,69,69,68,72,84,107,111,105,98,91,86,80,75,70,66,62,58,55,55
69,69,69,68,68,69,71,70,71,81,105,112,107,100,94,87,82,76,72,70,67,64,61,59
68,68,67,66,65,70,76,75,72,78,101,110,108,102,97,89,83,78,75,73,72,70,69,70
67,67,66,63,63,72,81,78,70,73,86,90,93,95,94,89,83,78,75,72,69,65,68,75
70,68,66,64,64,70,76,75,70,70,72,75,80,87,90,89,84,78,72,65,57,53,57,67
75,71,66,65,66,69,76,78,75,70,69,78,88,93,92,89,84,78,70,59,49,48,55,63
76,72,67,66,69,75,87,90,82,72,73,91,106,107,97,89,84,78,70,59,51,53,61,68
71,70,68,68,75,88,104,102,85,73,77,94,108,107,96,87,82,78,73,67,61,61,68,76
69,69,69,70,78,89,96,91,79,75,79,82,86,90,87,84,81,80,80,83,83,82,85,92
69,69,69,70,73,78,80,77,76,85,86,77,72,75,78,80,82,82,82,88,92,93,94,98
69,69,69,69,69,70,70,70,75,86,85,79,79,84,83,83,84,84,83,86,88,89,90,93
69,69,69,69,69,69,69,69,71,76,79,92,110,118,104,94,89,87,85,84,81,80,83,85
69,69,69,69,69,68,69,68,68,72,83,117,151,159,132,108,96,91,89,89,85,84,85,87
69,69,69,69,69,69,68,67,68,75,89,120,150,156,129,106,92,88,90,94,94,92,91,92
70,69,69,69,69,69,68,67,73,88,99,110,122,125,109,95,87,87,93,98,99,97,96,96
70,69,69,69,69,69,67,69,84,112,118,111,108,108,100,91,87,90,97,101,101,100,100,100
69,69,69,69,69,69,67,73,98,137,141,130,121,118,109,100,99,103,106,105,104,104,104,104
69,69,69,69,69,69,68,77,105,146,150,139,129,123,116,117,122,124,121,115,111,110,110,110
69,69,69,69,69,69,69,77,105,148,150,134,121,117,114,113,115,117,117,116,117,119,120,120
69,69,69,69,69,69,69,76,98,130,132,121,113,108,101,96,99,107,111,112,119,129,135,134
69,69,69,69,69,69,70,78,94,114,116,113,109,103,91,88,98,110,116,116,123,136,144,144
69,69,69,69,69,70,73,84,100,116,117,115,111,103,92,97,112,124,128,127,129,138,144,144
