82,83,82,80,80,82,82,82,82,82,82,82,82,82,84,81,75,64,51,42,42,44,44,42
83,83,81,80,82,83,84,83,82,83,83,84,83,80,80,79,73,62,49,42,42,43,44,44
84,83,82,81,82,83,84,83,83,84,84,84,83,81,79,79,73,61,49,42,42,43,44,46
83,83,82,81,81,82,82,83,84,83,83,83,82,81,78,78,72,60,48,42,41,42,44,45
83,83,82,81,81,81,82,84,84,82,81,80,79,77,73,70,65,58,49,42,40,42,43,43
85,84,83,83,83,83,83,84,85,84,83,81,76,69,62,60,63,65,60,53,46,45,46,46
85,84,84,84,85,84,84,84,86,87,85,82,74,62,52,49,54,60,59,53,48,46,46,46
85,84,84,85,86,86,85,85,85,86,86,83,73,58,47,44,49,57,61,56,51,47,46,47
86,85,85,85,86,86,85,85,85,84,85,84,74,59,48,44,48,56,63,63,57,51,49,49
85,85,85,85,85,85,85,86,86,84,85,84,75,62,52,49,48,50,56,63,61,56,53,52
83,84,86,85,84,86,85,86,86,85,85,84,77,68,64,70,68,62,61,68,69,63,56,53
83,84,85,84,83,85,85,85,85,85,86,88,82,74,75,89,89,82,79,84,82,72,60,54
86,86,86,85,85,86,87,86,86,86,88,89,85,80,82,95,96,91,91,96,92,79,65,57
89,88,87,87,87,88,89,89,88,87,87,87,86,85,86,91,89,87,90,97,94,82,69,61
87,86,85,86,87,86,86,87,87,86,86,86,87,90,89,88,85,85,88,94,90,80,68,60
88,87,86,87,88,88,89,88,87,87,88,88,88,88,87,86,87,88,90,92,87,78,66,56
88,87,87,88,89,90,90,90,88,88,89,88,88,89,89,88,88,89,88,86,79,71,61,53
90,89,89,90,91,91,91,91,90,89,89,89,89,91,92,89,87,84,80,76,68,61,55,51
93,92,92,92,91,90,90,91,91,89,89,89,88,88,88,83,78,73,67,62,56,53,51,50
94,93,91,89,88,87,88,89,90,89,89,88,83,76,71,65,60,56,53,52,50,50,51,50
89,89,87,87,87,88,88,88,85,81,77,74,69,63,59,54,49,47,47,48,48,49,50,51
89,89,88,89,88,88,85,79,72,66,59,57,55,53,52,50,48,48,48,49,49,50,51,53
92,91,90,89,85,82,74,66,60,55,49,47,49,50,50,50,52,53,52,53,52,52,53,53
94,92,89,84,78,71,62,56,54,55,51,50,51,52,52,51,53,54,53,56,54,53,53,52
