149,146,141,138,138,133,129,127,126,125,126,125,125,126,128,131,130,127,125,124,120,117,114,114
146,144,140,138,136,132,129,126,125,124,124,123,123,123,124,127,126,123,121,119,116,113,111,110
143,141,139,135,131,129,128,126,125,124,122,121,121,119,117,118,117,114,112,110,107,106,104,103
140,139,136,133,129,127,126,125,124,124,121,120,119,117,113,111,108,106,104,103,101,100,98,97
139,137,134,132,130,128,125,123,122,122,120,118,117,116,113,110,106,102,101,102,102,100,98,98
139,138,135,131,127,126,124,122,121,119,119,119,119,118,115,112,106,102,101,103,104,102,100,101
139,138,136,130,124,122,121,122,122,120,119,119,119,119,116,112,107,103,102,103,104,103,103,106
137,136,135,131,124,122,122,122,122,120,120,119,119,118,115,112,110,108,107,108,109,109,111,112
134,132,132,131,125,123,123,123,122,120,121,119,118,116,114,113,115,115,113,115,117,119,121,121
133,131,130,128,124,121,121,121,120,120,119,117,115,113,114,114,116,118,118,122,126,127,129,132
130,128,126,124,121,118,117,116,115,115,112,112,112,112,113,115,119,121,122,126,130,131,132,135
125,124,122,119,115,112,111,110,110,111,109,109,109,110,111,113,117,122,124,126,129,131,131,130
120,118,115,111,108,108,108,108,107,108,108,107,106,106,106,109,114,120,123,124,127,129,128,125
115,112,108,105,104,106,109,109,108,107,107,105,104,103,102,106,112,117,119,120,123,123,121,119
110,108,105,103,103,105,107,109,108,107,105,104,105,105,105,108,111,112,112,113,113,111,107,103
106,105,104,103,103,105,106,107,107,108,108,108,110,111,113,115,114,111,108,106,103,98,91,86
105,104,104,104,104,106,107,109,111,111,112,113,114,116,118,119,117,112,106,102,96,90,82,75
106,106,106,107,106,109,110,112,114,114,115,116,116,117,118,119,117,111,105,100,92,85,76,67
108,109,109,108,109,111,112,112,112,113,114,114,113,113,115,114,113,109,102,97,88,80,69,59
111,112,111,110,110,110,110,109,108,109,109,109,108,108,108,107,105,101,95,89,80,71,61,53
115,116,115,112,109,107,107,106,104,102,101,101,100,99,100,100,97,92,87,81,73,65,57,49
118,117,116,114,109,106,104,103,101,96,94,94,93,93,93,93,91,87,83,76,68,61,54,47
119,117,116,114,110,106,102,99,96,91,90,88,89,90,91,92,89,86,81,75,66,60,54,50
120,117,115,113,110,105,99,95,92,88,86,85,86,88,93,94,91,86,81,75,68,61,56,55
