242,241,243,245,240,219,186,180,207,243,248,248,248,247,245,246,245,245,246,244,245,246,243,239
242,241,243,243,232,207,167,161,197,240,246,247,247,246,243,243,242,242,244,243,244,244,242,239
245,243,244,240,221,183,140,143,190,240,246,247,247,245,241,241,238,238,241,240,240,241,240,239
248,245,241,228,196,142,106,128,190,240,246,247,246,244,240,238,235,235,237,237,237,238,238,237
246,241,226,197,152,92,73,118,193,239,243,243,242,240,237,235,232,232,234,235,236,237,236,233
241,226,192,151,119,92,99,147,207,238,242,241,238,234,233,233,232,232,234,233,233,234,234,231
223,204,163,121,100,93,122,174,222,241,243,242,238,233,230,231,230,230,231,228,225,226,228,229
188,179,152,123,114,119,150,195,232,243,242,239,234,228,224,223,221,221,220,215,211,215,221,225
149,155,151,144,147,156,181,213,236,243,240,233,224,215,213,212,209,207,205,201,200,209,220,224
129,133,146,158,162,167,197,227,242,244,239,229,213,200,199,203,199,192,190,194,201,213,225,231
132,138,144,145,145,164,206,236,245,246,241,227,207,191,189,190,183,176,176,186,200,216,230,237
137,140,135,130,145,188,226,244,247,248,241,225,207,195,193,182,164,154,160,180,203,223,237,242
144,139,126,131,172,219,241,247,247,247,236,220,207,200,193,161,132,126,147,181,211,232,243,246
143,128,122,150,208,237,246,245,241,234,221,210,201,189,164,120,99,115,157,197,225,241,247,248
113,97,119,175,225,240,244,240,226,203,194,194,182,147,101,76,100,154,206,230,242,247,248,247
82,83,136,206,238,243,243,234,212,184,174,162,130,88,76,113,166,211,236,241,246,249,249,249
54,84,160,229,243,243,238,226,209,191,160,116,74,60,93,161,212,237,243,243,245,248,248,247
47,99,182,240,243,237,227,216,205,183,128,71,47,71,133,193,228,242,245,244,245,247,247,247
67,125,199,243,240,224,207,198,182,135,74,45,60,110,171,203,225,240,247,246,246,248,249,248
99,151,211,240,229,204,179,158,126,71,33,45,92,149,187,193,206,227,244,246,246,247,248,247
123,169,217,231,205,169,137,110,80,42,29,60,115,162,182,182,190,215,241,246,247,247,248,247
158,188,208,190,138,101,78,63,50,36,39,73,118,157,180,184,185,201,230,242,247,248,248,246
193,203,187,135,67,41,35,35,35,39,53,82,116,149,182,197,189,191,214,232,244,248,247,246
212,208,168,98,34,24,27,29,30,41,61,90,119,148,183,209,197,186,201,222,238,246,247,246
