69,70,73,76,80,84,90,97,105,111,118,117,110,99,91,80,68,54,40,30,30,31,30,29
70,72,75,79,82,85,91,99,108,115,119,117,110,101,94,83,73,60,45,33,30,30,29,28
73,75,79,83,85,86,90,98,109,117,120,117,111,104,97,87,77,65,51,38,33,31,30,29
75,78,82,85,87,87,90,97,108,116,120,117,111,105,100,93,84,72,58,43,36,33,33,32
75,78,82,86,88,88,91,98,106,114,119,116,109,103,102,99,93,83,69,50,38,34,35,35
74,78,84,88,89,88,89,94,101,109,115,114,106,96,92,90,90,90,83,62,42,33,32,33
73,78,87,94,96,94,94,95,99,102,107,104,93,80,69,64,64,69,70,55,39,31,30,31
73,77,87,97,102,101,102,103,103,103,102,95,82,66,51,42,41,45,48,42,35,31,30,30
73,76,85,96,104,105,108,110,111,109,104,93,77,60,45,35,31,31,34,34,32,31,29,29
75,77,84,94,103,107,109,112,115,115,108,97,80,62,47,37,32,30,31,32,31,30,29,28
84,85,89,97,106,112,113,114,115,116,113,103,86,64,46,38,35,33,30,30,32,31,29,29
89,89,92,99,108,115,118,118,117,116,117,110,95,73,50,36,32,32,31,31,30,30,30,30
92,92,95,101,110,118,125,126,124,121,122,118,105,84,57,37,30,30,32,31,30,29,30,31
95,95,98,105,114,126,135,138,135,131,129,125,112,89,60,38,30,29,31,30,31,30,29,30
101,99,101,110,124,139,148,151,149,144,139,129,108,80,52,36,29,28,29,31,33,32,30,29
106,103,103,112,129,144,153,158,158,151,142,125,96,63,41,31,28,28,28,29,31,31,29,28
109,107,107,115,130,143,150,155,155,146,135,113,81,51,35,30,29,29,29,29,30,30,29,29
109,108,110,118,132,142,147,149,147,138,123,98,68,43,32,30,30,30,30,30,30,30,29,29
108,108,110,118,132,141,144,141,136,126,109,83,56,37,31,30,30,31,31,31,32,31,30,29
107,107,107,112,122,131,130,123,114,102,86,65,45,33,30,30,30,30,30,31,31,31,30,29
110,109,108,110,115,120,114,102,87,70,58,45,35,30,30,31,31,31,30,30,30,30,30,30
115,116,116,119,123,123,114,99,78,57,43,34,30,30,30,30,30,30,29,29,29,29,30,31
120,122,126,132,136,134,125,109,88,64,45,34,30,31,30,29,29,29,29,28,29,29,29,30
121,124,131,139,144,140,132,120,101,76,53,38,32,32,30,28,28,28,29,28,29,28,28,29
