84,87,93,97,97,97,109,129,148,159,165,167,168,167,163,157,136,111,96,102,112,122,132,140
84,87,92,97,97,98,107,123,140,151,158,161,163,163,159,154,137,113,94,98,105,115,126,134
83,86,91,94,96,100,106,115,127,137,142,143,145,144,138,130,119,103,88,89,94,103,113,122
79,83,86,90,95,101,106,112,118,124,125,124,121,116,106,94,85,78,72,77,83,90,98,106
73,76,81,87,94,101,108,113,117,120,119,113,105,94,81,67,56,50,51,64,73,78,83,88
78,80,83,87,93,99,106,112,116,119,120,114,104,94,82,70,58,49,44,51,62,68,70,72
83,85,89,92,96,101,106,110,114,117,118,114,107,99,90,77,65,56,48,47,52,58,61,62
86,89,93,97,100,106,109,113,115,115,115,112,106,101,94,83,72,62,56,50,48,50,53,55
87,91,96,101,105,110,115,118,119,116,114,110,104,99,93,86,74,66,62,59,52,46,46,49
88,92,98,105,111,115,119,122,123,121,119,113,106,98,90,82,72,67,68,68,60,49,43,42
85,90,97,104,110,115,120,124,125,124,123,118,110,102,92,80,69,66,72,74,67,58,46,38
81,85,92,99,105,111,117,123,125,124,123,119,113,106,96,82,69,63,65,66,64,61,52,41
76,80,86,93,99,104,111,117,120,120,120,118,114,108,100,86,71,60,55,53,56,58,54,44
68,73,80,86,91,96,101,108,112,113,115,115,112,108,102,90,74,59,48,43,47,53,51,43
54,61,71,80,83,85,90,96,101,105,107,108,107,105,101,92,76,58,45,40,42,47,46,39
36,45,59,70,75,76,80,85,90,94,97,99,99,97,92,85,71,56,43,38,35,34,31,25
19,27,39,53,63,66,68,71,75,81,84,88,88,84,79,72,62,49,39,33,27,21,16,13
9,12,20,30,41,48,51,55,61,67,71,75,75,71,65,58,49,40,31,23,17,11,7,6
5,5,7,11,16,23,30,38,46,52,56,59,59,55,50,43,37,29,20,12,8,5,4,4
4,4,4,4,5,7,13,20,26,28,32,37,38,36,32,28,24,18,11,6,4,3,3,4
3,3,3,3,3,3,5,8,10,10,12,14,16,15,14,14,13,9,5,4,3,3,3,3
3,3,3,2,2,3,3,4,4,4,4,4,5,5,5,6,6,5,3,3,3,3,3,3
3,3,3,2,2,3,3,3,4,4,3,3,3,3,3,4,4,4,3,3,3,3,3,3
4,4,4,3,3,3,3,3,4,4,3,3,3,3,3,4,4,4,3,3,3,3,3,4
