38,44,51,59,70,77,79,80,75,65,71,86,96,98,97,98,94,91,92,98,103,107,108,108
36,42,48,55,65,73,76,76,71,60,66,83,95,98,98,98,93,88,88,97,103,107,108,108
28,33,41,49,57,66,71,72,65,51,57,77,93,98,98,96,90,82,80,90,99,105,106,104
18,23,32,41,49,59,67,68,60,44,49,70,89,97,96,93,86,76,71,80,91,99,100,96
13,17,25,33,43,54,64,65,55,40,43,63,84,96,94,90,83,73,66,71,82,92,94,91
10,12,18,27,37,50,60,59,47,37,41,58,80,95,96,90,81,70,63,65,76,85,88,86
6,8,13,20,33,50,60,56,43,35,41,55,75,91,95,92,82,70,62,62,71,79,81,80
5,6,9,17,34,53,59,52,41,35,42,55,71,85,92,92,85,73,63,60,68,75,77,77
5,5,9,20,41,59,59,48,37,34,44,57,68,79,88,92,89,79,67,60,65,72,75,74
5,6,13,30,51,62,57,43,31,30,44,57,66,73,82,90,93,88,77,67,65,70,75,74
7,11,23,41,58,63,55,39,27,26,39,54,65,72,76,82,89,93,90,81,73,75,80,81
10,18,34,51,60,59,48,34,23,23,35,52,66,72,73,75,81,89,94,89,79,78,83,86
15,24,39,52,56,52,41,28,19,20,31,49,63,69,70,69,72,80,88,88,80,76,79,83
19,25,36,45,46,43,33,22,15,16,26,43,57,64,65,63,63,69,78,79,74,70,69,72
15,19,26,31,33,32,25,17,11,11,19,35,50,59,60,58,57,60,66,68,66,60,56,57
8,10,14,18,20,21,18,12,8,8,14,27,42,51,53,52,50,51,55,60,59,51,44,44
5,6,7,8,10,12,11,9,6,6,9,17,28,37,42,44,43,42,45,50,47,39,31,29
4,4,4,5,5,6,6,6,5,5,6,9,15,22,30,34,34,32,33,35,31,24,18,15
4,4,4,4,4,4,4,4,4,4,5,5,8,12,18,22,23,21,20,20,15,11,8,7
4,4,4,4,4,4,4,4,4,4,4,4,5,6,8,11,12,11,10,8,6,5,4,4
4,4,4,4,4,4,4,4,4,4,4,4,4,4,5,5,6,5,5,5,4,4,4,4
4,4,4,4,4,4,4,4,4,4,4,4,4,4,4,4,4,4,4,4,4,4,4,4
4,4,4,4,4,4,4,4,4,4,4,4,4,4,4,4,4,4,4,4,4,4,4,4
4,4,4,4,4,4,4,4,4,4,4,4,4,4,4,4,4,4,4,4,4,4,4,4
