39,38,34,31,32,33,36,37,36,38,41,40,40,41,40,42,43,44,46,47,49,48,47,48
39,36,31,26,26,27,30,33,37,42,45,44,43,43,42,43,46,49,50,47,47,46,47,48
33,29,23,18,17,18,20,24,35,49,52,49,46,46,45,47,53,57,55,46,41,42,45,48
25,21,15,12,11,11,12,17,32,53,56,52,47,45,46,50,57,59,52,40,32,32,37,41
22,18,13,11,10,10,11,17,30,49,52,49,44,42,46,51,55,51,40,26,19,19,22,23
28,23,16,12,11,11,12,19,31,44,47,46,46,47,53,58,61,54,37,20,13,12,13,14
27,23,18,15,14,14,15,19,27,34,36,39,44,49,54,60,63,56,41,27,21,19,18,17
31,31,29,26,25,23,22,22,25,27,31,33,37,42,47,54,60,65,68,71,69,61,50,42
47,51,53,51,46,43,38,32,28,28,32,32,30,31,39,51,68,88,110,127,125,109,87,72
71,80,87,85,76,69,60,47,37,37,37,31,26,27,37,61,93,122,139,148,138,120,100,87
100,107,110,104,89,79,65,49,37,39,36,27,21,26,42,72,101,115,114,114,115,116,108,94
130,128,120,107,93,79,59,38,25,24,23,18,16,21,32,54,75,82,80,85,100,108,99,80
138,131,116,99,85,67,44,24,14,12,12,11,11,13,18,31,46,56,62,73,91,95,82,62
115,110,97,81,66,47,29,17,11,10,11,13,15,19,24,31,45,61,73,82,86,84,70,54
75,72,65,55,43,34,27,20,15,15,19,26,40,55,66,71,86,103,111,104,94,84,72,58
46,47,46,41,34,31,29,29,34,47,66,85,102,111,109,107,113,119,115,95,74,62,56,52
28,30,32,32,28,28,30,38,56,84,103,113,115,110,98,95,98,98,91,77,62,54,53,53
20,22,24,24,22,23,26,35,56,84,96,95,88,77,66,63,65,64,61,60,59,57,54,51
22,23,21,18,16,17,18,21,31,46,53,54,53,51,49,46,44,43,44,50,58,60,53,43
29,28,23,16,12,11,11,12,15,21,27,32,36,41,46,48,45,43,44,48,57,61,55,42
28,27,22,16,12,10,9,10,12,14,18,23,31,40,48,53,53,51,52,52,56,57,52,43
21,21,18,13,11,10,9,10,12,13,16,19,24,33,41,47,51,54,57,53,47,45,46,47
14,14,13,11,10,9,10,11,13,15,16,17,19,23,29,35,43,52,58,49,34,32,41,49
10,11,11,11,11,10,11,12,15,18,18,17,17,18,21,29,40,51,55,42,26,25,37,50
