30,32,34,34,33,33,33,33,38,49,61,59,52,47,47,48,48,49,51,53,53,52,50,48
31,32,34,35,34,33,32,33,37,48,57,55,49,45,47,47,47,48,51,52,52,50,48,47
34,33,33,33,34,34,32,33,37,47,50,47,43,43,46,47,47,48,49,50,51,50,48,46
35,34,32,32,34,34,33,34,40,46,45,43,41,42,45,46,47,48,49,50,51,51,49,47
33,33,33,34,35,35,34,38,45,50,48,47,45,44,45,45,46,48,51,51,50,49,48,47
33,34,36,36,35,34,36,44,54,58,54,50,47,48,50,47,47,49,52,50,49,47,46,47
35,36,36,37,36,36,37,44,53,54,51,48,46,47,49,48,47,49,50,50,50,49,48,48
33,32,32,34,35,36,37,42,47,48,45,45,44,44,45,45,47,50,50,48,49,49,48,47
24,23,23,25,28,31,38,45,49,47,45,45,44,43,44,45,51,54,53,47,45,45,46,46
13,13,13,14,16,22,39,55,60,54,50,48,47,46,47,52,60,63,57,48,40,39,42,44
10,10,11,11,13,17,35,53,59,52,49,46,44,44,48,55,61,61,53,40,30,28,32,36
10,10,10,10,12,17,35,51,56,51,47,42,41,45,49,53,54,50,39,26,19,17,19,22
10,10,10,11,13,20,35,46,49,48,46,43,45,50,55,58,58,50,34,19,12,11,11,11
12,12,12,13,16,22,32,38,39,41,44,47,51,56,61,65,68,59,39,22,15,13,13,11
19,18,17,16,18,21,26,29,29,32,38,44,48,51,58,61,62,57,47,37,33,31,27,23
28,28,26,24,23,22,23,25,29,34,33,33,37,42,49,51,58,68,80,94,98,94,80,66
56,53,51,48,41,33,27,27,31,33,30,27,28,34,45,59,81,105,126,144,146,133,112,93
81,76,72,67,57,43,36,37,40,34,28,25,26,34,53,81,110,132,145,154,149,132,113,102
91,86,79,70,59,43,39,44,47,36,25,22,27,40,65,97,118,125,123,123,119,112,107,108
95,92,84,72,54,35,28,28,27,21,14,16,22,34,54,78,93,93,83,82,98,115,123,123
93,91,80,60,37,21,15,15,15,13,11,13,16,21,33,49,60,63,62,68,88,101,100,90
82,78,63,42,23,12,10,10,10,11,11,11,11,12,17,29,40,50,59,70,83,89,84,74
63,57,44,29,19,13,10,9,10,11,11,14,21,28,32,42,57,72,83,90,90,90,85,77
45,39,33,27,22,16,11,9,10,10,11,22,42,63,68,80,97,113,119,117,108,99,89,81
