18,16,14,15,16,15,12,11,11,13,14,14,14,13,11,13,15,16,15,17,19,17,14,13
17,15,14,15,16,15,13,13,14,13,15,15,14,12,11,13,15,16,15,15,17,17,15,13
14,16,20,22,20,17,19,24,26,20,17,15,13,11,12,14,19,22,20,17,16,17,18,18
15,20,29,34,29,25,29,38,41,29,21,17,16,16,18,22,30,37,37,25,19,20,25,28
20,27,36,40,40,38,40,45,44,34,28,24,24,27,32,36,45,55,54,34,24,28,37,42
23,28,33,37,43,47,46,43,40,34,34,36,37,41,46,45,42,42,41,34,32,38,46,51
27,31,35,39,44,46,46,43,38,35,37,40,42,43,48,51,48,44,42,41,42,45,50,56
37,36,37,41,46,46,46,45,42,40,41,43,44,45,50,55,56,53,51,50,51,52,53,57
45,41,39,42,46,46,47,48,50,51,51,48,47,50,52,55,58,59,58,56,58,58,56,55
44,42,40,39,39,39,42,49,57,61,63,55,50,50,49,49,52,57,59,58,60,61,58,54
38,34,32,31,30,31,35,44,53,59,60,51,40,36,36,35,40,47,51,54,60,61,60,58
30,29,27,26,26,29,34,42,50,56,51,41,30,24,23,27,35,40,40,42,47,49,51,53
24,27,27,24,23,27,30,36,44,49,43,35,27,22,22,29,37,38,33,31,35,37,37,37
22,27,28,25,22,23,23,27,34,37,38,35,31,29,29,36,43,40,30,26,30,29,24,20
22,24,25,25,24,23,22,25,29,29,32,35,34,30,30,39,45,40,29,22,24,22,17,13
26,24,22,20,20,22,25,26,25,25,27,32,34,32,30,36,38,35,29,22,20,17,14,12
33,29,24,20,21,26,32,34,32,32,33,36,38,38,37,38,38,36,33,24,21,20,20,20
39,35,27,22,23,30,36,39,40,40,38,40,43,45,45,42,38,35,32,24,22,26,28,27
42,37,29,23,25,31,34,36,38,38,35,38,43,46,45,41,33,28,25,20,23,29,30,28
44,40,35,31,31,33,32,31,29,27,25,27,31,33,32,30,26,21,19,19,28,32,30,26
47,46,41,35,32,32,30,27,25,24,19,19,19,19,19,21,21,21,22,26,34,38,36,30
46,45,38,29,25,24,22,21,20,18,15,13,12,11,13,16,21,28,36,41,46,50,49,42
46,45,37,26,21,19,17,16,16,13,11,10,10,10,11,13,23,36,48,53,56,59,59,55
50,50,43,33,28,24,19,17,16,13,11,11,11,10,10,13,24,39,51,56,57,58,60,61
