71,70,70,70,71,72,72,67,61,57,54,55,57,60,63,67,70,72,76,79,83,90,97,103
65,64,64,64,63,63,62,59,54,49,47,48,50,53,58,63,68,74,79,84,90,98,106,111
47,47,46,45,43,41,39,37,35,31,30,31,33,36,41,46,51,58,67,75,88,101,115,124
27,26,25,24,21,18,17,16,16,14,14,14,15,17,20,23,26,32,41,53,67,86,106,122
16,14,12,11,11,11,10,10,10,8,8,7,8,9,11,11,10,12,18,26,35,49,69,87
10,9,7,7,9,11,10,10,11,10,10,9,9,10,9,8,6,7,10,12,14,19,29,39
7,6,7,9,12,13,13,14,14,14,14,14,12,10,9,9,8,8,8,8,7,8,10,13
10,10,12,15,19,20,22,23,23,23,23,22,20,15,12,12,12,11,10,8,7,6,6,6
19,20,22,27,31,36,39,40,39,40,41,41,38,32,27,24,23,21,18,15,13,11,9,9
32,33,38,46,54,62,67,66,63,64,70,75,74,68,60,54,49,44,40,37,31,24,17,13
47,50,56,68,83,94,97,92,88,91,102,112,116,115,112,102,86,72,66,67,66,54,38,28
53,56,63,78,99,115,119,113,108,113,126,134,139,145,150,138,109,85,82,95,102,91,70,54
51,54,60,74,96,119,126,124,123,130,137,137,139,147,153,137,102,77,82,108,126,123,106,91
43,46,50,59,78,102,113,119,125,130,127,117,115,121,122,102,72,56,70,104,134,145,139,130
32,34,37,42,56,70,79,88,97,100,90,75,72,80,81,58,40,39,57,90,134,156,158,154
26,28,33,40,48,47,48,52,56,55,49,41,41,49,53,39,38,52,72,91,124,146,153,151
25,24,33,49,59,47,40,42,47,48,47,47,50,55,57,50,62,85,100,91,100,116,131,138
25,26,40,64,82,72,65,67,71,74,74,78,84,89,91,93,106,123,124,92,78,84,102,118
35,41,58,82,103,102,98,96,96,95,93,98,107,115,123,133,140,143,134,102,78,71,81,97
69,75,86,96,99,92,83,76,71,67,65,68,73,80,89,105,115,120,122,116,105,92,84,84
90,86,79,70,58,47,41,37,34,32,30,31,33,35,39,48,54,61,70,83,97,105,106,105
62,55,45,35,26,20,17,15,16,16,15,14,14,14,16,18,20,23,30,43,59,76,93,105
23,20,16,13,12,12,11,11,12,14,13,12,12,13,14,14,13,13,15,19,24,35,55,74
12,12,11,9,9,11,10,9,11,13,14,13,13,14,16,16,15,15,15,16,15,20,29,37
