171,177,181,177,165,147,138,155,179,175,151,133,129,134,139,138,133,125,114,106,103,103,101,96
183,185,183,174,158,138,130,144,162,158,144,138,139,142,142,137,129,119,109,103,101,100,94,85
193,190,180,164,143,123,117,127,142,148,149,152,152,149,142,131,120,110,102,95,90,87,82,77
193,186,170,150,129,114,113,124,140,154,162,164,158,147,135,122,111,103,95,85,79,77,81,86
180,172,157,139,125,122,129,145,160,168,168,161,150,139,128,116,107,98,88,79,79,87,99,110
166,159,149,142,142,150,160,168,171,168,161,151,143,139,134,117,101,90,86,88,98,110,121,129
162,159,158,162,171,179,181,177,168,160,154,152,149,143,130,112,102,100,103,108,117,125,131,132
172,173,179,187,194,194,186,174,163,158,156,154,147,136,125,117,118,123,126,126,128,129,127,123
192,195,200,204,202,192,177,165,161,161,157,149,139,131,130,135,142,145,143,134,127,120,112,106
213,212,209,203,193,178,163,157,158,155,144,139,141,148,154,156,155,152,144,128,115,103,93,86
217,212,203,191,177,162,150,146,149,150,151,156,163,166,165,159,151,142,130,113,98,84,73,66
209,202,189,175,164,156,154,158,164,167,170,173,173,168,160,149,136,122,108,93,79,69,63,62
199,194,183,173,168,168,175,182,185,182,178,172,163,153,141,129,115,102,91,82,76,72,73,76
199,197,193,190,190,193,198,198,191,179,166,153,139,127,117,109,101,95,92,92,93,94,98,101
212,213,214,214,213,208,202,191,177,160,145,131,118,108,103,104,108,113,119,124,124,123,122,121
223,223,222,219,212,201,189,175,160,145,133,124,119,118,121,127,135,141,144,146,143,137,130,125
222,220,216,210,201,189,176,164,155,149,145,143,144,147,151,155,158,158,155,151,145,135,124,116
213,211,206,201,194,185,177,172,171,171,172,173,173,172,171,169,164,158,150,141,131,120,107,97
205,203,201,201,199,197,196,196,197,198,197,194,187,178,170,161,150,140,130,119,107,96,85,77
204,205,209,214,216,217,216,214,211,207,201,191,178,165,152,139,127,116,105,94,85,78,73,70
214,217,222,225,225,224,219,212,203,195,185,173,158,142,127,115,107,99,93,88,88,88,88,88
224,225,226,224,220,215,207,196,184,174,165,154,142,129,118,111,108,107,107,109,113,116,116,114
224,223,220,215,209,202,195,185,174,165,161,155,148,140,133,131,131,133,136,140,143,143,139,134
216,214,211,207,202,197,192,186,178,173,174,174,170,165,161,157,156,157,158,158,158,154,146,140
