74,74,72,65,56,44,38,40,53,75,95,108,113,110,102,87,71,62,66,94,132,158,167,167
75,76,75,71,62,49,41,39,48,67,88,105,114,115,109,96,81,68,65,86,124,155,170,174
76,79,80,78,70,59,49,42,44,56,76,97,114,121,120,113,98,82,71,77,109,145,171,180
72,77,82,82,77,69,59,50,45,48,62,85,109,125,131,130,118,101,83,74,92,129,164,180
60,68,77,83,82,77,70,61,52,48,52,71,96,121,137,143,136,121,101,81,82,110,148,174
43,50,64,77,84,84,80,74,65,56,52,59,80,108,133,146,149,140,121,97,83,93,126,160
32,36,49,66,80,87,90,88,81,71,61,58,68,92,122,143,154,154,141,118,95,87,107,140
31,31,38,52,69,86,97,101,98,90,78,67,65,77,104,132,152,161,156,139,114,94,98,120
36,34,34,41,55,77,96,108,112,108,98,84,73,72,86,115,142,160,165,157,137,112,100,106
44,42,39,39,45,62,85,106,120,125,119,106,91,78,77,94,123,151,168,171,161,140,117,105
54,53,49,45,43,50,67,91,117,134,136,128,115,98,83,83,103,134,162,177,180,170,147,125
67,66,62,57,52,50,55,73,102,129,141,144,137,122,104,91,94,117,150,178,191,190,175,155
79,79,77,74,68,61,57,63,82,111,134,148,151,144,130,113,101,107,134,170,193,202,195,181
84,86,90,90,87,80,72,65,69,89,116,140,156,161,154,141,123,113,123,154,184,202,205,198
79,86,95,103,105,102,94,82,73,73,91,118,147,168,172,168,155,137,127,137,164,189,204,206
62,72,90,107,117,120,115,104,88,76,77,95,127,161,179,186,182,168,148,134,142,168,194,206
46,55,74,97,117,128,130,123,110,94,84,86,106,139,171,190,197,191,173,147,133,147,176,198
40,45,57,77,101,123,133,136,131,121,108,98,99,117,149,178,197,202,192,168,142,140,159,180
48,48,50,58,78,103,123,137,144,144,137,126,116,112,126,155,182,199,201,188,166,152,148,149
62,62,60,60,64,77,99,123,145,159,163,159,149,135,126,132,154,181,199,201,192,171,139,108
81,80,78,75,70,69,78,99,128,158,175,180,177,166,149,133,135,157,185,200,190,158,112,77
97,97,97,94,87,78,75,83,105,138,167,185,193,191,176,152,137,144,166,176,152,113,82,71
106,108,111,111,107,100,92,89,94,113,140,169,191,200,194,178,160,152,151,136,99,74,79,102
107,111,116,120,120,118,113,106,99,98,113,144,177,197,200,196,185,170,145,102,65,67,105,146
