5,5,6,13,30,40,42,51,64,71,63,49,35,25,22,17,14,11,11,15,52,103,111,69
14,12,9,12,26,38,44,57,74,83,78,65,48,32,22,19,16,14,12,17,50,94,101,65
38,31,18,11,18,27,35,47,64,79,82,76,62,44,29,27,26,21,16,19,45,78,82,54
50,40,22,10,10,15,21,29,44,62,72,72,65,52,36,33,32,26,20,22,38,56,56,37
28,23,15,8,8,11,14,21,34,49,57,58,54,46,35,28,25,24,24,26,30,34,30,20
12,11,9,7,7,9,14,25,37,42,45,46,43,37,30,25,23,26,29,32,33,30,23,16
19,14,10,9,10,12,15,24,34,37,39,45,43,32,23,20,19,21,27,36,46,46,37,26
31,22,16,14,15,17,18,22,27,30,36,45,44,32,22,20,20,21,23,32,47,54,48,35
35,29,25,23,22,24,21,20,22,27,40,48,44,32,26,24,26,26,24,26,39,50,47,34
30,33,35,32,26,26,22,20,24,34,55,55,42,30,29,28,31,33,30,28,38,46,41,25
28,35,38,32,22,21,21,22,27,38,51,48,38,31,30,32,34,32,28,27,36,42,34,18
21,28,32,27,16,14,14,17,22,32,36,36,34,34,31,36,38,33,28,29,31,29,21,12
15,22,27,24,14,10,11,13,18,28,31,33,36,39,37,39,38,33,28,31,31,24,15,10
12,18,26,27,18,13,15,17,21,33,43,43,42,43,45,40,34,29,28,33,34,27,17,13
10,13,21,27,25,19,22,25,30,44,57,52,43,41,47,39,30,27,29,33,31,23,17,16
8,11,21,32,30,19,19,21,23,28,38,40,35,32,36,34,31,31,33,36,30,19,13,15
9,9,17,25,27,22,19,18,18,18,25,29,27,24,26,30,35,37,35,32,24,14,10,12
11,9,10,15,21,23,21,20,20,20,22,23,23,22,21,28,37,41,35,25,16,10,9,11
12,11,9,10,14,19,21,26,30,25,21,20,22,22,21,26,37,43,35,21,12,10,11,12
15,18,18,14,10,13,20,32,39,27,17,16,20,22,21,26,37,42,36,24,16,12,12,13
27,35,34,24,12,14,20,26,27,17,11,11,15,20,21,26,35,40,35,25,17,12,12,14
46,49,42,30,25,34,31,23,16,11,8,8,11,17,18,22,31,36,32,23,18,14,13,15
66,61,46,34,41,61,50,28,14,12,9,7,9,12,13,16,24,28,26,21,21,21,21,22
79,69,50,39,50,78,63,35,17,16,10,8,8,9,8,12,18,21,21,19,25,29,31,34
