14,15,13,11,10,7,5,17,41,63,52,29,12,7,10,20,39,58,67,57,30,12,8,10
19,23,24,20,14,9,8,18,39,61,52,29,13,10,13,20,36,50,53,43,24,11,8,10
28,38,44,39,24,15,11,15,26,40,36,24,16,17,20,23,27,29,27,22,14,8,7,8
32,44,58,60,44,25,15,11,13,17,19,19,20,27,37,34,21,11,9,8,7,7,7,7
25,34,54,72,73,44,21,12,14,18,20,20,23,36,63,52,29,16,16,12,9,8,8,9
17,20,39,74,101,70,32,15,21,35,31,24,25,45,75,55,38,38,40,22,13,10,12,14
16,15,26,53,78,57,28,17,26,43,40,31,30,45,66,47,35,37,41,27,20,18,19,22
17,15,18,30,42,34,22,17,24,36,39,34,31,36,45,35,26,26,32,30,30,27,25,26
18,16,16,18,20,20,20,20,21,25,32,34,30,25,25,23,18,17,24,34,39,35,28,26
16,15,15,16,18,19,22,27,28,24,28,34,33,25,18,14,12,13,21,35,41,35,25,20
14,13,12,14,16,17,22,32,37,28,28,35,36,28,19,13,10,11,17,27,33,27,17,14
13,12,11,11,13,16,22,33,38,28,25,30,32,27,21,14,10,9,13,22,31,28,18,11
13,11,10,9,10,14,21,31,36,28,26,27,27,26,25,20,12,8,10,18,27,29,22,14
12,11,9,7,7,11,19,29,35,32,30,28,28,29,32,28,18,11,10,14,21,27,26,20
11,10,8,7,7,9,15,23,31,32,33,33,33,35,39,37,26,15,10,11,19,31,34,25
9,9,9,8,7,7,9,13,19,25,30,32,33,34,36,33,26,17,10,10,18,32,36,26
8,8,9,8,6,5,5,8,13,22,30,36,37,34,33,33,27,20,13,10,13,22,27,26
8,7,8,7,5,4,4,7,13,23,34,46,49,42,35,35,31,23,16,10,8,11,18,23
7,6,7,7,5,4,4,7,14,24,36,55,66,60,42,37,32,25,17,10,7,8,13,17
6,6,7,8,7,5,5,7,12,21,31,56,79,79,51,34,27,22,17,15,16,13,9,10
6,6,8,9,9,8,6,6,10,17,25,54,89,103,73,39,22,18,21,31,38,27,12,8
7,7,9,11,11,10,8,6,8,13,19,42,79,103,86,47,25,22,31,43,45,31,18,17
7,8,10,11,10,10,9,7,7,9,12,26,52,78,77,51,33,33,44,55,47,33,27,33
8,9,10,10,8,9,8,8,7,7,9,14,29,49,58,48,40,41,51,66,53,37,36,47
