150,157,165,164,148,122,92,74,78,103,125,139,151,163,168,168,160,141,115,93,85,95,113,126
151,158,165,164,149,122,92,75,80,104,126,141,153,165,170,169,159,139,113,91,87,98,116,128
154,160,167,165,151,122,92,76,82,108,129,145,158,170,174,172,159,136,109,90,91,104,121,133
157,163,168,167,153,123,92,77,85,111,133,149,163,174,177,172,157,131,104,89,95,110,126,137
159,165,170,169,155,125,93,79,88,115,137,153,167,176,176,170,153,127,101,89,97,113,129,140
162,167,172,170,156,126,95,83,96,123,143,158,171,178,177,169,149,122,99,89,100,117,134,145
164,169,174,171,157,128,98,88,104,130,149,163,174,180,177,166,145,119,98,92,105,123,140,150
167,173,177,174,159,131,100,91,109,137,154,167,178,183,179,165,143,117,98,97,112,131,146,155
172,177,181,178,162,133,102,94,114,143,159,172,182,186,181,165,141,115,99,103,121,140,154,162
177,182,185,181,165,136,105,100,122,150,166,178,187,190,182,164,138,112,100,110,130,149,162,169
181,186,190,186,168,138,108,105,129,158,173,183,191,193,184,164,136,111,101,116,137,156,169,175
185,189,194,190,170,138,110,110,135,163,177,188,195,195,185,164,134,111,106,125,147,164,176,182
187,191,196,191,171,139,112,115,140,168,182,192,197,195,185,162,132,111,113,136,157,173,183,188
188,191,195,191,171,139,115,120,147,173,186,195,198,195,185,158,128,112,120,146,167,180,189,193
190,193,196,191,172,140,118,125,153,177,191,197,199,196,183,154,125,114,128,155,174,187,194,198
192,195,198,193,173,141,121,131,160,182,194,200,201,196,180,150,124,119,138,164,181,191,198,201
195,198,201,195,175,142,124,137,167,186,198,204,204,196,177,145,124,126,149,173,188,197,201,203
197,200,202,196,176,144,128,144,174,191,201,207,206,195,173,142,125,133,160,181,195,202,203,202
200,202,204,197,177,146,133,150,181,198,205,209,207,195,170,139,128,141,170,188,200,205,204,201
203,205,206,199,179,149,138,157,188,203,208,210,207,194,166,138,133,151,179,196,205,207,204,199
206,207,208,201,182,151,143,165,194,207,211,212,207,193,164,139,141,164,190,203,209,209,204,198
209,209,210,204,184,154,149,172,200,211,214,213,207,192,163,142,151,177,201,210,214,211,202,193
211,212,212,205,186,157,155,178,205,215,217,215,207,190,162,147,163,190,209,216,216,211,200,186
214,214,213,206,187,159,160,183,209,217,220,217,207,188,160,150,171,199,214,218,216,210,197,181
