4,5,5,3,1,1,8,39,92,144,165,170,168,167,165,165,166,167,167,165,153,115,68,40
8,9,7,4,1,3,12,51,108,154,167,169,168,167,165,164,165,166,165,162,154,118,69,38
10,11,8,4,2,6,19,58,109,144,157,163,166,167,165,163,160,156,152,139,133,104,63,35
10,11,10,7,5,9,24,51,82,104,132,152,162,165,164,160,146,136,128,105,94,75,50,34
10,12,14,13,10,10,22,33,42,56,104,142,159,162,160,154,131,111,100,77,58,45,39,40
21,19,16,13,11,10,18,24,33,58,111,146,160,160,159,155,130,97,73,62,42,29,31,40
24,23,19,14,10,9,15,24,44,86,132,155,161,161,160,158,140,103,64,48,31,23,27,37
23,22,17,11,7,5,11,27,60,112,149,161,162,162,162,161,153,123,78,49,33,30,39,51
20,19,13,6,2,2,9,32,75,130,156,163,162,162,163,164,162,144,106,67,44,40,56,78
19,15,8,2,1,4,13,42,92,145,161,164,164,163,164,165,165,156,133,93,59,48,67,97
21,16,8,2,1,6,29,69,116,152,164,165,165,165,165,166,167,165,154,129,97,87,102,124
23,18,10,2,2,7,47,101,145,161,166,167,166,166,166,167,167,167,164,155,141,137,143,151
23,18,10,3,3,14,62,121,161,166,167,167,167,167,167,166,166,166,166,164,163,163,164,164
21,16,10,10,19,41,86,133,161,165,165,165,165,165,164,163,162,161,162,162,163,162,162,162
19,14,16,33,66,99,130,150,159,160,158,158,159,159,157,156,155,155,157,160,161,159,158,158
18,18,38,75,115,132,140,144,148,151,150,150,151,152,152,152,150,148,150,153,154,151,149,149
77,77,93,118,134,140,140,140,142,143,143,143,149,161,171,174,173,172,169,162,149,140,136,136
167,164,166,163,148,141,138,138,138,138,138,138,151,176,194,201,207,209,204,191,163,144,135,132
234,232,225,208,177,156,140,133,133,135,135,132,149,181,202,212,226,234,231,225,195,172,159,150
241,241,238,230,214,191,156,132,123,121,120,116,133,169,195,210,224,229,228,232,224,215,203,187
242,241,235,227,219,206,185,157,122,88,81,82,109,156,190,207,221,225,222,230,230,227,215,196
241,240,230,218,210,200,194,171,121,60,49,51,87,145,184,203,219,226,223,230,228,227,215,196
239,239,227,211,199,186,187,168,114,43,29,30,62,114,149,177,202,213,213,224,222,221,211,194
237,237,224,206,193,179,179,160,105,33,18,19,38,69,95,136,173,187,189,213,215,213,205,192
