194,200,207,210,206,202,198,190,183,185,189,194,193,185,177,199,223,212,146,42,6,1,2,1
195,201,209,210,203,197,195,189,182,185,188,193,194,188,177,195,218,209,145,41,6,1,3,2
197,201,208,210,203,198,194,186,179,182,186,191,194,189,174,181,197,187,130,37,7,3,5,3
198,200,204,207,205,201,193,182,176,180,184,189,193,188,163,146,144,132,90,28,8,6,7,5
197,197,199,202,203,200,190,179,175,180,185,189,193,185,146,92,66,52,35,13,7,8,9,9
199,196,196,201,205,201,191,183,182,186,187,190,193,182,136,62,29,20,14,9,10,14,16,16
198,195,195,199,204,201,192,186,187,188,188,189,190,180,138,60,24,18,16,15,17,20,22,21
193,192,193,198,203,201,193,189,189,189,186,185,185,176,139,63,26,20,21,21,22,24,26,25
189,189,193,198,202,201,195,190,188,187,183,180,179,170,133,61,26,20,22,23,22,24,26,27
191,192,194,197,199,200,197,193,187,181,177,174,174,165,127,58,25,20,21,21,19,20,23,26
188,193,197,199,203,206,205,200,191,180,173,171,176,170,128,56,22,16,16,15,15,17,21,23
187,192,197,200,202,204,201,195,187,178,171,173,182,177,130,56,22,15,13,14,16,18,22,24
190,194,200,204,203,200,193,187,182,176,172,179,189,180,129,55,22,16,15,16,18,20,21,22
195,200,206,210,205,193,183,179,179,176,178,189,196,179,129,56,23,19,18,17,17,18,17,16
193,199,206,208,198,179,170,169,173,176,184,197,199,179,131,58,25,18,15,12,9,9,8,7
195,198,200,197,183,166,162,164,165,167,180,194,197,179,136,59,21,11,8,5,3,3,2,1
192,189,188,182,168,158,157,153,146,149,176,191,192,178,138,56,14,4,3,1,0,0,0,0
168,167,169,167,155,151,147,135,128,143,175,185,180,164,123,48,9,1,1,0,0,0,0,0
127,137,150,153,141,140,129,117,120,143,160,160,150,130,93,37,9,2,1,0,0,0,0,0
93,118,140,140,121,118,109,109,116,114,106,98,92,83,67,30,10,4,3,1,0,0,0,0
63,84,98,97,90,92,90,86,78,64,52,48,51,56,57,28,10,4,3,1,0,0,0,0
42,53,58,57,58,61,60,54,44,32,24,23,28,36,39,22,10,5,3,1,0,0,0,0
30,33,34,34,35,36,33,30,26,20,18,17,18,20,19,13,9,6,3,1,0,0,0,0
24,25,26,28,29,27,24,22,21,17,17,16,14,13,10,8,6,5,4,1,1,0,0,0
