139,138,138,138,139,141,140,140,139,139,139,139,139,139,139,139,137,133,131,135,125,111,83,49
140,139,139,139,140,141,140,140,140,139,138,139,139,140,140,140,131,118,109,112,95,77,56,37
140,140,140,140,141,141,141,141,140,139,139,140,137,131,130,132,111,83,68,66,52,39,29,25
142,142,142,142,142,142,143,142,142,141,142,139,124,103,97,102,77,47,34,28,25,22,21,23
143,143,144,144,143,143,144,145,144,143,144,131,98,61,50,53,41,28,24,22,27,29,29,29
144,144,145,145,144,143,144,145,145,144,142,117,74,36,25,25,23,21,22,23,24,22,21,23
145,145,145,145,144,144,144,145,145,143,135,99,60,33,19,17,18,20,22,21,18,14,12,14
147,146,146,146,146,145,146,146,145,143,133,94,56,33,21,18,18,22,29,31,23,16,13,13
148,147,148,148,148,148,148,147,147,146,141,108,66,34,24,20,19,25,38,50,39,29,25,22
148,149,150,150,149,150,150,150,150,150,150,129,88,44,23,18,19,25,39,58,55,45,36,30
150,151,152,152,152,153,153,154,154,153,149,121,82,45,23,17,19,21,24,38,47,44,35,29
152,152,153,153,154,154,154,154,155,154,151,119,72,35,26,32,37,32,24,32,42,42,35,30
154,154,154,155,155,156,156,157,157,157,157,122,67,27,29,48,55,51,47,56,52,43,35,29
158,158,158,158,159,160,162,163,163,163,162,129,77,39,40,57,65,69,76,83,63,44,33,27
165,165,164,164,165,166,167,167,167,166,165,144,110,82,74,63,68,75,74,67,51,38,31,29
168,168,167,166,166,168,168,168,167,166,167,160,143,121,98,68,58,58,56,52,46,40,37,35
170,169,168,167,166,165,166,168,168,167,168,166,161,148,124,84,56,44,44,50,47,43,39,34
170,169,168,168,166,162,164,167,167,167,166,165,164,160,142,96,56,37,38,50,46,41,34,27
168,168,168,167,166,163,164,164,163,163,159,153,152,153,139,92,53,32,32,45,42,35,27,21
165,165,166,167,166,165,165,157,149,153,146,124,114,118,109,75,46,31,30,43,39,33,26,21
160,162,164,164,163,163,162,145,126,129,131,100,79,78,69,53,41,34,35,42,36,32,27,18
157,160,162,161,160,159,156,136,111,103,110,88,66,56,43,38,39,41,41,42,36,31,24,15
157,159,160,159,158,158,155,137,107,81,85,78,62,45,29,27,37,45,44,39,33,27,19,11
159,159,159,159,158,159,159,143,109,68,66,67,57,36,22,20,31,43,44,36,27,19,12,7
