5,4,2,3,9,31,88,131,144,142,145,147,146,144,144,143,137,116,75,30,9,4,7,11
4,3,3,7,17,28,75,121,142,142,144,145,144,143,143,141,137,120,85,36,13,5,6,9
2,2,3,12,24,27,57,103,138,140,141,142,142,142,142,140,138,126,96,46,20,11,9,9
2,1,4,17,39,36,48,87,128,137,138,139,140,140,140,139,139,131,106,58,30,19,15,12
1,1,4,24,59,55,48,72,114,133,137,137,137,138,137,137,137,131,110,70,42,28,22,16
1,1,4,21,48,40,32,51,92,127,135,136,136,137,137,137,134,125,107,80,58,45,33,21
1,1,3,13,27,21,14,29,71,122,137,138,138,138,139,139,133,115,90,71,65,68,59,34
3,3,3,8,14,8,4,22,67,123,138,140,140,140,140,139,132,107,70,46,45,59,59,39
8,7,5,7,10,5,5,33,83,130,139,140,140,140,139,139,132,105,63,30,20,28,34,29
15,11,6,6,9,5,11,52,107,138,140,140,140,141,141,140,134,112,78,48,24,16,17,19
8,5,3,3,4,3,11,52,106,138,141,141,141,141,141,139,132,110,80,66,44,29,25,27
3,2,1,1,2,3,20,61,111,138,141,141,142,141,140,135,122,94,62,51,48,51,48,37
1,1,1,2,6,17,50,92,126,140,141,142,142,142,140,136,121,95,66,54,55,63,59,41
5,7,6,6,17,46,89,124,140,141,141,142,142,142,142,141,132,114,93,83,68,61,51,37
19,25,20,16,35,71,100,119,130,135,141,142,142,142,143,143,137,119,97,91,68,49,37,28
55,58,47,39,51,50,54,68,92,122,140,144,143,143,144,144,134,108,75,59,43,32,27,26
97,93,76,64,65,41,23,36,78,125,142,145,144,144,145,145,136,115,85,62,45,36,35,38
87,83,69,58,55,32,14,33,86,137,145,146,146,146,147,147,144,134,119,101,81,65,57,56
28,33,30,23,21,17,21,54,107,144,147,148,148,148,149,150,151,150,147,141,124,101,80,71
11,17,16,9,7,12,46,94,134,148,148,148,148,149,150,149,150,150,150,148,132,104,82,77
32,36,30,18,12,16,55,107,142,148,148,148,149,148,149,150,150,150,150,146,127,95,72,67
70,68,54,34,20,16,53,105,143,149,149,150,150,149,150,150,150,151,151,147,125,89,62,58
95,86,63,38,27,36,73,116,145,149,150,151,151,150,150,149,150,152,152,150,134,103,72,57
94,81,52,26,31,71,114,140,148,149,150,151,151,151,149,148,150,152,153,153,149,131,96,62
