10,10,11,14,16,15,12,36,105,204,235,233,221,215,220,234,241,203,124,64,69,45,14,12
12,11,12,15,17,19,17,39,104,199,232,235,228,222,224,234,240,204,123,50,45,32,15,14
26,33,47,62,73,79,79,89,123,175,194,206,215,223,228,234,240,206,123,39,25,20,15,14
83,98,123,148,164,171,173,171,169,170,161,158,169,192,219,232,238,205,124,35,17,14,12,11
184,197,214,227,233,235,235,233,225,208,179,134,106,125,194,223,230,198,123,32,11,8,7,7
233,235,238,240,237,235,236,237,237,232,218,164,96,79,163,205,212,181,112,27,9,10,11,11
242,241,241,238,232,229,227,229,233,231,222,172,96,60,137,184,189,156,94,21,6,8,9,8
236,234,233,229,222,220,218,218,221,223,217,172,96,51,109,147,146,112,62,14,4,4,5,4
228,225,221,215,210,212,210,206,208,217,217,175,97,43,79,99,89,60,28,7,3,3,3,2
220,216,209,202,199,206,205,200,202,215,221,182,102,37,52,55,43,25,12,8,7,7,6,4
217,213,205,200,202,207,208,206,209,216,222,187,107,32,29,29,24,18,17,17,16,14,11,7
215,209,200,198,204,209,212,212,215,221,226,190,109,30,20,20,19,18,19,20,18,17,13,9
217,210,202,201,206,210,215,217,218,223,226,192,112,30,17,18,18,18,17,17,16,15,13,10
223,218,214,210,208,212,218,221,222,225,225,194,116,31,14,13,14,14,13,12,12,12,11,10
226,227,226,221,215,217,222,226,227,228,227,199,121,32,10,7,8,10,11,9,8,9,10,10
232,232,230,224,220,220,223,225,227,231,232,204,124,34,11,10,12,14,14,12,12,14,16,17
230,229,226,225,226,226,226,228,229,229,230,207,129,37,13,13,14,16,17,17,17,18,19,20
218,212,210,217,228,227,226,228,228,224,225,207,132,38,11,10,12,14,15,16,15,15,15,14
178,169,168,184,208,210,216,222,222,220,222,206,133,37,6,3,6,8,9,9,7,6,5,4
89,83,89,112,144,163,190,210,218,221,221,203,130,37,4,0,1,1,2,1,1,2,1,1
52,49,48,54,64,80,122,166,190,190,187,169,109,32,4,0,0,0,0,0,1,2,3,2
44,43,41,37,30,28,54,90,114,111,107,95,63,22,6,2,1,0,0,1,2,5,7,6
44,44,44,41,29,12,14,28,40,37,33,29,21,13,8,3,1,1,1,1,3,6,8,8
42,42,43,40,29,11,7,12,15,13,11,10,9,9,7,3,1,1,1,2,3,5,6,6
