119,103,94,104,130,146,156,186,222,231,231,222,211,203,209,222,228,227,214,168,113,96,107,120
103,90,82,92,121,140,146,170,205,218,224,220,210,202,206,215,217,215,208,177,121,94,101,119
71,67,73,93,117,118,116,145,190,214,224,225,220,214,215,219,216,213,210,190,134,97,91,102
49,49,67,94,109,97,105,147,199,224,233,236,235,232,234,233,228,225,221,198,139,95,79,79
53,48,59,75,83,99,146,198,232,241,243,243,243,244,247,246,242,240,233,199,130,83,67,68
66,63,58,49,52,119,195,237,244,245,243,240,239,243,247,248,247,246,238,201,124,78,70,78
45,48,44,34,41,129,212,248,246,245,244,240,239,243,245,246,246,247,239,200,119,72,66,74
22,27,28,30,56,148,221,248,246,245,245,242,240,242,245,244,244,246,240,206,124,68,50,55
14,17,18,34,86,178,232,248,246,246,246,243,241,241,244,244,244,246,242,220,143,69,32,32
16,17,16,41,114,205,242,249,248,247,246,242,241,242,243,244,246,248,247,235,164,79,26,22
12,15,16,43,117,209,243,249,248,248,246,241,237,237,241,244,247,249,248,239,170,81,24,19
15,16,15,39,112,206,243,249,248,247,246,238,230,229,235,241,246,249,248,240,169,77,18,11
16,16,13,35,108,203,241,247,245,244,242,236,228,223,223,233,242,246,245,239,167,73,13,6
15,14,10,33,107,203,239,244,241,240,237,236,233,225,215,226,238,243,243,238,167,74,12,4
13,12,9,33,110,205,240,245,243,241,238,237,235,229,221,231,241,245,244,238,167,74,13,4
12,12,9,32,105,200,239,247,246,245,242,240,238,236,233,239,245,247,246,239,169,76,16,8
11,10,7,28,100,197,238,246,244,242,241,240,239,238,239,243,246,247,247,240,175,85,24,17
10,9,8,31,100,192,232,237,230,226,224,225,226,228,230,233,238,243,245,240,182,94,31,22
17,20,31,61,119,190,221,222,213,207,203,204,207,209,210,211,218,227,234,236,184,98,33,19
41,62,99,141,177,202,213,214,212,210,208,208,206,204,200,192,189,194,206,219,181,99,29,10
81,127,178,206,210,206,209,213,215,212,211,208,203,200,201,196,191,184,182,196,176,105,35,13
102,162,214,228,215,204,204,208,210,206,206,201,196,193,196,198,200,193,184,193,179,110,41,21
107,171,220,225,211,202,202,208,210,201,193,190,188,187,190,195,204,206,200,204,183,111,42,23
108,175,222,225,211,205,207,216,219,203,180,179,185,185,187,193,205,211,210,216,184,105,37,19
