178,133,68,28,42,106,160,192,206,207,200,203,202,196,201,206,209,208,193,141,60,25,25,27
176,131,67,26,35,78,116,144,159,162,159,165,167,164,169,167,165,162,149,112,61,39,38,39
174,129,64,22,26,45,61,75,85,87,87,96,107,113,116,109,105,101,93,80,65,59,59,59
174,129,62,19,21,26,26,27,30,33,41,53,66,75,77,71,68,67,65,66,69,70,70,71
179,131,63,21,23,25,24,22,24,34,56,68,71,70,69,68,69,72,72,70,67,64,65,67
183,133,63,21,26,31,31,28,30,43,68,77,76,72,68,69,71,72,70,66,62,60,61,63
175,127,62,25,31,36,37,34,35,48,67,74,74,71,69,69,70,69,65,61,61,62,61,58
168,122,61,27,33,37,38,36,38,50,64,70,70,70,69,68,68,66,62,59,60,62,60,56
172,126,63,25,30,31,32,31,34,49,65,70,70,70,69,67,66,65,61,58,56,55,55,56
187,137,65,20,21,20,21,20,24,43,66,72,70,69,67,65,65,64,61,56,50,46,48,54
184,131,60,16,14,14,14,11,15,37,65,72,70,68,65,62,61,62,61,57,51,47,49,56
135,93,42,13,11,10,12,10,14,39,67,74,73,70,66,59,56,56,58,56,54,52,52,54
75,52,27,13,11,12,17,16,19,42,69,77,75,73,70,61,55,54,56,57,57,56,53,52
38,31,23,16,15,20,27,26,26,44,70,78,77,76,73,66,59,56,56,58,59,58,55,52
32,29,23,20,22,27,33,32,31,45,68,78,80,80,76,66,59,56,57,59,61,60,57,54
30,29,25,24,28,31,33,30,31,46,69,77,80,84,79,66,59,58,58,58,58,58,55,52
26,27,26,26,30,34,33,30,33,50,70,77,80,84,82,72,67,66,64,61,61,60,58,56
24,25,26,26,28,32,33,31,34,51,71,76,78,80,79,75,72,71,69,65,66,65,64,64
23,25,25,23,20,23,26,26,29,47,68,73,73,74,71,69,69,69,68,66,68,68,67,68
19,20,20,16,11,10,13,12,16,36,58,64,66,68,66,63,65,67,65,61,64,65,66,69
8,8,8,6,5,4,4,3,9,30,53,60,61,64,66,63,64,65,65,62,62,62,65,71
2,2,2,2,3,4,4,5,13,35,58,63,61,63,67,67,66,65,65,63,62,60,62,69
7,7,6,7,10,15,16,15,23,46,68,70,66,66,71,74,74,71,68,68,68,66,66,69
19,17,15,16,22,29,30,26,30,53,74,77,73,73,77,83,83,78,74,74,76,78,78,75
