108,120,137,158,186,207,218,219,217,219,226,226,226,231,229,158,66,12,6,3,1,0,0,1
98,98,103,118,146,180,209,221,220,221,226,228,230,235,230,159,68,13,6,4,1,1,3,5
141,131,117,107,108,127,173,210,224,224,227,229,234,238,231,161,70,14,8,6,4,5,10,14
197,186,169,146,120,105,141,192,224,225,228,230,235,239,231,163,72,16,10,11,9,10,15,21
203,201,203,202,187,151,149,180,217,224,228,231,234,238,232,165,76,20,14,15,11,10,13,17
194,192,197,206,209,191,175,183,207,221,228,233,237,241,234,167,78,21,14,15,11,9,9,11
193,191,192,200,208,198,181,183,204,223,231,234,239,243,235,168,78,21,13,13,11,8,8,9
197,194,191,193,198,189,174,182,207,226,231,233,237,242,235,167,76,19,11,10,8,7,7,8
198,195,189,187,189,178,168,184,214,228,229,231,235,239,234,165,73,15,7,7,4,4,6,6
194,192,187,185,185,173,168,189,221,229,228,230,235,239,233,163,71,12,2,2,1,1,3,4
197,195,190,186,181,168,160,178,209,224,227,230,234,240,233,162,69,10,0,0,0,0,1,2
202,199,194,188,183,169,160,174,204,222,227,229,233,240,233,161,68,9,0,0,0,0,0,2
203,200,197,193,187,172,162,177,205,218,222,224,230,238,233,159,65,8,1,1,1,0,1,2
198,197,198,200,194,173,158,173,202,209,212,216,224,234,232,156,63,7,1,2,1,1,1,3
191,192,198,204,200,176,144,150,181,196,200,206,216,228,229,153,59,5,1,1,1,2,5,10
194,194,198,202,197,177,142,137,166,198,211,212,211,215,219,150,59,6,2,1,2,5,10,14
199,197,198,198,194,177,151,140,152,182,204,192,173,169,179,126,52,7,3,3,5,10,12,11
199,198,196,196,194,178,158,138,126,132,151,132,106,100,109,78,35,8,6,5,7,10,10,6
193,194,195,197,196,179,151,115,82,62,68,55,41,38,39,28,15,8,7,5,5,6,6,4
190,192,195,197,194,178,131,75,34,21,21,19,17,18,16,8,6,7,6,2,1,2,4,6
188,188,192,195,194,182,123,57,17,12,13,15,16,14,11,5,5,7,6,2,2,4,8,11
189,189,193,196,195,186,126,56,13,11,14,17,16,12,9,6,5,6,5,2,4,10,16,19
194,193,195,197,195,189,133,62,15,12,17,20,17,13,11,10,7,7,7,8,11,16,22,26
199,196,195,196,194,191,138,66,17,14,22,24,21,18,17,14,10,10,14,17,19,21,24,28
