171,173,174,174,177,187,188,188,192,199,201,204,211,216,211,214,212,207,205,210,201,198,205,217
175,176,176,175,178,186,187,187,192,200,203,205,209,212,210,216,209,203,206,213,205,199,205,217
176,175,175,175,177,182,184,186,190,198,202,205,208,208,208,217,211,203,204,210,207,204,208,218
175,173,172,173,176,177,182,186,189,194,198,205,209,208,206,215,216,209,201,201,205,209,214,219
180,176,172,173,177,178,183,189,190,191,197,206,213,213,207,211,219,215,199,190,198,210,217,214
187,183,178,175,175,177,181,185,188,192,199,208,215,217,213,208,210,206,192,175,184,199,205,199
188,186,181,175,173,178,185,189,192,195,198,206,213,218,219,213,206,197,184,167,173,187,196,198
188,186,181,177,177,184,193,198,199,198,197,205,213,218,220,217,211,202,190,178,182,193,202,206
188,185,180,178,181,189,199,205,204,199,197,205,212,215,216,218,218,214,207,201,203,209,212,212
188,184,179,176,177,184,194,202,204,199,196,201,206,208,208,212,215,217,216,214,211,210,208,205
186,182,177,173,173,180,192,201,202,193,192,195,199,201,204,204,204,201,200,205,198,196,196,194
182,178,172,168,168,177,190,200,200,191,194,195,194,197,205,202,201,198,195,201,195,193,196,199
180,177,171,166,166,175,189,200,201,193,198,198,194,194,201,200,203,202,197,204,198,194,196,203
180,177,172,167,165,174,189,202,203,196,200,200,196,193,195,200,206,206,201,208,204,196,192,197
180,176,171,167,167,173,188,201,204,198,199,197,196,198,202,210,213,210,207,211,210,204,194,185
175,172,170,169,172,180,192,202,205,201,193,185,182,189,204,218,217,211,209,207,208,204,193,181
169,169,170,173,180,190,199,204,204,202,191,183,183,188,197,211,207,203,209,207,197,193,192,189
164,166,172,181,188,194,199,201,202,203,191,187,189,193,192,200,193,194,207,210,189,185,193,197
162,165,176,189,194,191,190,192,198,203,194,188,191,196,195,195,189,192,207,214,194,190,195,195
167,171,181,192,195,190,188,187,191,198,197,189,187,194,200,199,200,206,213,216,208,203,196,189
180,185,192,198,200,197,189,180,180,190,196,195,196,199,198,201,208,213,214,212,213,205,192,182
192,194,198,201,199,195,187,177,175,184,185,186,192,197,191,202,210,211,206,202,211,203,188,182
199,198,200,201,195,187,185,184,183,185,177,175,183,192,189,207,214,207,195,193,204,197,187,192
201,199,201,201,193,182,188,195,196,193,180,175,182,193,196,215,219,206,190,188,197,191,189,203
