221,221,221,222,223,225,225,226,227,227,228,228,228,229,229,229,229,229,229,230,230,230,230,230
221,221,221,222,224,225,225,226,227,227,228,228,229,229,229,229,229,229,229,230,230,230,230,231
221,221,222,223,225,225,226,226,227,227,228,229,229,229,229,229,229,229,230,230,230,230,231,231
222,222,223,224,225,226,226,227,227,227,228,229,229,229,229,229,229,230,230,231,231,231,231,231
223,223,223,224,225,226,227,227,228,228,229,229,229,229,229,229,230,230,231,231,231,231,231,231
223,224,224,224,225,226,227,228,228,229,229,229,229,230,231,231,231,231,231,230,231,231,231,231
223,224,224,225,226,227,228,228,229,229,229,229,230,231,231,231,231,231,231,231,231,231,232,232
223,224,225,225,226,227,228,228,229,229,229,230,230,231,231,231,231,231,231,231,231,231,232,232
223,223,224,225,226,227,228,228,229,230,230,230,230,230,231,231,231,231,231,231,231,231,231,231
223,223,224,225,226,227,228,228,229,230,230,230,229,228,230,231,231,231,231,231,232,232,232,232
223,224,224,225,226,227,228,228,229,229,230,230,229,227,229,230,230,231,231,232,232,232,231,231
223,224,224,225,227,227,228,228,229,229,230,230,228,223,221,221,223,226,229,231,232,231,231,231
223,224,225,226,227,227,228,229,229,229,230,230,223,211,202,202,208,217,225,231,232,232,231,231
223,224,224,225,226,226,227,228,228,228,229,228,216,196,182,182,192,207,220,229,231,231,230,230
222,222,222,219,218,218,220,221,221,221,222,220,208,188,174,174,183,199,213,222,224,225,224,225
218,217,209,197,187,188,190,191,191,191,191,190,184,174,164,160,163,173,186,191,193,194,194,195
205,204,197,187,179,180,181,182,182,182,182,182,181,178,174,171,171,175,181,182,181,181,181,180
184,184,182,180,179,180,181,183,185,186,186,187,188,189,188,187,187,186,184,180,174,168,164,162
151,152,153,155,161,160,162,170,176,174,175,177,178,178,177,176,179,179,172,164,151,136,127,127
99,102,100,102,114,107,111,126,135,123,126,134,134,128,123,121,136,144,135,127,112,93,84,87
91,89,83,84,98,88,93,106,111,98,111,128,131,116,98,84,103,120,117,115,98,85,85,94
103,97,90,91,104,102,110,126,135,131,143,157,159,148,133,119,126,133,128,133,125,121,125,133
104,97,91,91,101,111,129,151,167,166,162,164,165,162,161,164,162,153,143,147,154,160,165,167
86,82,77,74,80,98,125,154,170,160,139,132,132,133,142,165,169,156,141,139,154,169,176,176
