210,218,227,229,226,225,225,226,228,228,228,230,229,226,222,216,199,174,150,143,146,161,175,178
193,205,215,218,215,215,215,216,218,217,216,218,219,214,206,196,182,158,129,119,121,132,143,147
179,189,196,197,195,196,196,197,198,197,196,198,199,196,186,169,152,127,102,98,103,109,116,123
176,180,183,182,180,182,182,183,182,181,182,183,184,184,176,161,136,105,81,89,96,96,101,114
178,182,183,183,181,182,184,183,182,181,183,183,183,184,184,181,155,110,75,86,88,81,86,103
182,183,184,183,182,183,185,184,182,181,182,181,181,182,186,187,171,129,83,81,78,65,59,69
185,185,185,183,182,184,185,185,183,182,184,183,176,168,174,177,162,126,87,83,81,67,51,46
187,187,186,185,183,184,185,185,185,183,185,185,173,156,159,161,143,114,95,99,95,75,51,36
191,191,190,189,190,189,188,189,189,185,186,188,179,163,160,158,135,107,95,102,94,71,47,35
196,194,193,195,198,197,195,194,192,187,189,194,195,190,184,173,142,103,75,64,59,48,39,38
176,174,175,179,181,174,174,179,182,179,174,174,176,176,173,156,125,89,60,45,44,39,33,31
131,131,135,141,142,132,133,143,152,149,131,125,129,135,133,129,116,95,73,53,44,37,31,25
96,96,102,113,121,115,114,120,127,124,98,88,95,105,103,112,116,107,87,61,43,33,26,19
79,77,85,106,132,136,132,127,120,107,83,74,81,91,94,112,122,114,89,61,39,27,19,13
70,63,72,107,156,172,173,160,131,90,68,64,68,74,87,122,134,119,91,67,45,28,17,11
123,117,122,143,174,189,193,184,159,125,111,110,111,111,119,145,149,131,107,93,72,53,36,23
178,177,178,182,187,194,196,194,185,174,171,171,171,171,169,174,174,158,130,113,101,81,52,27
197,198,199,197,191,191,191,192,192,195,197,197,199,198,186,175,177,167,138,117,109,89,54,24
177,179,182,183,182,183,182,181,179,177,179,179,180,176,157,145,151,146,121,107,96,76,47,24
153,153,156,161,167,167,166,165,164,161,158,156,152,142,125,127,134,125,100,94,88,76,56,35
122,114,116,136,162,163,162,161,162,159,140,128,120,113,106,117,128,128,117,109,108,100,77,51
89,75,79,111,151,152,150,150,152,148,120,101,91,89,92,108,117,122,122,110,110,105,86,64
66,51,55,87,129,131,129,129,129,124,98,80,74,78,84,102,105,104,105,92,91,91,83,69
60,46,47,74,108,111,112,112,108,99,82,70,72,81,86,102,99,91,85,72,71,76,75,68
