124,169,209,224,221,211,156,138,173,213,215,215,214,206,190,183,171,150,127,110,97,114,155,192
152,184,210,217,211,197,145,132,169,208,211,211,208,195,176,170,153,134,121,105,90,109,152,187
177,190,197,192,178,170,132,123,153,187,188,191,187,172,154,150,126,106,102,92,84,108,148,174
159,163,161,146,126,129,114,114,136,159,151,154,154,143,127,124,101,83,84,82,86,108,135,148
101,106,105,92,74,82,92,106,124,141,125,122,124,118,102,93,81,75,81,89,97,102,107,111
83,80,69,55,47,54,74,86,101,137,150,148,130,103,82,69,59,67,92,100,98,92,88,90
124,115,100,88,81,73,74,73,86,136,175,182,158,119,87,73,63,75,103,115,98,77,69,73
152,147,134,120,112,105,92,82,94,136,171,185,178,156,123,100,78,79,108,130,103,77,71,78
152,157,147,130,122,128,114,103,111,136,147,159,171,174,152,126,92,83,108,134,109,91,90,95
152,157,148,133,128,131,117,108,114,131,127,128,135,140,133,121,103,97,107,118,105,100,101,101
135,137,134,126,115,108,97,91,98,117,108,101,103,107,104,108,108,107,109,111,104,102,102,99
101,102,101,98,94,94,86,81,90,113,116,109,103,102,104,121,121,113,111,117,112,115,116,106
102,106,109,104,95,101,89,78,86,112,126,118,109,110,118,144,149,141,137,136,125,129,132,124
135,148,158,148,122,121,100,86,94,119,129,119,113,118,122,150,173,182,176,154,132,130,137,139
148,170,190,184,151,133,108,103,123,148,139,126,125,125,102,125,168,196,189,151,118,111,121,128
144,168,195,200,172,139,105,91,102,126,131,137,140,130,103,131,173,200,195,160,117,105,109,109
140,156,177,186,174,134,91,67,68,87,92,102,111,111,107,139,170,190,192,168,137,128,131,130
135,142,153,162,158,118,73,45,42,58,56,57,63,71,83,111,134,150,157,142,133,135,141,141
132,135,144,151,138,98,60,35,31,47,44,34,28,30,38,56,75,90,92,81,87,104,115,114
145,153,167,168,137,95,62,36,26,39,37,27,18,16,21,38,51,49,35,28,40,67,86,84
146,158,173,170,137,102,71,41,25,33,30,21,17,23,33,40,34,21,12,11,18,42,71,86
129,141,154,154,132,110,82,52,35,43,36,30,33,42,48,42,30,20,18,19,19,34,63,91
118,127,135,135,125,117,95,69,57,71,62,60,63,65,66,63,58,55,54,52,49,53,72,97
126,131,132,128,123,123,105,83,78,101,92,91,88,82,85,98,104,104,100,92,87,86,95,108
