164,163,162,162,163,160,158,157,156,156,158,159,159,158,156,156,156,156,155,157,156,154,154,155
163,162,161,161,162,160,158,157,157,157,159,159,159,158,157,156,156,156,156,157,156,155,155,156
160,160,159,159,160,160,159,159,159,159,160,159,158,159,159,158,157,157,157,158,157,157,157,156
159,158,157,157,159,161,161,161,160,160,161,160,159,159,161,160,158,157,158,158,157,157,157,155
160,160,158,158,160,162,163,161,160,161,162,161,159,159,160,159,157,157,158,158,157,156,155,153
163,161,160,159,162,162,161,160,160,161,161,160,159,160,160,159,157,157,157,158,157,157,157,156
168,168,165,163,164,165,162,160,160,161,161,160,160,161,161,160,160,160,160,161,159,159,159,158
186,186,182,175,168,167,164,162,159,154,157,160,162,163,162,161,161,162,162,163,161,162,161,160
201,202,196,185,170,159,156,159,157,146,153,162,169,170,165,162,162,162,162,163,162,163,163,161
191,191,188,181,166,137,129,140,150,145,155,171,183,184,171,163,162,163,164,162,161,161,161,159
177,178,178,176,166,118,93,102,128,148,172,190,197,187,165,159,161,164,166,164,154,147,145,145
140,138,141,150,154,110,84,85,105,134,177,202,203,183,155,158,165,168,166,155,130,115,116,126
105,100,100,110,119,96,91,97,108,125,169,195,195,179,162,170,178,175,156,123,93,91,116,144
98,92,89,89,92,99,119,136,140,136,163,182,187,184,183,187,193,182,146,92,70,93,144,184
129,130,129,127,129,159,178,185,177,159,176,188,195,197,191,193,197,188,158,112,94,114,157,193
184,186,188,192,197,201,182,167,155,129,143,152,163,171,160,175,184,185,178,160,145,146,163,185
215,218,218,221,229,215,171,146,135,106,119,136,156,171,164,178,187,190,190,181,164,154,156,164
213,219,218,219,229,215,173,152,147,130,143,159,175,185,185,193,201,204,200,187,163,151,148,146
188,195,193,194,208,209,192,184,187,189,201,203,201,201,200,205,213,218,213,196,164,151,147,139
160,158,151,150,168,192,204,209,214,217,221,219,217,217,215,214,214,217,221,210,169,147,142,137
130,130,133,145,167,181,195,194,187,191,189,186,181,178,187,183,175,180,198,208,167,140,136,139
118,117,127,152,178,174,182,176,164,168,163,157,147,142,162,164,155,159,183,209,183,165,166,173
116,111,125,157,183,168,175,176,170,173,163,153,142,141,160,166,162,164,180,202,196,192,192,194
113,108,125,158,181,163,173,186,192,194,179,166,162,165,172,177,175,175,180,187,189,190,185,175
