145,127,129,144,148,148,137,130,131,135,134,130,130,132,127,134,139,137,125,106,124,127,127,139
145,134,137,150,153,146,134,131,137,139,139,132,129,134,140,145,145,137,123,115,131,127,122,134
134,135,141,147,147,141,133,135,144,144,138,129,128,134,141,143,140,134,126,122,125,116,114,128
123,134,142,142,139,142,139,140,144,144,135,128,129,135,137,135,133,133,134,126,107,92,94,110
123,134,141,142,144,151,149,143,138,140,139,135,136,141,140,134,136,141,139,131,95,70,68,78
115,113,112,121,140,139,141,143,144,143,136,138,145,145,132,125,135,141,134,137,116,96,84,80
111,103,102,116,138,136,132,131,135,141,133,131,135,136,127,120,130,133,121,118,115,103,87,77
133,129,130,140,153,150,144,141,143,149,138,120,113,116,115,116,131,138,123,101,92,86,86,94
172,173,173,171,168,169,164,162,163,158,150,114,94,97,98,109,133,148,137,108,89,83,101,131
189,192,187,171,155,172,164,162,165,154,161,118,87,88,83,99,125,141,141,138,130,125,136,156
176,175,169,149,127,157,145,144,159,158,167,122,89,89,79,92,125,145,139,135,125,115,113,118
177,163,149,130,111,143,140,148,168,172,175,124,87,85,77,92,128,146,136,125,112,100,90,83
192,165,132,101,81,111,133,158,180,180,178,123,82,76,69,88,128,144,123,102,89,83,82,84
205,173,123,73,46,70,110,154,179,170,172,123,80,69,63,82,129,143,107,79,73,80,93,105
202,169,127,83,44,55,77,123,159,144,164,129,90,77,75,90,134,142,99,83,97,115,115,97
191,159,130,99,55,47,58,108,154,146,168,139,100,83,83,84,105,106,88,114,147,154,124,80
189,172,151,116,66,62,85,133,175,177,180,142,103,88,92,95,104,106,104,115,129,128,103,70
185,186,165,121,75,78,118,163,193,200,191,156,127,118,123,134,134,128,118,96,82,74,69,65
176,182,158,118,93,91,131,172,193,195,190,180,171,166,164,173,163,138,108,76,53,41,46,60
176,176,155,134,135,125,142,171,188,180,171,180,188,180,161,151,147,125,84,57,55,50,48,57
179,171,152,141,151,147,150,164,177,175,165,178,194,188,158,137,156,153,108,87,110,102,86,92
159,153,140,131,137,144,149,161,173,168,154,166,175,163,139,124,156,172,148,137,162,145,112,104
128,127,129,128,124,136,151,171,181,167,150,156,148,119,106,103,130,161,175,178,188,169,134,113
107,109,127,141,133,139,163,188,194,175,157,158,133,89,77,78,95,134,179,193,189,178,158,135
