217,202,205,207,184,188,172,166,181,203,198,195,206,209,167,133,150,171,163,150,135,136,168,211
192,174,182,190,165,164,158,159,176,202,205,204,213,214,172,126,133,150,143,127,113,124,164,207
134,124,140,153,128,117,115,126,154,195,210,213,214,209,184,131,111,110,103,87,85,105,147,189
83,87,103,110,90,76,74,89,128,186,214,215,201,190,193,157,110,78,66,61,73,93,131,173
73,84,88,82,75,71,70,81,119,186,220,213,184,169,196,193,143,88,67,81,93,106,136,174
68,83,99,111,117,106,93,94,129,198,227,219,193,180,202,208,180,146,131,145,149,155,167,181
129,143,158,169,174,163,150,143,156,191,208,206,193,184,193,187,173,166,170,174,172,166,165,171
185,194,202,206,205,199,192,188,188,193,194,195,194,195,195,185,179,184,195,197,195,188,186,192
207,211,215,215,211,212,211,212,214,212,204,202,208,216,215,212,211,213,218,222,224,223,225,231
214,214,216,218,220,224,224,224,226,228,226,226,229,234,240,240,236,232,234,237,239,235,234,239
232,227,222,224,233,232,226,226,226,215,206,208,206,205,227,232,207,189,204,233,228,202,199,228
233,222,197,192,221,230,226,225,214,175,152,158,158,160,201,209,165,141,177,227,211,162,159,214
205,191,160,156,206,223,225,225,205,147,112,120,122,124,176,192,139,113,163,222,201,142,139,207
156,148,132,145,202,220,225,224,197,133,100,110,110,109,162,189,143,117,162,217,204,155,153,211
118,117,127,162,211,227,226,212,172,106,97,111,117,124,170,201,171,147,170,211,212,189,189,222
116,114,133,175,218,214,197,178,148,109,142,169,181,188,207,209,183,169,185,197,179,163,176,210
96,95,120,166,202,186,164,148,133,125,171,200,215,225,228,217,196,189,202,199,148,119,138,179
101,100,123,159,180,165,146,137,135,136,161,176,191,203,202,194,183,184,199,203,134,93,111,158
150,147,157,170,169,162,150,148,151,142,134,132,139,148,148,146,147,157,177,194,136,97,112,154
200,192,187,184,177,172,167,166,164,155,143,137,137,138,135,132,137,150,166,171,140,118,124,148
206,199,193,190,187,181,181,170,149,134,117,107,110,119,119,111,109,119,131,124,114,108,108,112
216,215,213,213,212,208,205,178,138,113,92,88,104,126,132,124,121,124,130,127,131,134,129,118
234,235,235,235,235,233,222,185,135,104,90,106,140,168,168,155,152,154,156,160,166,170,165,152
245,243,240,240,241,238,221,182,135,106,106,147,194,215,199,172,168,175,179,180,177,179,180,176
