242,241,240,240,240,243,242,241,242,243,241,238,222,194,172,166,159,154,154,153,162,126,84,76
242,241,242,243,242,243,242,242,240,237,237,236,219,188,164,156,148,143,145,146,153,133,115,121
217,215,226,235,226,212,222,228,218,199,211,229,223,191,160,139,127,128,141,149,156,155,161,177
168,169,196,217,197,167,191,209,189,152,180,221,228,198,160,128,117,131,155,165,172,181,195,210
122,129,170,201,177,140,173,196,175,136,172,219,230,199,163,135,138,162,188,189,192,199,207,212
124,131,169,197,173,138,169,194,182,152,184,225,233,207,178,169,176,197,217,217,215,218,224,225
157,155,174,188,166,127,154,187,196,190,206,225,227,209,182,171,167,181,206,204,184,190,214,229
202,188,177,166,147,118,137,171,197,208,210,212,213,206,186,171,153,156,177,173,138,145,181,207
235,218,183,151,135,126,138,164,190,203,199,196,199,201,192,179,159,152,160,152,117,115,140,161
239,229,200,168,152,157,169,182,192,195,193,193,194,195,194,187,175,167,164,154,133,116,112,119
219,213,201,185,174,178,185,188,186,186,193,198,200,198,196,200,177,144,122,122,120,114,111,115
212,207,198,187,180,187,194,197,198,202,212,220,222,221,221,223,189,135,93,91,98,97,94,96
209,204,190,180,184,191,197,202,207,212,223,233,236,233,229,230,196,136,87,86,92,95,98,103
194,187,175,173,187,191,191,188,186,188,195,207,212,207,198,210,193,151,114,121,121,129,140,147
154,146,156,174,184,186,179,155,130,126,124,134,142,142,140,175,194,190,178,182,180,186,192,192
117,114,149,194,203,201,187,156,125,115,104,114,129,137,140,159,180,191,188,181,182,191,198,199
105,103,138,185,200,203,191,171,152,137,123,127,134,136,131,138,154,168,171,163,181,202,216,219
108,108,132,162,174,181,174,170,168,158,148,145,144,140,131,131,141,146,138,130,173,212,231,234
124,129,144,157,157,157,155,161,171,171,167,163,163,165,160,156,160,145,108,88,149,198,216,218
168,171,180,189,190,184,186,195,205,206,202,201,205,210,209,205,206,173,105,60,121,154,158,164
183,195,209,218,219,216,212,215,220,217,212,210,211,216,221,213,216,186,113,57,114,132,123,130
180,196,203,205,211,201,191,187,184,177,188,194,191,190,201,179,189,178,118,60,114,126,112,118
178,189,179,168,180,161,148,138,126,121,153,172,167,159,174,141,160,168,120,63,113,120,106,118
182,187,163,143,158,137,124,108,91,91,137,162,156,146,162,129,155,170,123,67,109,109,97,118
