102,98,67,25,4,4,9,27,48,60,88,77,56,49,52,38,20,27,59,80,69,62,53,39
102,95,62,23,3,3,7,21,39,50,82,74,51,39,40,26,16,27,59,77,61,47,39,36
97,85,53,20,3,2,4,12,24,39,76,69,43,26,24,17,17,40,72,76,56,40,39,47
86,71,43,16,5,2,3,6,13,31,70,61,34,17,17,19,29,61,96,79,58,46,49,59
71,58,34,14,8,7,6,6,11,27,64,54,28,17,24,32,46,80,114,85,63,56,55,54
62,51,31,15,12,11,9,8,12,28,61,54,34,26,31,44,61,87,106,77,55,61,67,57
49,43,39,36,31,30,17,8,13,31,56,46,28,22,27,39,52,72,89,76,62,70,78,70
46,45,50,53,43,42,23,9,14,35,54,38,21,17,20,27,34,47,67,83,90,99,105,105
52,49,52,52,40,37,22,9,15,41,57,39,23,22,22,26,31,39,56,92,118,128,132,136
55,45,40,38,31,22,16,9,17,50,66,49,36,40,42,45,58,69,77,98,119,127,128,128
54,53,55,54,44,29,24,22,30,60,73,63,59,64,59,65,82,98,108,115,117,114,113,117
81,95,113,121,111,84,73,81,96,104,92,96,110,120,120,118,129,148,166,168,169,169,172,177
140,157,175,183,174,142,120,137,161,143,109,133,168,177,163,148,151,177,206,208,210,215,219,220
200,207,213,213,203,169,141,163,193,161,119,160,205,200,156,129,135,173,215,218,218,220,220,217
214,219,223,222,211,163,141,171,202,169,133,170,204,183,119,91,107,161,216,223,222,221,220,220
219,210,205,210,210,154,137,169,198,163,144,181,208,182,112,76,94,156,217,221,219,217,219,223
220,189,169,182,209,156,141,169,189,155,151,188,212,195,148,124,139,182,222,224,219,218,216,211
197,161,143,170,212,167,151,163,174,159,169,196,213,209,192,184,191,206,218,215,209,206,198,183
147,130,138,176,210,174,151,140,146,170,190,201,207,210,212,207,204,203,199,193,185,174,159,146
104,102,129,171,193,167,125,97,106,150,172,182,188,194,196,185,177,174,175,179,171,135,107,111
143,143,159,179,178,139,98,86,106,143,178,186,183,178,168,146,125,117,129,158,144,106,84,92
163,165,168,176,180,145,108,89,95,117,143,144,134,123,107,90,84,87,96,112,92,64,53,60
125,129,129,141,171,166,141,110,93,100,111,106,94,81,67,58,65,72,69,61,43,31,28,32
64,68,68,90,144,174,166,137,113,113,119,116,104,88,77,68,63,56,44,33,27,24,25,27
