72,71,65,64,73,77,78,78,79,79,81,91,95,82,54,33,29,33,39,40,39,41,47,52
84,87,89,92,100,104,104,103,99,95,99,108,107,94,77,62,59,62,65,69,65,65,71,76
90,97,101,103,108,110,108,103,96,90,95,100,96,90,93,92,92,88,84,89,82,81,88,95
79,86,87,87,91,91,88,84,78,72,80,80,77,78,92,100,101,93,84,87,79,79,86,92
62,64,66,69,73,72,76,77,75,72,79,78,76,80,88,86,83,79,76,75,71,71,73,76
63,67,78,85,80,75,82,88,89,89,90,84,83,91,101,96,87,80,78,82,84,81,75,70
73,74,79,81,76,76,80,82,83,87,91,88,86,86,85,78,72,68,68,76,81,80,73,67
67,68,71,71,67,68,66,66,70,76,79,78,75,72,66,64,66,66,65,69,73,75,74,69
60,63,68,69,62,58,53,58,69,73,71,68,65,62,59,63,70,71,67,67,67,74,78,75
74,77,80,78,68,57,52,63,80,85,83,78,71,65,61,64,68,67,63,67,68,74,79,77
66,70,79,81,69,56,52,58,68,73,77,73,67,64,62,63,66,67,69,75,75,71,65,60
73,77,85,87,78,73,71,67,64,71,80,77,77,82,81,74,70,71,72,72,82,86,81,72
78,80,83,85,86,93,95,84,71,75,85,85,91,99,92,83,80,79,78,76,90,96,92,86
83,83,83,86,93,103,104,95,85,85,92,93,98,101,88,87,91,93,91,90,99,95,89,93
106,108,111,112,108,102,94,93,99,103,108,102,97,95,91,98,104,105,104,101,103,98,98,108
115,116,117,116,111,103,93,93,102,108,118,115,107,105,117,122,121,116,113,112,110,113,118,118
99,100,102,106,110,110,103,100,99,98,108,115,111,103,109,111,112,108,102,104,100,105,108,100
83,82,85,92,102,107,103,97,91,84,89,101,104,95,88,88,95,96,91,95,91,90,87,80
82,82,82,85,91,94,88,85,83,79,78,86,93,92,84,80,88,96,98,102,99,90,82,82
93,93,91,91,94,94,87,85,87,87,92,92,95,100,99,92,92,103,118,124,121,108,100,104
89,90,90,90,94,94,87,85,87,89,101,96,89,89,93,88,84,93,109,112,107,96,92,97
76,78,78,79,82,78,69,65,68,71,84,79,72,73,80,78,73,72,79,79,76,71,70,76
86,89,90,90,90,85,76,70,67,67,78,77,74,74,76,77,74,70,65,62,61,57,56,60
120,125,128,126,122,122,120,111,97,90,102,105,100,92,86,85,89,90,83,74,74,65,57,58
