125,125,129,131,124,117,120,117,113,120,119,120,122,123,123,116,105,100,102,105,109,111,110,107
125,123,128,129,117,104,109,112,113,123,127,126,127,131,130,120,111,108,111,108,107,106,103,101
125,121,125,129,120,106,107,108,108,118,131,130,128,130,129,118,108,107,114,115,111,104,97,94
118,114,117,124,125,116,111,104,99,106,124,126,121,121,123,112,101,99,108,116,113,104,97,95
106,102,105,113,118,113,109,101,95,100,113,113,110,112,117,111,99,93,99,107,107,104,103,105
105,106,111,113,109,105,107,107,107,111,115,110,106,107,110,109,103,96,94,98,102,104,104,105
113,111,112,115,113,108,106,105,106,112,116,115,112,112,114,109,102,100,104,107,105,105,107,109
117,112,110,112,112,110,104,99,100,106,108,110,110,110,111,107,104,105,109,107,104,103,102,99
115,113,110,109,108,109,104,100,101,106,103,104,107,108,107,106,107,108,106,101,102,102,96,86
113,114,114,112,109,110,109,111,116,122,114,113,115,117,113,108,105,104,104,105,109,107,100,94
112,112,112,112,110,103,102,103,105,110,109,108,107,107,106,101,99,99,101,103,111,114,110,104
107,108,108,110,114,108,107,108,108,110,116,113,106,102,105,103,105,107,105,101,103,101,98,98
101,103,105,109,115,114,111,111,112,110,117,114,107,103,106,101,101,104,106,100,96,91,93,101
100,101,105,109,110,112,107,106,107,103,108,106,103,102,103,93,90,96,103,100,96,95,102,114
107,107,109,110,107,107,104,102,101,100,102,103,100,97,97,94,97,103,104,98,102,108,113,114
113,113,113,112,106,105,109,109,107,112,110,111,112,108,99,93,95,98,98,99,108,111,112,115
115,113,111,107,102,103,111,114,115,118,110,109,111,110,104,97,97,98,97,103,115,116,113,113
118,114,109,102,94,98,108,115,119,119,107,102,102,103,106,102,99,99,99,104,113,112,108,108
116,112,106,96,85,89,97,106,111,110,102,95,91,92,102,101,99,98,100,99,100,96,95,99
91,90,88,83,74,77,82,83,82,85,88,84,79,81,90,95,98,101,102,97,91,86,84,88
73,72,72,71,70,75,80,81,80,85,91,91,87,84,86,89,92,97,101,99,97,95,94,94
76,75,75,75,77,80,85,88,90,94,99,102,100,95,91,86,84,88,96,100,102,104,104,102
90,90,90,91,93,92,94,99,102,100,100,104,107,104,101,92,84,83,91,100,106,110,111,110
98,99,102,105,108,106,105,107,107,99,94,98,104,108,109,102,89,83,89,102,109,114,117,119
