140,140,144,148,150,154,158,160,160,162,164,166,181,202,192,107,46,25,30,37,42,44,44,44
139,139,143,147,150,154,157,160,160,162,164,164,176,196,197,125,60,30,30,37,42,44,44,43
138,138,141,146,149,153,157,159,159,160,162,162,168,185,200,157,92,46,34,36,41,44,45,44
138,137,139,143,148,152,156,158,157,158,161,161,163,174,195,183,123,64,38,37,41,44,47,48
136,135,136,140,145,149,153,155,156,156,159,160,160,166,182,187,136,73,41,39,43,47,51,54
132,131,134,138,142,147,151,153,154,155,157,159,159,161,170,180,140,82,45,47,51,53,54,54
130,130,132,135,139,144,148,152,153,154,155,158,158,158,164,175,150,100,56,54,56,57,55,54
132,131,130,132,136,140,145,149,152,152,153,156,156,156,160,171,160,118,67,60,61,61,58,56
133,129,127,128,131,135,140,145,149,150,151,153,155,155,157,166,165,132,80,65,66,64,62,62
123,122,122,124,126,130,135,141,146,149,149,152,154,155,155,161,166,144,98,71,68,67,66,67
109,112,118,123,124,128,132,137,143,147,148,150,153,155,154,158,164,150,112,75,69,69,70,70
96,101,112,121,123,125,128,133,139,145,147,149,152,154,154,155,160,154,126,84,72,70,69,68
88,92,104,115,120,121,124,128,134,142,146,147,150,153,154,154,158,157,140,97,77,69,66,65
80,85,96,108,115,116,118,122,128,136,143,145,147,151,152,153,156,159,151,113,83,68,64,65
67,76,89,102,110,113,113,115,120,129,139,143,146,148,150,151,154,160,159,127,88,68,64,65
58,66,80,94,104,110,110,109,112,120,132,139,143,146,148,150,153,160,162,133,87,63,58,60
58,62,72,85,97,108,112,110,108,112,121,128,135,142,145,148,152,159,159,127,81,55,51,56
61,62,67,75,85,100,112,116,112,107,102,103,116,133,141,146,151,157,152,114,71,47,45,53
61,63,64,66,70,81,102,118,119,103,78,71,87,116,134,141,147,151,139,97,63,42,41,51
57,60,61,58,56,60,77,101,113,93,63,53,65,91,119,131,137,132,109,74,55,42,40,50
50,52,51,48,47,48,55,72,83,72,53,47,53,68,86,96,99,90,73,57,49,43,45,53
42,42,43,43,43,44,45,52,57,54,47,45,49,55,63,64,63,59,53,50,48,50,55,61
34,34,38,42,44,44,44,44,45,46,44,44,47,53,55,47,45,46,49,53,54,59,66,72
28,30,36,43,47,45,44,45,46,46,44,44,47,54,56,46,43,47,53,58,62,67,74,80
