179,180,181,181,181,182,183,184,185,183,181,178,176,177,179,181,179,176,174,173,170,168,164,159
180,181,182,181,179,179,179,180,179,178,177,176,177,178,178,178,177,175,172,171,169,168,162,154
182,184,184,182,179,177,177,176,175,175,176,177,178,177,176,175,174,173,171,168,167,166,157,142
185,186,186,184,180,178,178,176,175,177,179,179,178,175,172,172,172,171,169,165,165,163,148,126
184,184,184,183,181,181,181,178,177,181,181,180,176,172,171,172,171,169,166,163,163,158,138,110
177,178,180,179,179,179,178,176,177,181,178,174,172,171,172,172,170,167,164,163,163,154,128,97
173,175,177,177,175,173,173,175,177,177,171,167,169,172,171,169,169,167,164,164,162,148,118,88
174,176,176,173,170,168,171,175,176,172,166,166,169,171,167,167,169,168,167,166,161,140,108,82
176,176,174,170,166,167,172,175,175,170,166,169,171,170,166,168,170,170,169,167,157,131,98,77
175,173,169,166,167,169,173,175,175,174,172,173,172,169,170,172,174,173,170,167,154,125,92,73
175,174,170,168,169,172,175,176,177,176,176,173,172,173,174,174,174,173,170,168,155,125,91,72
174,174,173,171,172,175,176,178,178,178,178,176,175,176,177,176,176,174,171,170,162,134,97,74
175,176,176,176,177,179,180,180,181,181,181,179,178,179,179,180,179,176,174,174,171,149,113,83
179,179,179,181,184,186,186,185,184,185,184,182,181,181,182,183,182,178,177,178,178,165,134,101
179,180,182,185,190,192,192,189,187,188,187,185,184,184,185,186,184,181,179,181,183,173,149,124
169,175,184,191,196,198,197,195,192,191,191,189,189,191,191,190,188,185,184,186,185,168,143,126
125,141,168,192,202,203,203,200,198,196,196,195,195,197,198,195,193,191,191,190,177,154,132,121
75,93,134,177,201,207,208,207,205,204,203,201,201,203,203,201,199,198,193,182,160,138,123,118
46,57,99,151,188,202,208,210,210,210,209,207,206,206,206,204,202,196,183,161,139,126,122,122
37,48,89,137,165,179,190,199,205,209,210,209,208,206,203,199,191,177,158,140,129,125,127,130
29,42,87,139,163,166,169,173,178,184,187,187,186,183,178,172,163,153,142,133,129,131,135,137
23,38,89,146,170,168,164,163,165,166,164,163,161,159,157,153,148,143,137,134,135,138,141,141
21,36,91,153,179,177,173,170,167,161,154,150,149,151,151,149,147,144,141,141,143,145,145,144
19,35,92,156,184,183,182,179,173,165,157,152,153,156,157,152,149,147,147,147,148,147,147,147
