56,55,56,67,97,131,149,161,182,214,235,241,241,239,235,237,239,215,153,80,55,49,49,50
56,55,55,65,90,126,147,159,174,199,223,237,241,240,237,236,239,224,175,98,61,49,49,51
55,53,53,60,80,115,141,154,163,178,200,220,233,238,238,235,237,234,205,139,81,54,49,50
52,51,52,57,70,100,130,149,156,164,177,195,213,226,232,233,234,237,229,187,122,77,58,56
48,49,52,57,66,84,116,141,154,159,166,174,185,200,215,223,228,232,235,224,179,127,91,83
49,50,55,60,64,72,99,130,151,157,162,166,169,175,189,204,216,224,230,235,222,190,160,148
54,55,59,64,67,72,93,122,145,154,159,162,161,161,167,181,198,212,223,234,237,227,211,202
62,63,67,70,71,73,87,111,137,150,156,157,154,148,145,154,174,196,213,225,235,239,235,230
73,75,78,80,78,75,82,104,132,148,151,149,142,133,127,130,149,176,200,212,223,235,240,238
84,88,92,95,94,89,92,111,137,149,147,139,130,123,120,121,131,155,183,196,203,221,238,242
91,95,101,105,109,115,123,135,145,147,142,134,129,129,131,131,131,142,164,181,183,201,227,240
97,101,105,108,113,127,141,147,146,141,136,136,141,146,145,141,136,137,147,165,169,182,207,231
98,102,107,111,117,133,144,145,139,134,133,142,152,155,151,146,140,135,136,150,161,170,189,214
88,96,108,118,125,135,138,135,132,130,135,146,153,153,148,145,141,136,133,142,160,170,180,195
72,86,107,124,128,127,127,128,131,134,140,145,148,148,145,143,140,137,137,147,164,176,182,183
91,101,114,120,120,122,128,132,134,136,140,143,144,144,141,138,136,136,140,150,166,178,183,180
107,109,106,103,107,122,132,134,133,132,136,140,141,140,138,135,133,135,142,153,166,177,182,181
103,98,85,78,91,120,133,134,129,127,131,136,138,138,136,134,133,136,144,153,164,174,180,180
79,73,61,57,75,114,131,131,125,124,129,133,135,135,135,134,134,138,146,153,162,170,176,178
55,52,47,48,64,103,126,129,123,123,127,131,133,133,133,133,134,139,146,153,159,166,171,174
45,42,40,42,54,88,117,126,122,120,125,129,131,132,132,133,134,139,146,151,156,162,167,171
41,37,35,38,47,73,104,120,120,118,122,127,129,131,132,133,135,139,145,149,154,158,163,167
45,42,40,41,47,61,89,111,118,117,120,124,128,130,132,132,135,139,144,147,151,156,160,164
55,53,52,51,52,55,76,102,116,115,117,122,126,130,132,132,135,139,143,146,150,154,158,162
