145,156,173,192,205,198,168,148,158,193,229,242,242,240,242,244,244,243,235,216,189,176,174,172
140,150,167,188,204,198,169,150,158,186,223,240,243,242,243,244,244,243,238,223,195,177,171,170
134,142,158,180,199,198,171,155,161,178,208,231,242,243,243,243,244,244,241,233,208,181,165,161
130,134,146,168,191,196,172,161,167,173,186,213,234,242,242,242,243,244,243,241,223,194,167,153
128,128,134,153,180,189,171,163,171,171,164,185,216,238,241,241,242,243,243,243,236,217,185,158
125,125,127,140,165,177,164,161,171,172,152,159,191,227,240,242,242,242,242,243,242,234,209,178
125,125,125,131,145,157,153,157,170,175,153,147,169,207,233,241,242,241,240,242,243,241,226,204
127,126,124,125,131,140,144,154,169,178,163,147,155,185,218,237,243,242,241,242,243,242,235,226
129,127,125,124,127,135,143,154,169,181,177,157,151,168,200,229,241,243,242,243,243,241,239,239
132,130,128,128,132,139,146,157,170,181,186,172,158,161,184,217,237,243,243,243,243,242,240,240
133,132,132,133,137,144,151,161,172,181,188,184,170,161,171,197,224,240,243,244,243,243,242,240
134,135,135,136,141,147,153,163,174,182,188,189,180,168,167,183,206,228,240,243,243,243,243,241
135,136,137,139,144,149,154,164,176,184,188,190,186,177,170,175,189,211,233,242,243,243,243,242
135,137,138,141,146,151,156,165,176,184,186,189,189,184,175,174,179,195,220,237,241,243,244,243
136,137,138,141,148,153,157,165,174,181,184,187,188,186,179,175,176,186,205,226,238,243,244,244
138,137,138,142,150,154,157,164,172,179,183,185,186,185,182,177,176,180,190,206,228,240,244,244
138,137,138,143,151,155,158,164,171,178,182,184,184,184,183,178,176,177,181,192,215,234,243,243
136,136,140,146,153,156,158,163,171,177,182,183,184,183,183,180,176,176,179,184,200,221,237,242
133,136,141,148,154,156,158,162,169,176,181,182,182,182,182,181,177,176,178,180,187,204,225,239
135,137,143,149,154,156,157,161,167,173,178,180,181,181,181,180,178,176,177,178,181,191,210,229
138,139,144,150,154,154,156,160,165,171,176,177,178,180,180,180,178,176,175,175,178,183,195,211
139,140,145,151,154,153,155,159,164,168,173,176,178,179,179,179,178,177,174,174,176,179,185,193
138,140,146,152,154,153,156,160,163,167,170,174,177,178,177,177,178,176,173,173,175,178,180,181
138,140,146,152,154,154,157,160,163,166,168,172,175,176,176,176,177,176,173,171,173,177,179,180
