203,201,197,195,196,195,199,204,207,207,202,198,197,201,202,203,204,204,203,205,212,214,213,210
203,200,195,191,191,192,198,204,208,206,202,199,201,205,206,207,208,207,207,208,212,213,212,211
201,196,191,188,190,194,199,205,207,206,204,205,208,212,213,214,213,211,210,210,210,210,211,212
195,191,189,191,196,200,204,207,208,208,210,211,214,217,217,217,215,212,209,209,209,209,210,213
188,188,192,199,205,208,211,212,211,212,214,214,215,216,215,214,211,207,206,207,209,211,212,213
189,191,197,203,207,210,214,214,211,208,209,211,211,209,208,207,206,206,207,210,211,211,209,207
196,198,202,207,211,213,215,212,206,201,202,203,202,201,202,203,207,210,210,210,209,209,209,208
207,207,209,213,216,215,212,207,201,198,198,199,199,198,200,203,209,212,212,209,208,210,213,213
216,216,217,218,218,214,207,201,199,200,202,203,203,202,201,205,211,214,213,209,210,214,217,218
219,219,220,219,217,209,202,200,203,206,209,210,208,205,203,209,216,217,215,212,214,216,218,219
219,219,219,217,211,202,200,203,208,211,215,215,211,209,212,216,221,220,216,215,218,218,218,218
220,220,219,215,208,203,205,208,211,214,218,217,214,213,217,219,221,220,216,216,218,217,217,217
220,219,217,213,209,208,211,213,215,217,220,219,217,216,217,217,217,216,214,215,215,216,217,218
220,218,214,212,211,213,215,217,218,219,219,218,216,214,212,212,212,212,213,213,214,216,219,221
220,216,211,210,212,215,216,217,217,216,214,211,208,205,205,208,212,215,215,216,217,218,219,221
216,212,207,208,214,215,214,211,209,209,208,206,204,203,206,210,215,219,219,218,219,218,218,219
204,202,201,204,209,211,209,207,205,207,208,209,210,212,215,217,220,222,222,220,219,219,219,221
198,199,201,203,206,209,210,210,210,212,214,216,219,221,222,223,224,225,224,222,221,220,222,223
206,207,208,209,210,214,218,219,219,220,221,223,224,225,224,224,224,224,224,223,221,221,220,219
219,219,220,222,222,223,225,225,224,223,225,226,226,226,224,219,217,216,216,215,215,215,212,208
223,223,225,228,228,227,225,223,222,222,225,225,222,218,215,209,206,207,207,207,210,210,206,202
225,225,226,228,228,223,217,214,214,216,218,217,214,211,210,207,206,207,208,209,213,212,207,203
227,227,226,225,222,215,208,206,208,212,213,212,211,212,214,215,215,215,214,216,219,217,213,209
229,228,226,222,216,209,206,207,210,214,214,213,214,218,223,224,224,222,220,220,222,221,218,216
