188,178,170,167,165,166,169,172,174,182,198,219,233,236,228,200,149,93,54,46,46,45,41,38
204,191,177,168,165,165,167,169,172,178,191,212,227,233,229,209,163,105,58,45,43,41,38,35
228,217,198,180,169,166,166,167,169,174,183,200,218,228,231,222,190,134,75,45,37,34,31,29
244,238,223,203,182,170,166,166,167,171,175,188,206,222,232,234,216,170,105,51,33,27,24,22
245,243,238,226,203,182,172,168,167,169,170,179,194,213,229,237,231,199,140,69,34,22,19,17
245,244,243,238,225,208,192,178,168,166,166,171,182,200,221,235,235,218,174,102,49,25,19,16
245,244,244,244,239,232,221,203,184,172,167,167,174,188,208,228,235,230,205,149,88,45,23,17
244,242,242,243,244,243,239,227,209,191,176,168,168,177,193,214,227,232,225,192,138,81,37,19
243,241,240,241,242,242,243,241,232,217,193,175,168,170,180,198,215,228,233,221,184,124,61,26
246,243,241,241,243,244,245,244,242,236,215,193,178,172,174,186,204,221,234,234,215,163,93,40
244,243,242,242,241,242,243,243,243,242,233,218,202,186,176,178,190,208,226,236,230,197,135,75
242,242,243,243,242,240,241,242,243,245,242,237,228,213,194,180,180,193,215,232,238,223,179,126
239,240,243,244,241,239,238,239,241,245,245,244,243,235,216,194,182,186,204,224,238,237,211,174
237,238,241,243,241,239,238,236,237,242,243,244,245,242,233,218,200,191,196,213,230,238,227,207
240,239,241,243,240,240,240,236,233,235,239,243,244,244,241,238,225,209,198,202,218,231,235,229
243,242,243,244,243,243,244,242,238,236,237,242,245,245,245,245,240,229,215,203,208,223,237,240
239,239,240,242,241,243,244,243,241,240,237,238,241,242,243,245,243,239,230,213,206,215,230,239
235,235,237,240,240,242,243,243,242,243,239,237,237,238,241,244,243,242,239,228,218,217,225,233
236,235,238,242,243,244,244,242,242,244,242,240,238,236,238,243,244,244,244,241,236,229,225,228
241,239,239,242,243,242,242,240,238,240,241,241,240,237,233,239,241,242,244,243,242,238,230,222
244,242,242,243,243,242,242,240,238,238,239,240,240,239,235,237,238,239,242,242,243,242,236,228
246,244,244,244,243,243,243,242,240,240,240,241,241,241,238,237,234,233,236,239,242,244,242,237
246,244,244,245,244,243,243,242,242,243,242,242,241,240,239,237,232,228,229,233,238,242,244,243
245,244,243,244,243,242,242,241,242,244,242,241,240,238,237,236,232,227,225,227,232,238,243,243
