197,196,195,195,195,197,198,198,198,196,196,195,195,196,198,196,194,191,178,144,121,115,119,124
194,194,195,196,196,196,196,196,195,194,195,194,194,194,195,194,195,189,166,122,103,101,106,110
190,191,194,197,199,196,195,196,195,193,194,194,194,194,194,193,195,184,147,93,79,80,85,89
189,189,192,196,199,196,196,196,195,193,194,194,194,194,194,193,192,172,124,71,62,64,68,70
189,188,189,192,195,195,196,196,195,194,195,194,193,192,193,190,182,149,98,61,55,57,58,59
191,189,189,191,191,190,192,193,194,195,196,195,193,191,190,185,161,119,73,54,53,54,55,55
194,192,191,191,191,189,191,193,195,196,197,196,194,192,189,170,132,89,61,52,53,53,53,54
195,193,192,191,192,190,191,193,194,194,195,195,193,191,183,152,107,73,58,52,52,52,52,53
195,194,193,193,195,192,191,192,192,190,192,191,190,187,176,139,100,74,63,56,52,51,51,52
197,196,196,197,199,194,193,193,192,191,190,190,189,185,170,138,111,93,79,66,57,53,52,51
196,194,194,194,194,191,192,193,192,190,189,190,189,180,158,138,125,114,101,86,75,66,58,52
196,194,193,192,191,191,193,193,192,190,191,189,177,155,131,124,126,128,124,117,110,97,82,71
195,194,192,192,191,192,193,193,191,189,191,183,159,127,107,105,113,122,129,131,134,128,115,105
194,193,192,193,194,193,193,192,190,187,187,174,147,119,106,100,101,106,112,118,128,135,136,133
193,192,192,193,194,193,193,193,191,186,182,173,159,147,137,127,117,106,94,88,93,106,121,131
193,193,194,194,193,191,192,193,191,185,179,176,175,174,169,160,148,129,102,75,65,69,82,96
191,190,191,192,191,190,191,191,187,178,173,174,177,180,180,173,163,147,120,84,61,51,54,61
188,188,189,191,191,191,190,183,170,156,156,159,164,168,171,167,162,153,134,101,71,51,44,44
188,188,190,192,192,192,183,162,136,120,125,133,139,143,145,147,148,146,135,113,84,60,47,47
189,189,189,189,188,183,158,122,91,84,92,99,102,103,107,114,121,125,123,114,94,70,55,53
191,191,190,188,181,163,125,92,75,73,77,78,77,77,82,87,93,100,105,106,96,77,62,58
194,194,190,178,157,128,96,77,73,74,75,74,72,72,74,74,76,78,82,85,83,74,63,60
194,191,176,150,119,93,79,75,76,77,78,77,76,75,74,69,66,64,62,61,62,61,58,57
190,183,154,116,87,77,75,76,77,78,79,78,77,75,72,67,62,58,54,48,47,48,50,52
