218,215,210,206,204,205,206,206,207,211,212,217,220,221,221,222,220,219,219,216,213,211,208,203
215,213,210,206,203,203,201,199,200,204,207,212,216,218,218,218,216,215,215,212,209,208,206,202
214,213,210,207,205,203,199,194,193,196,199,205,210,212,211,209,208,207,207,205,204,203,203,203
214,213,211,209,208,206,202,196,191,192,193,198,204,206,204,202,201,200,200,198,197,198,200,201
213,212,211,210,209,209,207,201,195,192,190,194,200,204,204,202,201,199,197,193,192,193,194,196
210,209,209,210,211,213,211,206,199,194,190,191,198,207,209,209,207,203,198,193,193,192,191,190
209,208,209,211,211,212,211,207,201,196,190,192,200,207,210,211,209,206,202,198,198,197,194,192
208,208,210,212,211,209,209,206,201,196,189,190,197,204,207,209,207,205,204,200,200,200,198,196
210,210,213,214,211,208,208,206,201,197,190,187,191,198,203,205,204,204,205,202,202,202,202,201
215,215,218,218,213,209,209,207,203,201,194,189,189,195,200,204,204,205,208,209,207,206,205,204
218,217,217,216,211,207,206,205,203,202,196,191,189,191,196,202,203,204,206,209,209,206,203,202
218,217,215,213,209,206,205,204,204,204,199,195,193,192,194,200,202,204,206,209,209,206,202,200
216,215,213,210,206,205,206,205,205,207,203,200,197,194,192,197,200,203,206,209,208,204,201,200
213,212,210,207,204,205,208,208,207,209,206,203,200,195,191,193,195,199,204,207,206,203,201,201
211,210,208,206,204,206,209,209,208,210,207,204,202,198,192,188,188,191,197,202,202,201,201,201
208,208,209,209,208,208,209,209,209,211,209,207,204,201,195,191,188,188,191,196,195,195,195,196
201,201,204,207,208,209,210,210,209,210,209,206,203,200,196,194,192,189,188,189,188,187,188,189
196,196,198,202,205,209,212,212,211,211,210,207,203,199,197,198,197,194,189,187,186,184,183,184
194,194,196,198,200,206,211,213,213,215,213,209,204,200,201,203,202,199,194,189,188,185,183,182
194,194,193,193,193,199,204,207,210,214,213,209,205,203,203,204,203,200,196,191,189,188,187,185
197,195,193,190,188,194,199,203,205,209,208,207,204,202,202,203,202,200,199,196,193,191,190,189
201,198,195,191,187,191,197,200,202,203,203,203,200,197,197,199,199,200,201,199,195,192,191,190
205,202,199,196,191,191,196,199,199,199,199,199,196,191,190,194,195,196,199,199,196,193,190,189
207,204,201,200,197,194,196,198,198,197,196,197,194,189,187,190,190,191,195,197,196,193,191,188
