112,109,106,106,109,112,111,108,105,105,105,106,106,105,107,106,105,105,106,108,110,111,109,107
124,123,123,122,119,116,113,109,105,105,104,106,108,108,109,108,107,107,108,109,110,110,108,106
129,127,126,123,117,112,111,109,106,105,105,108,109,109,110,110,110,109,108,108,107,107,107,106
128,125,122,120,117,112,111,112,112,110,111,112,112,110,111,112,112,110,108,105,104,104,104,104
131,128,128,131,132,126,123,124,123,120,120,119,117,116,115,115,114,111,107,104,103,102,102,103
123,123,128,133,133,128,127,129,129,127,127,128,129,128,126,121,115,111,108,107,107,108,108,107
138,139,143,144,140,137,139,141,141,137,137,138,138,135,132,126,120,115,113,112,112,113,113,113
154,155,156,153,150,147,149,150,149,147,146,144,142,139,135,131,127,122,118,117,116,117,117,117
160,160,159,157,154,152,151,150,150,151,147,144,141,140,137,135,132,128,123,121,120,120,119,119
160,158,157,155,152,150,147,145,145,146,142,139,138,138,136,134,132,128,124,121,122,121,119,117
156,155,154,154,151,149,145,143,143,142,138,134,133,134,131,129,125,122,119,119,121,121,118,115
142,144,146,148,147,146,144,143,143,141,138,134,131,128,122,118,114,111,108,108,112,115,115,115
116,121,128,134,137,139,141,142,142,141,141,139,135,128,119,114,108,102,96,93,96,101,108,113
89,94,103,112,120,127,135,140,142,142,144,147,144,136,127,120,111,102,92,84,80,84,94,103
84,83,84,89,98,111,126,137,143,144,145,147,146,140,134,129,119,107,94,83,74,73,78,85
114,109,101,93,89,89,94,103,110,115,117,119,119,117,113,110,105,96,85,75,68,66,67,69
125,122,118,115,110,101,95,92,91,90,89,88,89,89,89,91,93,95,93,88,80,70,64,63
120,121,123,127,128,122,118,114,108,101,96,93,93,95,95,100,108,115,119,117,107,92,80,73
111,111,114,116,119,124,132,139,140,132,129,125,124,125,124,131,139,145,145,142,134,124,112,100
98,97,98,97,95,98,109,118,120,116,117,118,117,116,119,131,142,148,148,145,141,142,140,133
93,89,86,84,79,76,80,82,80,75,75,77,76,76,80,90,108,127,141,144,140,142,143,140
91,89,85,77,68,65,62,60,58,56,55,53,51,51,53,59,73,97,122,135,136,138,139,140
78,79,76,68,59,58,54,52,53,54,53,49,46,45,45,47,54,70,90,106,113,118,124,131
56,57,57,55,53,53,49,48,50,53,51,48,47,48,46,47,51,55,59,68,79,87,101,117
