58,56,57,62,65,62,60,58,56,54,52,51,52,61,90,109,74,28,6,6,5,5,5,5
57,56,57,61,66,64,61,59,57,55,54,53,55,67,93,91,55,18,5,6,5,5,5,5
57,57,58,60,64,64,63,62,61,59,58,55,54,62,78,58,29,10,6,6,5,5,5,5
56,57,58,59,61,62,63,64,63,61,61,55,46,45,52,31,13,6,7,6,5,5,5,4
55,56,57,58,58,57,59,60,60,60,61,51,35,27,39,29,14,6,6,6,5,5,5,4
58,56,53,54,56,57,57,57,56,58,59,46,26,19,37,35,19,7,6,4,5,5,5,4
87,79,69,62,59,57,57,57,56,57,55,38,19,15,36,40,25,11,7,5,5,4,4,4
94,92,89,84,77,68,64,60,58,57,52,32,14,13,33,39,27,14,10,7,7,6,6,5
64,70,81,92,94,88,81,72,66,65,58,33,13,11,28,37,28,15,11,8,9,10,8,6
20,23,36,56,79,94,96,90,84,82,74,44,16,10,25,38,31,17,11,8,9,10,9,7
35,33,33,37,42,51,60,67,73,77,72,45,18,8,21,37,33,20,12,9,8,7,6,5
83,80,78,74,69,66,69,76,85,90,86,65,36,14,17,36,37,25,15,12,9,7,5,5
114,113,113,111,106,100,99,102,106,110,108,94,63,29,16,33,41,33,19,15,12,9,7,7
114,115,117,118,118,116,118,120,120,120,118,109,85,50,22,30,43,41,25,19,16,13,12,11
111,111,112,114,116,115,116,118,117,111,102,93,84,67,36,26,38,44,31,22,18,17,17,17
113,113,114,115,117,116,117,118,113,100,86,76,77,77,56,28,35,47,41,26,21,21,21,19
113,113,114,115,116,117,117,112,99,81,64,55,60,69,61,31,33,50,53,32,26,26,24,20
114,114,115,116,116,117,113,98,75,53,37,31,36,46,48,26,26,45,59,41,31,28,25,21
117,117,117,119,118,113,99,75,46,24,14,11,15,22,24,15,15,32,55,48,34,28,25,22
119,119,119,120,117,100,73,44,20,8,6,6,7,8,9,7,7,20,42,48,35,26,23,24
119,119,120,118,106,78,46,21,8,4,5,5,5,5,5,5,5,12,29,48,42,31,25,26
121,121,119,108,84,51,24,9,4,5,5,5,5,5,5,5,4,7,19,42,49,40,28,25
123,120,109,86,54,25,9,4,4,5,5,4,4,5,5,5,4,4,11,31,50,47,32,23
124,117,96,64,30,11,3,3,4,4,4,4,4,5,5,6,5,4,6,19,46,50,35,22
