56,58,59,58,61,66,66,65,64,62,62,62,59,55,54,72,65,38,10,6,6,6,6,5
55,57,58,58,59,64,65,65,65,64,63,61,58,53,46,57,52,31,9,6,6,7,6,4
55,56,57,58,59,60,61,62,63,63,62,61,58,49,33,39,40,28,10,6,7,7,6,5
53,53,54,57,59,57,57,58,59,59,59,62,58,43,22,27,38,33,13,6,6,6,6,6
57,54,52,53,55,57,57,56,55,56,57,61,55,36,15,23,40,39,18,7,5,5,5,6
78,70,60,54,54,57,58,57,57,57,57,57,47,28,10,20,42,45,24,11,7,6,5,5
109,105,94,81,69,61,58,57,56,56,57,54,42,22,8,18,39,44,27,16,11,8,6,5
91,95,99,101,96,84,75,67,62,58,59,56,40,18,7,16,34,40,28,16,12,9,8,8
39,46,63,86,102,104,100,90,77,69,69,67,48,20,7,13,30,38,29,16,11,9,9,11
11,12,20,37,61,87,102,103,96,89,88,84,62,28,8,11,29,40,33,18,11,8,8,9
26,24,22,24,29,37,49,59,66,73,79,78,60,30,8,8,26,39,35,21,13,10,8,7
74,71,66,62,56,49,49,54,62,73,79,78,64,39,15,7,21,37,39,24,15,12,10,8
111,110,108,105,100,91,86,86,89,96,100,100,90,68,35,12,16,34,44,30,19,14,12,10
119,120,122,123,123,120,119,118,119,121,125,125,120,101,61,24,15,31,49,38,24,18,15,13
112,113,114,115,116,115,115,117,118,119,119,116,111,100,77,40,18,26,47,45,30,21,18,16
110,111,112,114,116,116,116,117,119,119,113,105,96,88,83,60,31,22,38,47,35,25,20,18
111,112,113,115,116,117,116,117,119,116,105,93,82,77,82,77,47,24,30,51,42,29,22,20
112,113,114,115,116,117,118,118,115,107,92,77,66,64,73,81,58,29,26,55,52,36,24,23
113,114,114,115,115,117,119,117,107,91,72,54,45,45,54,68,56,32,24,54,62,46,29,28
114,114,115,115,116,118,119,111,93,69,46,29,22,23,31,42,39,24,16,39,62,55,37,30
117,117,117,118,119,118,110,93,69,42,21,12,9,10,14,20,20,14,10,24,52,56,42,30
119,119,119,120,121,115,96,70,43,20,8,5,5,5,6,8,9,7,6,14,39,52,44,30
118,119,120,121,119,105,77,46,21,7,4,4,5,5,4,5,5,4,5,8,27,46,48,35
116,119,121,121,114,92,60,29,10,4,4,5,5,5,4,5,5,5,5,6,18,41,52,44
