206,207,199,190,194,214,226,227,221,216,210,204,209,220,222,217,213,212,216,221,231,233,229,227
187,191,190,184,185,205,220,218,207,203,200,195,201,212,210,201,197,197,200,210,225,226,220,216
194,199,201,199,198,212,226,222,210,208,207,204,208,214,209,203,202,202,202,211,227,227,220,217
215,218,221,221,218,226,234,234,228,227,227,227,228,228,224,222,223,221,218,224,232,233,228,225
217,217,221,222,215,223,229,232,233,233,237,241,241,237,235,236,234,228,222,228,229,231,230,225
206,203,205,204,194,201,204,206,206,204,217,232,231,217,211,214,211,202,196,203,201,203,205,203
217,214,213,210,203,204,206,207,201,188,198,219,225,213,205,207,203,196,195,200,198,199,201,200
227,227,228,229,226,224,225,223,213,193,197,218,226,220,220,222,219,215,216,218,215,216,219,217
214,220,230,235,232,231,231,228,218,201,202,216,222,220,229,233,232,232,233,231,224,226,230,229
183,197,214,218,205,205,205,202,197,189,189,199,201,198,209,213,213,215,218,219,206,205,210,208
192,203,214,213,196,195,199,198,194,189,185,193,196,192,198,198,201,206,211,216,203,198,200,200
219,218,223,224,214,207,212,218,218,211,204,212,217,213,211,208,212,219,225,229,223,219,219,219
222,208,208,218,215,191,200,215,217,208,201,217,233,231,218,209,214,225,231,231,231,232,233,232
205,181,178,193,195,159,169,183,183,178,171,199,229,232,208,195,200,211,217,214,217,223,226,227
208,185,178,189,198,174,171,166,161,170,163,185,217,228,207,195,194,198,200,199,201,207,216,224
228,220,217,222,226,217,213,207,206,213,208,217,232,238,228,224,220,218,219,222,221,223,228,234
242,241,240,241,243,241,239,237,238,240,238,240,244,246,243,243,241,239,239,241,241,240,241,244
245,236,220,215,226,230,224,230,243,247,246,235,225,225,232,226,230,234,230,223,228,233,232,227
236,205,163,148,175,190,174,191,232,245,241,203,170,167,186,167,181,197,185,161,176,194,192,172
214,162,103,83,113,140,117,148,218,243,236,168,105,89,113,86,118,147,125,87,107,138,133,96
176,123,75,62,78,106,88,115,186,229,232,162,91,63,70,59,98,123,95,67,80,111,109,71
154,118,96,91,90,107,92,103,154,213,230,175,117,92,85,83,111,122,99,88,90,112,112,77
178,164,159,157,147,154,145,142,164,211,233,204,173,160,150,146,157,159,149,152,144,155,155,131
229,227,224,218,209,218,218,212,210,222,238,234,226,223,217,207,209,214,216,222,213,214,215,205
