99,94,88,79,66,48,36,41,71,117,139,173,209,218,176,132,101,88,96,121,144,152,146,138
104,100,95,88,77,57,43,49,77,119,161,199,224,222,180,143,120,115,121,120,130,138,144,148
119,118,114,110,103,85,69,72,100,150,201,229,239,227,190,161,148,153,158,133,116,102,104,119
140,137,130,126,125,115,99,97,127,189,234,248,245,229,190,159,148,158,169,146,111,71,56,73
156,146,127,115,120,120,109,106,137,205,240,247,243,223,173,129,108,115,137,136,108,65,44,57
165,145,108,81,84,92,93,100,136,204,234,236,225,202,160,130,110,102,106,108,89,54,41,60
170,146,97,60,64,74,77,89,125,178,190,179,159,134,106,93,85,79,78,87,78,49,34,47
172,147,94,53,57,68,71,80,100,123,119,107,91,75,62,56,51,47,45,53,52,35,22,24
172,151,103,64,63,70,71,71,72,72,71,69,66,64,63,53,39,28,22,21,21,17,10,6
163,151,120,91,80,70,63,61,66,78,94,103,104,104,110,98,74,51,37,27,18,12,8,4
106,104,96,87,76,55,44,62,97,129,146,156,160,161,166,159,142,121,99,73,40,19,10,6
38,40,42,46,50,43,38,71,128,165,177,183,189,196,201,196,187,174,158,130,79,36,15,11
3,9,20,36,50,51,38,64,116,145,152,156,161,169,172,170,164,158,150,132,85,40,18,18
7,21,46,70,80,67,38,38,62,76,80,83,86,89,91,88,85,82,79,72,50,25,15,21
18,43,78,100,92,71,35,13,10,12,13,13,14,14,14,14,14,13,12,11,8,4,6,16
37,65,98,110,96,81,44,13,0,0,0,0,1,0,0,0,0,0,0,0,0,0,4,13
62,90,116,117,94,84,51,16,0,0,0,0,0,0,0,0,0,0,0,0,0,0,4,12
94,113,125,113,86,81,51,17,0,0,0,0,0,0,0,0,0,0,0,0,0,0,5,17
127,131,116,91,74,77,48,16,0,0,0,0,0,0,0,0,0,0,0,0,0,0,10,30
147,134,97,64,66,78,48,14,0,0,0,0,0,0,0,0,0,0,0,0,0,0,14,43
137,117,76,49,60,77,45,12,0,0,0,0,0,0,0,0,0,0,0,0,0,0,16,48
118,97,64,47,57,64,35,8,0,0,0,0,0,0,0,0,0,0,0,0,0,0,11,33
101,82,57,47,55,44,19,3,0,0,0,0,0,0,0,0,0,0,0,0,0,0,4,12
93,76,52,42,52,29,8,0,0,0,0,0,0,0,0,0,0,0,0,0,0,0,0,0
