89,70,44,24,17,15,14,15,19,32,76,131,134,80,33,41,97,133,115,86,89,105,127,145
90,70,42,21,16,15,14,17,29,58,110,157,152,96,42,34,74,113,119,93,89,101,117,128
67,53,32,18,15,15,16,30,66,119,162,190,178,132,80,47,50,78,102,92,81,88,103,112
34,29,21,16,15,15,24,61,120,176,192,195,183,159,130,91,57,50,68,74,66,77,100,115
19,18,17,16,17,21,47,106,170,196,184,168,159,160,164,150,104,57,37,44,51,78,113,133
19,17,17,17,22,41,92,149,191,204,197,173,161,167,168,175,150,98,48,35,44,82,117,125
30,24,20,22,38,77,132,166,183,207,211,190,175,171,163,172,176,151,100,56,42,78,120,127
50,40,30,35,65,119,154,161,166,199,205,190,174,162,144,153,178,186,157,96,52,73,118,137
69,60,49,57,96,151,160,148,151,178,177,165,150,136,118,133,170,199,190,128,73,77,115,142
79,79,75,84,117,160,155,137,135,151,144,130,115,103,101,127,173,206,197,137,93,95,121,140
102,100,95,98,120,144,135,121,117,122,119,112,105,104,116,153,197,222,209,155,110,114,142,157
116,111,100,94,99,107,101,97,99,102,105,104,103,107,120,156,197,224,223,187,135,121,139,160
120,110,94,80,72,71,69,74,83,89,101,108,111,114,125,149,182,216,232,212,159,125,125,144
117,102,84,69,58,52,54,63,76,89,112,127,131,132,143,151,174,208,232,222,178,136,115,117
114,96,78,68,62,51,58,72,89,112,142,158,159,157,170,172,184,206,226,225,194,155,119,94
101,88,76,71,69,63,77,98,123,156,171,176,172,166,169,176,183,194,210,223,203,169,123,80
84,74,66,67,74,81,105,124,142,172,179,181,174,162,157,165,169,175,191,214,203,173,124,76
73,64,59,64,79,103,138,150,149,163,173,173,164,153,155,164,163,163,175,196,191,172,132,88
80,71,66,70,82,117,157,166,151,147,162,156,145,146,166,179,170,160,163,174,175,170,147,113
113,104,95,85,79,99,129,146,146,143,148,138,132,145,177,192,173,153,153,160,164,165,154,136
127,118,105,91,76,76,97,122,144,163,169,160,153,160,181,181,144,109,102,108,126,147,151,139
131,120,106,93,79,71,79,100,133,171,182,169,151,144,153,158,119,72,51,52,70,94,106,102
139,128,111,95,85,78,75,85,115,159,162,135,106,92,97,110,86,48,24,20,28,40,48,50
152,142,122,100,89,85,78,80,103,144,124,81,48,40,47,57,48,32,20,17,18,18,19,20
