98,96,90,81,71,50,27,16,15,13,10,12,35,71,97,104,107,108,109,111,105,99,96,95
102,100,90,74,56,35,18,11,11,10,10,13,36,71,97,105,107,108,110,113,108,104,100,99
109,106,90,62,34,19,11,9,8,8,8,13,37,74,100,106,106,106,109,113,113,111,109,108
114,111,89,53,20,10,8,8,8,7,7,13,38,78,104,109,106,105,107,111,114,115,114,115
116,111,88,51,17,9,8,8,8,8,8,13,39,79,107,112,106,101,100,103,108,108,109,114
117,113,89,50,17,10,11,11,9,7,8,14,39,79,106,105,88,72,69,80,90,92,96,108
120,116,92,53,19,21,32,33,23,11,10,14,38,77,103,104,87,65,53,70,80,83,89,100
115,112,90,54,26,42,64,70,53,25,13,13,36,73,99,106,96,72,55,75,79,77,78,84
103,103,85,55,32,60,91,102,82,43,17,13,36,72,98,107,103,82,63,83,80,71,66,67
96,97,83,56,34,65,97,108,91,52,20,16,40,78,103,110,105,83,64,83,78,69,64,63
93,92,79,55,37,67,97,106,89,56,28,25,48,84,107,116,111,90,71,86,84,77,71,67
99,95,84,66,53,73,94,102,95,77,58,56,71,93,108,116,113,100,87,92,92,92,91,88
112,106,94,81,73,81,91,97,96,90,82,83,92,102,107,111,110,104,97,94,97,104,108,107
119,110,98,90,89,92,95,95,93,90,89,93,98,101,103,104,103,99,95,92,96,106,113,113
103,93,86,89,98,106,107,105,100,93,91,92,91,89,92,97,95,90,88,87,91,102,111,110
79,68,68,79,91,99,101,100,99,96,94,97,94,87,86,89,80,74,79,83,91,102,111,113
69,57,59,69,72,83,81,75,70,70,72,80,81,75,75,82,71,64,74,82,89,100,111,117
64,54,57,62,54,67,65,55,47,46,49,58,62,58,60,75,67,63,77,87,90,96,106,115
55,50,57,59,45,58,59,54,50,46,46,49,49,46,49,67,66,68,87,99,97,93,97,107
42,45,57,60,47,55,55,58,61,54,52,54,50,43,45,64,66,72,94,109,105,95,92,99
49,58,72,79,72,72,73,77,79,72,70,72,71,66,68,83,83,84,99,109,107,98,91,90
69,75,88,98,97,95,97,98,98,93,92,94,94,92,92,100,99,98,102,106,106,101,95,91
85,87,95,105,109,108,110,110,108,108,108,110,110,109,107,110,110,107,102,99,102,102,101,101
88,88,94,103,109,107,107,107,108,110,113,115,116,115,111,114,116,110,99,92,96,101,106,112
