150,127,125,151,176,160,165,165,154,145,135,120,116,124,132,127,122,134,151,126,100,98,113,128
145,127,127,148,167,155,159,157,148,143,133,122,120,128,133,128,124,135,149,128,106,104,117,128
125,126,130,132,131,132,130,127,126,129,127,129,132,134,132,128,129,132,132,131,129,128,128,127
106,126,138,127,107,121,114,103,105,123,125,139,152,152,142,131,139,138,128,144,154,152,140,129
103,128,152,151,128,145,133,108,104,136,131,149,175,183,166,136,149,160,152,167,165,157,145,135
101,127,152,149,123,141,129,104,101,134,130,150,175,182,165,136,149,159,149,166,167,159,146,134
109,127,137,127,110,121,115,106,108,123,125,138,149,149,139,130,136,136,127,142,151,148,138,129
116,127,132,126,115,122,119,114,115,124,125,133,140,139,134,128,132,132,126,135,141,140,134,128
109,127,142,138,120,132,125,110,109,130,128,142,157,161,150,133,141,146,139,151,154,149,140,132
90,127,149,130,93,118,105,84,88,121,125,151,175,176,157,135,149,150,131,162,178,172,151,133
99,126,134,109,81,99,92,86,95,111,120,139,149,143,131,128,136,127,110,137,161,161,143,127
112,126,128,115,100,109,106,105,111,117,122,131,135,131,126,127,130,124,114,129,143,144,134,126
125,126,120,113,112,112,114,120,125,119,123,123,117,113,115,124,122,116,113,116,125,127,126,124
131,125,106,92,96,92,98,119,129,108,119,112,94,82,91,118,111,95,91,94,112,119,119,119
125,125,99,71,69,67,75,104,121,95,113,109,85,65,76,115,107,80,70,82,114,126,121,115
135,125,98,81,89,81,91,120,133,102,116,106,80,65,78,115,105,83,80,82,103,114,115,116
143,125,99,89,106,93,104,132,141,109,119,104,78,65,81,115,104,87,89,82,95,105,111,116
143,126,108,108,125,113,121,139,143,119,124,110,92,86,98,119,110,102,108,97,99,105,113,120
138,127,129,144,155,149,150,147,140,139,132,125,126,132,134,128,126,135,144,131,115,113,121,129
133,128,150,178,185,184,179,154,137,158,140,140,160,178,170,137,143,168,180,164,131,121,129,137
138,128,145,175,186,181,178,158,142,156,139,136,150,167,163,135,138,162,176,156,123,115,125,135
141,127,134,157,172,164,165,156,144,147,135,127,132,143,144,130,130,145,158,139,114,110,121,131
124,127,135,141,139,141,138,129,125,134,130,132,140,145,141,130,133,140,141,140,133,130,130,130
94,127,148,132,100,122,110,90,93,123,125,149,171,174,155,134,147,150,133,159,173,167,149,132
