102,99,86,72,72,87,82,91,123,153,117,118,119,117,152,159,139,110,89,80,93,98,86,67
138,135,121,107,107,122,118,120,133,143,127,115,116,125,132,130,136,136,124,116,129,134,123,108
125,126,138,150,151,137,140,138,123,111,129,136,135,130,118,118,118,124,136,143,131,128,137,150
81,87,129,174,175,128,139,137,104,79,124,163,161,129,117,126,100,90,121,147,106,92,124,168
64,71,118,168,169,116,128,129,97,76,121,169,166,127,122,135,98,77,109,138,92,76,112,160
63,68,103,141,142,102,111,115,101,94,118,160,157,124,133,146,107,78,97,119,84,72,98,132
65,68,89,111,111,88,93,101,104,114,116,149,147,119,144,157,117,81,85,98,77,70,84,102
101,103,112,122,122,112,114,117,117,120,122,136,136,124,133,138,122,108,110,116,107,104,110,119
136,136,134,133,133,135,134,133,129,125,129,125,125,128,122,120,126,133,134,134,135,136,135,134
111,109,96,82,82,96,92,99,125,149,119,118,119,119,146,151,137,117,98,90,102,107,96,79
73,72,69,66,66,69,67,79,112,146,112,129,129,113,160,173,135,89,70,67,70,72,67,57
61,61,61,62,62,61,60,74,108,144,110,134,133,112,163,179,133,80,62,62,61,61,59,52
87,85,76,66,66,77,73,84,118,151,115,124,124,115,156,167,138,100,78,72,81,85,75,59
126,121,97,72,72,98,92,98,132,162,121,108,110,119,148,149,145,128,102,87,110,118,98,70
131,127,101,73,73,102,95,101,134,163,122,106,108,120,146,147,146,133,106,90,115,124,103,73
119,116,97,77,77,98,93,99,129,156,121,113,114,119,146,149,141,123,101,89,107,114,98,75
155,153,140,126,126,140,137,135,137,138,131,113,115,129,122,115,133,148,142,134,147,151,142,130
189,188,181,174,174,182,181,169,145,119,141,115,116,139,97,82,125,171,182,178,185,187,185,184
190,190,190,190,190,190,191,177,144,109,142,120,121,141,91,75,120,171,190,190,190,190,193,199
190,190,187,184,184,187,188,175,145,113,142,118,119,140,93,77,121,171,187,186,189,189,190,194
191,187,165,141,140,165,161,153,150,141,138,103,105,134,109,94,136,174,169,155,177,185,170,150
179,176,154,130,130,155,150,144,146,144,135,104,106,132,115,104,137,166,158,145,166,173,158,138
140,141,148,155,155,147,150,145,128,113,131,130,130,132,114,110,120,135,146,151,144,141,147,158
90,97,138,182,183,137,148,144,106,76,126,162,160,132,112,119,99,96,129,156,115,101,134,179
