186,151,97,75,117,173,190,191,190,188,171,113,70,63,64,71,121,170,172,119,131,129,95,55
180,151,103,83,120,169,183,185,188,188,172,115,72,63,66,75,119,164,168,120,128,125,93,56
152,149,132,122,139,147,143,153,176,188,178,128,81,67,84,96,111,132,146,128,116,103,83,62
136,148,148,144,150,135,121,136,170,188,182,136,87,70,95,109,106,113,134,132,109,91,77,66
155,150,129,118,137,150,147,157,177,188,178,127,80,67,82,94,112,136,149,127,117,105,84,61
131,148,153,151,153,132,114,130,168,188,183,138,88,70,97,112,105,109,131,133,106,86,76,67
110,147,174,179,167,116,85,108,160,189,188,147,95,73,109,128,99,85,116,139,97,70,67,70
98,142,180,189,169,107,73,95,147,176,179,150,106,86,122,139,100,76,106,140,96,70,75,86
89,130,172,185,160,100,71,86,123,143,150,147,129,117,142,152,110,79,99,138,104,86,99,119
79,118,165,182,150,91,67,76,97,109,121,144,152,149,163,165,119,80,92,136,112,103,125,153
89,130,172,185,159,99,70,86,122,142,149,147,130,118,143,152,110,79,99,138,104,87,100,119
79,118,166,183,150,90,66,75,97,109,121,144,152,148,163,166,119,80,91,137,112,102,125,153
86,107,142,157,129,94,86,83,78,76,89,134,169,177,173,166,134,100,96,131,126,130,155,183
117,116,121,125,118,118,123,117,104,97,101,124,147,155,145,139,135,127,119,125,133,140,148,157
137,139,133,128,135,135,131,138,152,160,155,129,104,95,106,113,118,126,135,128,120,112,102,93
111,143,167,172,161,116,90,109,153,176,177,145,102,84,114,130,104,91,116,137,101,80,79,82
103,128,154,163,147,109,91,101,123,135,140,139,129,122,137,143,117,97,109,134,113,102,111,123
121,123,128,130,126,123,122,121,119,118,120,127,133,135,133,132,128,124,123,127,127,128,131,135
142,138,125,120,130,139,139,143,152,157,151,126,104,97,103,109,120,133,139,126,123,118,106,94
132,144,147,145,148,132,118,132,162,178,173,135,94,80,101,114,109,113,131,131,111,95,85,76
150,130,106,97,113,144,157,152,139,132,126,117,116,119,110,108,131,151,144,121,135,141,131,117
155,114,77,67,87,147,178,158,111,84,81,105,142,161,127,112,150,174,147,114,154,178,173,161
156,116,79,69,89,148,178,159,115,91,87,105,138,154,123,110,148,173,148,114,153,174,167,154
166,134,94,80,107,156,176,169,151,141,131,112,105,108,96,94,133,166,156,118,139,147,128,104
