177,164,159,170,186,182,187,196,189,158,159,179,192,187,164,133,121,130,145,145,149,161,160,140
167,153,147,159,179,176,180,186,177,148,147,167,176,167,154,141,140,151,161,158,163,175,177,168
151,140,139,152,170,171,175,175,159,128,122,142,149,141,148,153,162,173,178,172,179,191,200,202
148,142,144,154,163,167,176,174,152,115,103,118,120,112,133,152,167,177,180,172,180,194,208,216
170,163,162,163,161,164,180,186,167,127,111,117,108,89,106,133,154,164,164,154,164,180,195,203
194,183,176,175,176,176,183,192,190,170,158,162,153,130,122,135,150,159,157,145,155,169,183,193
200,190,184,185,186,175,175,182,191,195,188,188,185,168,140,135,154,170,167,154,159,164,162,157
194,187,183,183,182,165,163,169,177,185,177,174,173,166,143,135,152,169,170,161,160,154,141,131
183,180,176,173,171,157,155,157,157,154,146,144,143,141,137,135,142,151,155,156,158,151,141,134
172,170,167,166,165,157,150,145,139,133,134,136,137,135,133,130,130,131,133,144,163,172,170,165
149,151,154,154,151,146,137,132,133,133,137,136,133,128,119,118,122,129,138,151,175,193,200,200
139,146,150,151,149,148,140,134,132,130,127,118,108,101,101,113,124,135,145,149,162,180,195,199
149,155,157,156,154,153,146,137,128,118,105,93,85,85,94,113,130,141,144,138,142,153,165,170
174,173,169,164,158,155,147,136,123,106,84,73,76,87,100,114,133,143,139,132,134,137,137,135
196,192,181,167,156,150,143,134,123,106,81,69,74,90,103,114,131,141,139,141,146,145,134,121
193,191,182,169,154,144,139,134,125,113,99,92,92,96,100,110,133,153,158,156,153,149,143,136
188,186,178,166,153,144,139,136,131,122,115,113,113,113,113,121,143,165,175,170,158,150,146,145
177,177,172,163,158,152,148,146,142,129,123,124,124,124,129,138,154,170,177,172,161,153,151,152
159,164,164,162,165,165,164,163,157,138,131,129,126,127,139,152,163,170,172,167,162,158,157,157
146,151,153,155,162,169,175,180,177,162,150,143,139,141,155,169,176,178,177,173,165,155,146,142
159,158,150,143,150,163,173,181,183,175,158,148,152,166,178,183,183,182,180,176,158,141,129,124
154,152,142,134,139,152,162,171,175,171,153,139,149,174,181,169,153,144,141,138,116,94,83,81
125,124,120,118,124,136,146,155,160,158,144,132,141,160,155,129,101,85,82,81,63,46,39,40
97,96,94,96,107,120,132,141,147,148,141,137,139,138,119,89,62,47,43,42,35,28,25,27
