103,101,99,100,103,108,109,107,106,107,110,109,106,102,102,104,106,106,106,108,106,101,97,97
106,104,102,102,104,107,107,106,107,110,112,111,108,104,104,106,107,107,107,109,108,103,100,99
110,107,104,102,102,104,104,105,110,113,115,113,110,107,107,109,110,111,110,110,109,106,103,102
107,104,99,95,95,97,100,106,113,116,115,112,110,109,109,110,113,115,114,111,109,108,106,104
96,93,87,83,84,89,97,106,113,114,111,109,108,107,106,108,113,116,115,111,109,108,106,105
82,80,78,77,80,86,92,98,103,104,103,103,101,100,100,102,106,110,110,108,106,104,102,102
81,80,78,78,80,84,88,91,93,94,96,97,97,96,96,97,99,102,101,99,97,96,96,96
84,84,84,84,84,86,88,89,90,92,94,95,96,96,98,98,99,99,99,97,95,95,95,94
86,88,89,89,87,87,88,90,92,95,95,96,97,99,101,102,103,103,103,102,101,100,99,97
90,90,90,89,86,86,87,90,94,97,97,97,98,100,102,104,105,106,106,106,105,104,101,98
107,103,99,95,91,91,92,94,98,102,102,103,104,104,104,104,105,106,107,108,108,107,103,100
127,121,112,103,96,94,94,96,98,101,103,104,104,102,100,101,102,103,104,105,109,109,107,104
146,141,131,118,107,101,99,99,100,103,106,107,105,101,99,101,104,105,105,105,109,110,108,106
164,160,151,138,125,115,109,106,107,110,112,111,109,106,104,106,110,111,110,109,109,108,106,104
180,176,167,156,143,133,123,117,113,112,112,112,111,111,111,111,112,113,113,110,108,106,104,102
194,190,181,170,159,150,140,131,124,118,115,115,115,114,112,109,107,108,108,106,104,104,104,103
201,198,191,182,173,165,157,147,138,129,124,121,118,114,110,106,103,103,104,104,104,106,107,106
197,195,192,187,182,177,169,160,151,142,136,130,124,118,113,108,104,103,103,103,105,107,108,106
179,180,181,182,183,181,175,168,160,152,147,142,136,129,123,117,112,109,105,103,104,106,105,103
151,152,157,163,171,173,173,169,165,159,155,151,146,140,135,132,125,118,111,106,104,102,101,100
133,133,135,140,147,153,158,160,161,160,159,158,154,148,143,141,137,130,120,111,105,102,100,100
136,135,133,132,133,135,139,143,147,149,150,151,150,147,143,142,140,135,126,114,106,102,102,103
142,141,138,134,131,128,128,130,133,135,137,140,140,138,136,134,133,130,124,113,106,104,106,107
136,136,136,136,135,132,130,129,130,129,131,133,133,131,128,127,125,120,114,110,107,108,109,110
