166,172,187,202,203,179,154,145,149,152,150,129,115,126,162,189,186,159,121,86,77,94,129,163
174,180,189,195,188,166,149,144,148,151,156,138,119,125,160,189,195,176,139,96,77,85,115,147
181,187,192,191,182,170,164,165,169,171,177,156,129,124,157,188,202,192,157,108,78,74,95,121
191,197,201,200,195,194,194,195,195,192,190,165,134,125,156,188,205,200,169,120,83,69,80,100
207,211,217,220,220,222,214,206,200,190,175,151,130,128,160,191,208,203,175,131,95,76,77,90
207,209,218,228,234,231,215,198,187,180,162,141,127,133,167,199,215,210,184,143,114,90,82,91
182,184,196,210,217,218,207,196,193,195,181,156,135,136,170,204,221,215,188,150,128,108,95,95
173,175,184,196,206,212,211,209,209,208,196,169,143,138,169,204,222,217,191,154,137,124,112,102
194,193,195,203,213,219,223,224,222,211,192,166,142,137,167,201,220,216,191,156,140,135,126,111
217,217,217,220,224,225,224,226,223,205,176,148,130,133,164,198,218,214,189,156,140,138,132,118
192,197,206,216,226,232,230,223,208,180,153,132,121,129,160,195,215,213,190,158,138,135,132,121
199,204,213,224,232,234,229,220,205,183,168,149,132,129,157,191,213,214,193,161,139,135,135,129
221,222,227,232,233,229,225,222,215,203,195,176,148,131,154,186,208,211,193,162,139,134,137,137
229,227,224,220,217,210,208,210,209,200,194,176,148,130,151,179,198,202,190,162,137,130,134,138
205,198,188,181,178,168,161,158,154,144,138,129,119,120,146,172,187,191,184,160,133,123,127,131
150,145,139,135,132,125,121,119,117,115,114,110,106,113,138,162,174,178,173,153,128,123,130,135
118,117,115,117,122,126,132,136,139,142,143,137,124,116,132,153,168,173,169,151,133,131,137,138
125,125,127,134,148,164,177,184,187,188,186,172,145,123,131,152,169,176,170,153,138,136,137,133
161,162,164,170,184,200,210,214,211,204,196,178,148,125,134,158,175,180,171,151,133,129,128,123
201,200,196,191,189,191,190,184,175,165,160,147,130,121,138,162,179,180,166,141,122,115,113,110
192,192,190,185,180,177,176,168,157,149,148,140,128,124,142,167,181,179,162,138,123,118,115,111
165,169,175,180,180,180,186,189,184,178,177,167,149,135,146,167,178,172,153,129,117,113,112,110
173,179,190,198,198,192,199,209,216,211,200,183,160,144,150,164,167,157,138,119,114,115,117,115
217,223,229,230,220,201,194,204,218,214,191,165,147,143,153,160,155,142,127,117,122,130,133,129
