104,106,127,161,189,185,156,117,85,77,97,133,172,193,185,196,198,186,165,141,126,115,106,96
111,109,126,159,190,195,174,135,95,76,87,119,158,186,182,194,197,189,172,153,140,129,119,109
127,118,126,156,189,203,191,154,107,76,75,97,137,172,179,195,204,200,188,175,165,156,144,131
138,124,129,156,188,206,199,165,118,80,70,81,118,160,178,202,219,222,212,200,191,182,167,152
133,123,131,159,192,208,202,171,128,92,74,77,109,154,179,208,233,244,238,225,212,198,181,165
130,123,135,166,200,216,210,180,141,111,88,82,109,150,170,194,229,250,249,241,228,210,191,179
139,129,138,169,204,221,214,185,149,125,106,94,108,136,146,163,207,244,253,250,241,224,202,186
151,136,140,169,204,222,216,187,153,134,124,110,109,120,122,132,174,221,247,251,247,233,210,191
151,136,140,167,201,221,215,188,156,138,135,123,112,108,109,114,141,183,223,240,241,233,213,193
133,126,136,165,199,219,212,186,156,138,139,130,115,104,106,108,118,143,179,209,222,220,205,187
120,117,130,160,195,216,212,188,157,137,136,131,117,104,104,107,110,119,135,158,176,182,175,164
137,127,131,156,191,214,213,190,160,137,136,135,123,108,103,106,108,111,115,124,134,140,139,134
160,141,134,152,187,209,210,191,161,137,135,137,131,116,102,102,105,108,110,112,113,114,115,113
160,141,133,150,181,199,202,188,161,135,131,135,134,121,100,95,99,104,108,111,110,110,109,108
122,116,122,145,173,187,192,183,159,131,124,128,129,119,98,89,93,100,106,111,113,114,114,115
106,104,114,137,163,174,178,171,151,126,124,131,131,119,99,94,98,105,111,119,127,132,133,132
130,121,118,131,154,168,173,167,151,131,133,137,132,117,102,101,106,112,121,134,147,154,154,149
160,141,126,130,153,170,176,169,153,136,138,137,128,114,106,108,113,123,139,155,166,170,165,156
162,142,128,134,158,176,180,170,151,132,130,127,120,112,112,115,123,137,156,169,172,169,159,148
137,126,123,137,162,180,179,164,140,120,116,113,110,111,117,127,140,151,154,152,149,145,137,127
133,125,126,142,166,181,178,160,137,122,117,114,112,114,119,132,145,153,152,148,148,150,146,138
158,145,137,146,167,178,171,151,128,116,113,111,111,115,119,128,141,151,156,154,155,158,156,149
169,156,145,149,164,167,156,137,119,113,116,116,116,119,126,135,143,151,155,152,150,149,147,141
147,143,144,153,161,155,141,126,117,122,132,132,128,129,138,152,156,153,148,140,133,129,124,120
