127,128,129,129,128,129,130,130,129,129,129,129,129,128,126,125,126,126,126,126,126,126,125,124
128,128,129,129,128,129,130,130,129,130,129,129,129,128,127,127,126,126,126,126,126,126,125,124
128,128,129,129,129,130,130,129,129,129,129,129,129,129,129,127,126,126,126,126,126,125,125,124
128,128,129,130,130,131,130,130,129,129,129,129,129,129,129,127,126,126,126,126,126,126,125,124
128,129,130,131,131,131,132,131,130,129,129,129,129,129,128,126,126,126,126,126,127,127,126,125
129,133,133,132,133,134,136,136,132,127,127,129,130,130,129,127,126,126,126,127,127,127,126,125
127,139,139,134,137,135,145,151,141,117,115,123,130,131,129,128,127,127,127,127,127,127,126,125
120,135,137,135,145,142,140,141,133,111,110,127,139,137,130,129,128,127,127,127,127,127,126,125
121,135,138,135,144,141,128,122,124,123,126,143,154,149,134,130,128,127,127,127,127,126,126,125
135,153,152,135,125,124,127,136,146,149,153,152,154,156,146,136,130,127,126,126,126,125,125,125
113,123,123,124,142,154,148,149,151,130,123,112,122,152,171,152,135,128,126,126,125,125,124,124
111,124,129,129,141,156,140,129,122,101,98,97,118,162,200,183,153,132,126,126,125,124,124,124
122,143,150,137,125,133,128,130,127,104,109,117,137,173,214,204,167,136,126,126,126,125,124,124
123,143,148,133,119,126,132,149,155,125,133,141,146,163,200,200,167,136,127,126,126,126,125,124
99,103,104,114,143,169,148,133,130,115,119,121,114,120,165,180,155,129,126,126,126,126,126,125
104,116,126,130,133,148,126,106,104,112,126,112,103,120,158,181,155,127,125,126,126,126,125,124
135,159,180,174,146,137,124,124,132,135,147,120,105,125,159,187,159,127,124,126,126,125,125,125
161,184,203,197,168,149,141,150,157,140,135,111,97,113,154,191,164,129,123,126,126,125,125,125
149,155,161,161,156,149,141,138,129,104,86,75,73,93,149,194,171,134,124,126,126,126,125,125
77,77,77,78,78,76,75,73,69,61,56,54,63,100,172,205,180,143,128,127,126,126,126,125
53,53,52,52,53,53,53,53,52,50,50,49,65,114,194,206,183,153,135,128,126,126,126,126
49,48,48,48,49,48,49,49,49,48,49,49,61,104,175,180,164,147,135,128,127,126,126,126
49,48,48,48,49,48,49,49,49,48,49,49,54,78,126,138,137,135,132,128,127,126,126,126
49,48,48,48,49,48,49,49,49,48,49,49,50,60,85,107,123,130,129,128,127,126,126,127
