125,125,125,124,123,124,123,123,123,123,124,125,125,124,124,124,123,123,123,124,125,125,124,123
125,125,125,124,124,124,123,123,123,123,124,125,125,124,123,123,123,122,123,124,125,125,124,123
125,124,124,123,123,124,123,123,123,123,123,124,124,124,123,123,122,122,122,124,124,124,123,123
123,123,122,122,122,122,122,122,122,122,123,123,124,124,123,123,122,122,122,123,123,123,122,122
122,122,122,122,122,121,121,121,122,122,122,123,123,123,123,123,122,121,121,122,122,122,122,121
121,121,121,121,121,121,120,121,121,122,123,123,123,123,123,123,122,121,121,121,121,121,121,121
121,121,121,120,120,120,120,120,121,121,122,122,122,122,122,122,121,121,120,121,121,121,121,121
121,120,120,120,120,120,120,120,120,121,121,122,122,121,121,121,121,120,120,121,121,121,121,121
120,119,119,120,120,120,120,120,120,121,121,121,121,121,121,120,120,120,120,121,120,121,121,120
119,119,119,119,119,119,119,119,120,121,121,122,122,121,120,120,120,120,120,121,121,120,120,120
119,119,119,119,119,119,119,119,120,120,120,121,121,120,120,120,120,120,120,120,120,120,120,120
119,119,118,119,119,119,119,119,120,120,120,120,120,120,119,119,119,119,119,119,119,119,119,119
119,118,118,118,119,119,119,119,120,120,120,120,120,120,119,119,119,119,118,118,118,119,119,119
118,118,118,118,119,118,118,119,120,120,119,119,120,119,118,118,118,118,118,118,118,118,119,118
117,117,117,117,118,118,118,118,119,118,118,119,119,119,118,117,118,118,117,118,118,118,118,117
117,117,117,117,117,117,118,118,118,117,117,118,118,118,118,117,118,118,117,117,117,117,117,116
117,117,117,117,117,117,117,118,118,117,117,118,118,117,117,117,117,117,117,117,117,117,116,116
117,117,117,117,117,117,117,118,117,117,117,118,118,117,117,117,117,117,117,117,117,116,116,116
117,117,118,118,117,118,118,118,117,116,117,118,118,118,117,117,117,117,117,117,117,116,116,116
117,118,118,118,117,117,117,117,117,117,117,117,117,117,118,117,116,116,117,117,116,117,117,116
117,118,118,118,117,117,117,117,117,118,117,117,117,117,117,117,116,116,117,117,117,117,117,117
117,118,118,118,117,117,117,117,118,118,118,117,117,117,117,117,117,117,117,117,117,117,117,117
118,118,118,118,118,117,117,118,118,118,118,118,117,117,118,117,117,117,117,117,116,117,117,116
119,119,119,118,118,118,119,119,118,119,119,118,118,118,118,117,118,118,117,116,117,117,117,116
