111,112,113,116,118,119,120,120,120,119,119,118,118,118,119,119,119,119,119,121,121,120,120,121
111,112,113,116,117,119,119,119,119,119,119,118,118,118,118,119,119,119,119,120,120,120,120,120
111,112,114,116,117,118,119,119,119,119,118,118,117,118,118,118,118,118,119,119,119,119,119,120
111,112,114,116,117,118,118,118,119,119,118,117,117,117,118,118,118,118,118,119,118,118,118,119
110,111,113,116,117,117,118,118,118,119,118,117,117,117,117,117,117,117,118,118,117,118,118,118
110,111,113,116,117,118,118,118,119,119,118,117,117,117,117,117,117,117,118,118,117,117,118,118
111,111,113,116,117,118,118,118,119,119,119,118,117,117,118,117,117,118,118,117,117,117,118,118
111,112,113,116,117,118,118,118,119,119,119,118,117,118,118,117,117,118,118,117,116,117,118,118
111,112,114,116,117,118,118,118,119,119,118,118,118,118,118,117,117,117,118,117,117,117,117,117
111,112,114,117,118,118,118,118,119,119,118,117,117,118,118,117,117,117,117,117,118,117,117,117
111,112,114,117,119,118,118,118,119,120,118,118,118,118,118,118,118,118,117,118,118,118,118,117
111,112,114,117,118,118,118,118,119,120,118,118,118,119,118,118,118,118,118,118,118,118,118,118
111,111,114,117,118,118,118,119,119,120,119,118,118,118,118,118,118,118,118,118,118,119,119,118
110,111,114,117,118,118,118,119,120,119,119,118,118,118,117,118,118,118,118,118,119,119,119,118
110,111,114,117,118,117,118,119,120,119,118,118,118,117,117,118,118,117,117,118,118,118,118,118
110,111,114,116,118,118,118,118,118,118,117,118,118,117,117,118,117,117,117,119,119,118,118,118
109,111,113,115,118,119,118,118,118,118,117,117,117,116,117,117,118,118,118,118,119,118,118,118
109,110,113,115,118,119,118,118,117,118,117,117,117,116,117,117,117,118,118,118,118,118,118,118
109,110,113,116,118,118,118,117,117,117,118,118,118,117,117,117,117,117,118,117,118,118,118,118
109,110,112,115,118,117,117,117,117,117,118,118,118,118,118,118,117,117,118,118,118,118,118,119
110,111,112,115,118,117,117,117,117,117,118,118,119,119,119,118,118,118,118,118,118,118,118,119
110,110,112,115,117,117,117,117,117,117,118,118,118,119,119,118,118,118,118,118,118,118,119,119
109,110,112,115,117,117,117,117,117,117,118,118,118,118,119,118,118,118,119,118,118,118,119,119
109,110,112,115,118,118,118,118,118,118,118,119,119,119,119,118,118,118,119,119,118,118,118,118
