115,116,118,118,118,117,117,117,116,116,117,117,117,116,117,116,115,115,116,116,115,113,113,113
116,116,117,118,118,117,116,116,115,116,116,117,116,115,116,116,115,115,115,115,114,113,113,113
116,116,116,117,117,116,115,115,115,116,116,116,116,115,115,116,115,115,115,114,113,113,113,113
116,116,116,117,117,116,115,114,115,116,116,116,116,115,115,115,115,115,115,114,113,113,112,111
115,115,115,116,116,115,114,114,115,116,116,116,116,116,115,115,115,115,115,114,114,113,111,110
114,114,115,115,115,115,114,114,115,115,115,115,115,115,114,114,115,115,114,114,113,112,111,110
113,114,114,114,115,115,114,114,115,115,115,115,115,115,114,113,114,114,114,114,113,112,111,110
113,114,114,114,115,115,114,114,115,115,115,115,115,114,114,113,113,114,114,114,113,112,111,110
114,114,114,114,115,114,114,114,114,114,114,114,114,114,113,113,113,113,113,113,112,111,110,110
114,114,114,114,115,114,113,113,114,114,114,114,114,114,114,113,113,113,112,112,111,110,110,110
114,114,114,114,114,114,113,113,114,114,115,114,114,114,114,113,113,113,112,111,111,110,110,110
113,113,114,114,114,114,113,114,115,115,115,115,115,115,114,113,112,112,111,111,111,110,110,110
113,113,113,114,114,114,114,114,115,115,116,116,115,114,114,113,112,112,111,111,111,110,110,110
113,113,113,113,113,114,114,114,114,115,116,116,115,114,113,113,113,112,111,112,111,110,110,110
113,113,113,113,114,114,114,114,113,114,115,115,115,114,113,113,113,113,112,112,111,110,110,110
114,114,114,114,114,114,113,113,113,114,115,115,115,115,114,113,113,113,112,111,111,110,110,110
114,114,114,114,114,114,113,113,113,114,115,115,114,114,114,113,113,113,112,111,111,110,110,110
114,114,114,114,114,114,113,113,113,113,114,114,113,113,114,113,113,112,112,111,110,110,110,110
114,113,113,114,114,114,113,112,112,112,113,113,113,112,113,113,112,112,112,111,110,110,109,109
114,113,113,114,114,113,112,112,111,111,112,112,112,113,113,112,112,112,112,111,111,110,110,109
114,113,113,114,114,113,112,112,111,112,112,112,112,112,113,112,112,112,112,111,110,110,109,109
114,114,114,114,114,113,112,111,111,112,112,112,112,112,112,112,111,112,112,111,110,109,109,109
114,114,114,114,114,113,112,112,111,112,112,112,112,112,112,111,111,111,112,111,110,109,108,109
114,114,114,114,113,113,112,112,112,112,112,112,112,111,111,111,111,111,111,111,110,109,109,108
