118,117,117,118,119,119,120,121,122,123,123,123,118,111,108,101,86,69,55,51,50,49,49,49
117,117,117,118,119,120,121,121,122,122,123,124,119,108,97,89,83,71,56,50,49,49,48,48
115,116,117,117,119,120,121,121,121,122,123,124,119,104,83,77,84,80,59,50,49,48,48,48
115,116,116,117,119,120,121,121,121,122,123,123,118,100,73,72,90,90,63,51,49,49,48,48
116,116,117,117,118,120,120,120,121,121,122,123,115,96,69,72,94,94,66,52,50,49,49,49
116,117,117,118,118,119,120,120,121,121,122,121,111,90,65,67,87,88,64,51,49,49,48,48
115,116,118,119,118,119,120,120,120,121,121,116,100,77,59,61,75,76,60,50,49,48,48,48
115,116,118,119,118,119,119,120,119,118,116,105,85,64,55,56,64,65,55,50,49,49,48,48
116,117,118,119,119,119,119,118,115,111,105,90,72,58,55,55,58,58,52,49,50,50,49,49
116,117,119,119,119,120,119,115,108,101,91,78,66,58,55,56,58,56,52,49,50,49,49,49
115,116,118,120,121,120,119,115,107,98,88,79,69,59,55,57,59,57,52,49,49,49,48,48
115,116,118,120,121,120,119,117,110,100,94,87,73,58,54,56,58,57,52,50,50,49,49,49
115,116,119,120,120,119,120,119,114,103,100,92,74,57,53,54,56,55,51,50,50,50,49,49
117,118,123,127,127,121,122,126,124,113,105,90,70,54,52,53,55,54,51,49,50,49,49,49
119,125,139,153,155,137,133,141,147,132,108,82,63,53,52,53,53,52,50,49,49,49,48,48
125,140,172,201,208,186,160,149,144,126,96,71,57,53,53,54,53,51,50,49,50,51,52,52
132,154,196,232,242,229,204,182,164,145,118,82,60,54,53,53,53,52,51,51,54,62,73,82
149,163,199,236,251,251,241,222,199,174,139,92,61,54,53,53,53,52,51,52,57,69,89,107
183,178,191,217,243,251,249,235,209,172,125,82,58,54,54,53,52,52,52,52,56,66,86,105
227,212,194,194,221,238,227,192,145,104,76,61,54,53,53,54,53,52,52,52,53,59,69,79
248,240,219,198,192,196,172,133,97,72,60,54,53,52,53,54,53,53,53,52,53,56,61,65
254,252,241,218,186,153,121,94,74,62,57,55,53,53,53,53,53,53,53,53,53,54,56,58
254,254,252,236,192,126,93,79,71,64,63,59,55,53,53,53,53,53,53,53,53,53,54,55
254,253,254,239,194,119,88,80,77,71,73,66,57,53,52,52,52,52,53,53,53,53,54,55
