50,49,49,49,50,49,50,50,50,49,50,50,50,58,79,102,120,128,129,128,127,126,126,127
49,49,48,49,49,48,49,49,49,48,49,49,50,56,72,97,120,130,129,127,128,127,127,128
49,48,48,48,49,48,49,49,49,48,49,49,50,54,64,86,112,127,128,127,128,128,128,128
49,49,48,49,49,48,49,49,49,48,49,49,50,53,60,72,96,116,125,127,128,128,128,127
50,49,49,49,50,49,50,50,50,49,50,50,51,54,58,61,77,100,119,126,128,128,128,127
49,48,48,48,49,48,49,49,49,48,49,49,50,53,56,57,65,85,110,123,127,128,128,127
49,48,48,48,49,48,49,49,49,48,49,49,50,52,55,55,59,73,97,119,127,129,129,128
49,49,48,49,49,49,49,49,49,49,49,49,50,52,55,55,56,65,86,112,124,129,129,129
50,49,49,49,50,49,50,50,50,49,50,50,51,53,56,55,55,60,76,101,117,125,128,130
50,49,49,49,50,49,50,50,50,49,50,50,51,53,56,55,55,58,68,89,107,119,129,136
49,48,48,48,49,48,49,49,49,48,49,49,50,53,55,55,56,59,68,88,111,134,155,170
50,49,49,49,49,49,49,50,49,49,49,49,50,52,54,55,56,59,68,91,126,163,194,213
50,49,49,49,50,49,50,50,50,49,50,49,50,51,53,55,56,58,66,88,135,185,221,236
50,49,49,49,50,49,49,50,50,49,50,49,49,51,53,54,55,56,61,80,135,191,225,233
49,49,48,49,50,49,49,50,49,48,49,49,49,51,53,54,54,55,61,80,139,193,220,222
54,54,54,56,57,56,56,56,54,51,50,49,49,51,53,54,54,55,62,85,151,207,230,227
88,90,97,104,109,106,103,96,83,65,54,50,50,51,53,53,54,55,65,93,165,221,242,238
118,123,134,148,156,151,143,127,101,72,56,51,52,53,53,53,53,55,67,102,175,228,247,244
116,121,132,145,154,150,138,116,88,64,55,52,53,54,53,52,52,55,68,109,180,228,244,242
85,88,95,104,109,106,94,78,63,55,53,53,53,54,52,52,52,54,67,109,181,229,244,242
68,68,73,81,89,88,76,63,55,53,53,53,54,54,53,53,53,55,68,113,189,236,249,249
58,59,61,66,73,74,66,58,54,53,53,54,54,53,53,53,53,56,73,127,202,243,253,252
55,55,56,59,61,62,59,55,53,53,54,54,54,53,53,53,54,58,80,140,213,248,254,253
55,54,55,56,57,57,56,54,53,53,55,55,54,53,53,54,55,60,83,144,216,249,253,253
