223,230,237,240,241,243,246,247,246,245,242,240,235,227,215,212,213,208,197,191,196,202,193,175
186,194,204,210,211,219,229,234,231,227,221,219,215,209,199,199,202,198,188,181,185,191,184,168
146,152,159,164,167,180,197,203,196,185,177,175,173,169,162,163,166,164,156,150,153,158,156,145
125,126,128,131,135,147,163,167,159,145,137,135,134,131,125,125,125,123,119,116,117,121,123,119
121,121,122,124,127,132,141,145,143,136,131,126,122,117,111,107,104,101,99,98,100,103,106,108
114,114,116,120,125,130,136,144,152,157,156,146,132,119,109,103,98,95,94,94,97,101,105,108
106,106,109,115,121,127,134,145,160,173,179,172,155,136,117,105,98,94,94,96,99,102,105,108
99,99,101,106,112,119,127,139,156,174,187,184,173,159,142,126,113,104,100,100,101,102,103,105
93,93,94,97,102,110,118,127,140,157,173,175,175,178,177,166,147,128,114,107,102,99,98,98
89,90,93,99,107,115,120,124,128,136,146,152,164,183,203,207,193,169,142,120,103,93,89,88
100,107,119,135,151,160,162,161,156,150,145,143,153,176,204,218,217,203,183,156,124,98,85,84
158,165,178,191,204,208,208,204,197,187,177,168,166,171,184,195,202,205,200,184,153,117,93,85
211,217,223,230,236,237,235,231,224,216,207,197,187,178,172,170,173,179,184,182,163,135,109,94
232,235,238,241,242,243,242,238,232,225,218,211,202,192,180,166,157,154,154,154,148,142,128,111
230,235,239,243,244,245,244,241,236,230,222,214,208,202,193,182,170,158,146,134,129,137,141,134
226,232,240,245,246,247,245,243,239,234,226,219,213,207,201,193,184,174,163,148,136,135,138,137
226,232,239,244,247,247,245,243,240,236,230,223,217,211,206,199,192,185,176,165,153,145,140,137
227,232,237,243,247,247,246,244,241,238,233,228,222,217,211,205,199,193,185,178,170,161,152,144
225,227,232,239,245,247,247,246,244,241,237,233,229,224,218,213,208,201,193,186,180,173,165,159
212,213,220,230,242,246,247,247,246,244,241,238,235,232,225,220,215,209,202,195,189,182,175,170
187,192,202,215,228,235,239,242,243,243,242,241,240,239,233,228,223,217,210,204,198,191,184,180
163,170,183,198,210,217,221,225,230,232,232,235,238,239,237,233,229,224,219,213,207,201,195,191
140,147,161,177,190,193,195,200,207,211,214,220,225,229,231,230,229,227,224,220,215,210,206,203
122,128,142,159,173,175,176,181,187,193,198,205,212,217,220,221,222,223,224,223,219,215,212,211
