104,103,103,101,100,98,97,94,92,91,90,90,90,90,89,88,87,86,85,86,86,87,88,87
101,101,101,101,99,97,96,93,90,89,88,89,89,89,88,87,86,85,84,85,86,88,88,88
101,102,102,102,101,99,98,97,94,91,89,90,91,91,90,88,86,85,85,87,89,91,92,92
104,104,104,105,104,103,104,104,102,97,94,94,95,96,94,91,88,86,87,90,93,95,96,97
107,106,107,107,107,107,110,111,109,104,100,99,99,99,96,92,88,87,89,93,96,98,98,99
109,109,109,111,111,111,111,112,110,107,104,103,102,100,96,91,88,88,89,92,95,98,100,101
110,110,112,114,115,113,111,110,108,107,106,104,103,101,97,92,87,86,87,89,92,96,99,101
110,111,114,117,118,115,112,109,108,108,107,105,104,102,99,94,88,86,86,87,90,93,96,98
107,109,114,118,118,115,112,111,110,109,107,106,105,103,101,95,91,88,88,89,90,92,94,94
101,104,109,113,115,113,111,110,109,107,105,104,104,102,99,94,91,89,89,91,91,92,93,93
95,96,99,103,104,104,102,100,98,98,98,98,97,96,93,90,88,87,87,88,89,91,92,92
95,95,96,97,98,98,95,93,91,92,93,93,93,91,89,87,86,86,86,87,88,89,91,91
100,99,98,98,99,98,96,94,93,94,94,94,93,90,87,86,86,86,87,87,88,89,90,91
104,103,103,103,103,102,101,100,100,101,100,98,95,91,89,88,87,87,88,88,88,89,90,91
103,104,104,104,104,103,104,104,104,103,102,100,97,92,90,90,90,90,90,90,90,90,90,92
105,105,106,107,108,108,108,108,107,105,103,100,96,93,92,91,90,89,88,88,88,88,89,90
105,106,106,108,109,109,110,110,109,107,105,101,97,95,93,92,92,90,89,88,88,88,90,91
103,103,103,103,105,105,106,108,110,110,107,104,100,97,95,94,93,92,90,88,88,89,91,92
99,100,100,100,101,101,102,105,109,111,111,108,104,101,97,96,94,92,90,90,90,91,92,93
101,103,105,107,107,105,105,108,111,113,111,108,106,103,99,97,95,93,92,92,93,92,91,92
105,107,110,113,112,109,108,109,110,110,107,105,104,102,99,98,97,97,96,96,95,95,96,96
109,110,112,115,116,114,111,110,109,108,105,103,102,101,98,97,97,98,97,97,97,98,99,101
112,111,110,112,114,114,111,108,107,106,103,102,101,100,97,96,96,96,96,97,97,99,102,104
110,109,107,108,109,108,105,104,103,103,102,102,101,98,96,94,94,94,95,96,98,101,104,105
