246,234,212,191,178,159,158,151,127,98,90,96,105,113,121,120,110,97,88,86,89,99,107,106
248,238,215,189,171,151,152,150,135,114,108,115,126,137,145,145,136,119,101,94,97,117,135,138
228,219,196,169,148,133,137,144,145,135,129,131,141,154,164,168,163,146,121,103,103,127,156,169
181,174,156,136,122,115,121,137,150,150,144,139,143,154,167,174,175,164,140,113,104,122,154,178
125,122,116,111,108,107,114,132,152,158,156,145,139,145,159,169,173,168,150,123,106,111,138,167
110,109,108,107,106,107,112,130,153,163,163,152,142,141,151,163,169,167,154,131,110,106,125,151
108,108,108,108,107,108,112,131,155,164,164,157,148,144,148,158,163,161,151,134,113,104,113,131
107,107,107,107,107,108,113,134,157,162,161,157,152,148,149,154,156,152,142,131,114,104,106,115
106,106,105,105,105,106,114,137,159,159,156,154,151,149,149,150,148,141,131,123,112,104,102,105
104,104,104,103,102,104,115,138,157,155,150,148,147,147,146,146,139,128,118,115,110,103,100,101
104,104,103,102,101,102,114,136,154,149,143,142,143,144,143,141,129,115,107,109,107,103,100,100
103,103,103,102,101,101,115,139,154,145,135,134,139,141,137,132,118,104,100,104,103,101,100,100
103,103,103,101,100,99,117,144,157,141,129,129,135,138,131,122,106,96,96,99,100,100,100,100
103,102,101,99,96,94,119,149,159,139,127,127,133,136,124,109,96,91,94,96,98,99,100,100
100,99,97,93,87,88,121,153,159,136,127,128,133,132,114,96,88,89,93,94,97,99,100,100
92,91,87,82,79,86,123,153,154,133,127,128,129,121,99,85,84,89,93,96,99,100,100,100
81,80,79,76,77,89,125,148,145,127,122,121,116,103,85,80,84,92,96,99,100,101,101,101
75,75,75,75,79,94,122,135,127,113,107,103,96,86,78,81,89,96,100,102,101,101,101,101
75,75,75,76,79,93,110,112,102,92,86,83,79,76,79,88,97,102,102,103,102,101,101,101
74,74,73,73,75,83,88,86,80,77,74,73,73,76,85,97,103,104,103,102,101,101,101,101
72,72,71,71,73,75,76,75,73,73,72,72,73,79,91,102,106,104,102,100,100,100,100,100
72,71,71,71,72,73,73,72,72,72,72,72,74,82,94,101,101,98,95,95,96,98,99,101
72,72,71,72,73,73,73,73,72,72,72,72,75,82,92,95,94,91,90,92,94,96,99,100
73,72,72,72,73,73,73,73,73,73,72,72,75,80,88,91,90,89,90,93,95,97,98,99
