107,103,99,99,103,108,115,122,129,140,168,203,228,236,237,239,240,238,235,229,222,214,206,199
139,134,128,126,129,132,137,141,145,154,177,207,229,238,239,241,241,240,237,231,224,217,209,203
173,166,157,151,151,151,153,155,158,166,186,211,231,239,241,243,243,243,241,235,228,220,213,208
185,179,167,157,154,152,154,156,161,172,191,213,230,240,243,244,245,244,243,238,232,224,217,212
173,171,161,148,142,142,146,153,163,177,193,212,229,240,244,246,246,245,243,240,236,229,221,216
153,158,154,142,134,135,143,156,172,185,198,213,228,239,243,246,247,245,243,240,237,232,225,220
130,139,142,136,130,133,144,159,177,192,204,216,228,237,242,247,247,246,245,243,239,234,230,227
113,121,129,131,129,133,141,155,172,188,201,213,223,230,237,246,248,247,247,245,242,238,235,232
104,109,117,123,125,128,133,142,156,171,185,198,208,217,228,240,244,246,247,246,244,242,239,236
101,104,108,113,115,116,119,125,134,147,161,174,187,200,213,226,233,237,240,242,243,242,240,239
100,101,102,103,104,105,107,110,116,126,140,154,166,180,195,207,213,217,222,227,230,231,233,236
100,100,99,98,97,97,97,98,101,107,119,130,143,158,175,189,193,194,198,204,209,212,217,223
100,99,98,97,94,91,91,91,92,95,102,111,122,136,152,165,169,170,175,181,187,193,199,204
100,99,99,97,93,90,88,88,88,89,93,99,107,117,130,140,145,149,155,163,170,176,182,184
100,100,100,98,94,90,88,87,86,87,90,94,98,106,115,121,126,132,139,147,155,160,164,166
100,100,100,99,96,94,91,89,87,87,89,91,94,98,104,108,112,117,123,129,136,142,147,149
100,100,101,100,99,98,94,90,86,86,88,90,91,94,97,100,103,106,111,116,120,126,131,134
100,101,101,101,102,101,99,95,93,94,95,95,95,95,95,96,97,100,102,105,109,113,116,118
101,102,102,103,103,105,107,110,112,114,113,110,107,104,101,100,99,99,99,100,101,104,106,107
101,102,103,104,105,109,118,128,135,136,133,129,126,122,117,113,111,108,106,105,104,104,105,106
100,102,104,106,108,112,121,128,132,131,128,126,125,124,122,120,118,116,115,114,114,115,117,119
101,102,105,107,108,111,114,117,118,117,116,115,116,116,116,116,116,115,114,114,114,116,119,122
100,101,103,105,105,106,105,103,102,103,104,105,106,107,107,107,107,107,107,106,107,108,111,115
98,99,101,102,102,102,99,95,94,95,98,100,101,101,101,102,102,101,101,99,100,101,103,106
