229,222,210,197,179,146,118,118,142,169,193,206,209,200,179,142,105,78,67,66,70,91,131,171
211,202,189,177,163,138,117,120,144,171,195,209,211,202,181,146,112,86,71,67,70,91,132,172
191,183,168,154,144,128,116,124,150,178,201,214,217,208,187,153,124,102,84,71,72,92,132,172
190,186,171,155,144,129,118,127,154,183,208,221,222,213,193,158,133,118,102,82,76,94,131,168
208,210,201,185,169,144,123,128,156,185,211,225,227,216,195,160,136,125,119,99,85,95,127,156
210,211,207,199,184,153,126,129,155,183,209,225,227,217,197,164,139,131,131,117,99,99,116,135
219,214,206,197,186,160,131,130,154,181,207,224,227,217,198,166,142,135,137,129,115,106,107,116
229,222,206,189,175,154,129,129,153,179,205,223,226,215,196,166,143,137,142,139,129,113,104,106
230,221,201,176,155,136,120,127,152,178,203,221,223,211,193,165,143,136,142,143,135,117,103,103
213,200,178,154,134,118,112,123,148,174,200,218,222,210,192,167,143,131,132,135,131,116,103,101
181,170,154,140,131,119,112,121,144,170,197,216,222,214,197,172,146,133,135,138,136,122,106,99
183,178,170,162,155,141,121,120,141,168,195,216,223,215,198,174,148,134,136,138,138,129,113,100
208,207,205,202,193,170,135,123,139,166,192,211,219,213,198,175,148,133,133,137,139,137,125,109
225,223,222,219,210,183,143,125,138,164,186,203,210,207,196,176,149,131,129,135,139,142,135,121
201,194,186,181,175,158,130,121,136,161,181,194,200,201,195,177,150,131,126,130,133,134,131,125
142,136,131,127,125,117,108,113,134,159,177,186,190,192,190,176,150,126,118,122,127,129,127,123
107,105,104,103,101,98,96,107,129,154,170,178,180,181,180,169,143,120,115,123,131,135,131,123
108,109,112,114,113,109,103,106,122,144,160,170,172,172,171,161,138,120,119,130,137,139,131,118
142,145,149,153,150,142,124,113,117,136,152,164,170,171,170,159,141,128,129,139,139,135,124,109
201,202,202,199,190,173,141,120,120,138,154,168,177,180,176,165,148,138,141,147,144,136,123,109
220,219,216,211,201,180,143,120,122,142,159,174,182,183,178,165,146,134,135,138,135,127,116,108
197,194,190,185,176,159,130,117,125,145,163,178,184,182,173,157,136,120,118,119,118,113,108,106
159,156,154,151,146,133,116,114,128,146,166,181,186,181,168,150,129,114,110,110,108,106,106,109
137,135,135,137,135,126,113,115,130,148,167,183,188,182,168,150,131,120,118,116,112,111,113,117
