215,212,206,198,189,182,174,166,158,150,143,135,127,121,116,114,114,115,117,119,120,118,114,110
213,211,206,200,193,185,177,170,162,156,149,141,134,127,121,117,115,116,118,118,118,115,112,109
208,207,206,203,199,191,184,177,171,166,160,153,145,138,131,125,121,119,118,115,114,112,109,106
199,200,202,203,201,195,190,184,180,176,170,163,156,149,142,136,131,127,122,117,114,111,108,104
184,187,191,194,195,193,190,187,185,183,176,169,164,158,151,146,141,137,133,127,122,117,112,107
165,167,171,176,180,181,184,186,187,184,180,174,169,164,157,152,148,144,141,137,132,128,123,120
146,147,150,154,159,162,167,173,178,179,178,174,171,167,162,157,154,152,149,144,139,135,133,131
133,133,134,134,137,141,146,154,161,165,168,168,168,166,164,161,160,158,156,151,145,142,140,140
133,132,129,127,127,128,130,135,142,147,152,156,158,159,161,161,161,161,159,156,151,147,145,145
145,144,142,138,134,131,128,127,128,130,134,139,144,148,151,151,153,155,156,155,151,148,145,144
148,149,149,148,145,142,138,133,129,125,124,124,128,132,135,135,137,140,142,142,141,139,138,138
137,139,140,141,140,140,138,136,133,130,127,125,126,128,128,128,129,132,134,134,132,130,130,130
127,129,131,133,133,134,134,135,136,136,135,133,132,132,130,129,129,131,131,131,129,127,126,125
129,130,133,135,135,134,133,135,138,140,140,140,139,138,135,133,132,131,131,131,130,128,125,122
142,143,144,144,143,139,138,139,143,146,146,144,141,139,135,132,130,129,129,130,128,124,121,119
152,151,150,147,144,140,139,142,147,149,147,142,137,133,129,126,124,123,124,125,123,120,118,118
153,152,149,146,144,144,145,146,145,140,134,126,120,116,113,112,111,111,112,114,114,113,112,112
151,149,147,144,144,146,148,146,139,130,122,115,109,107,107,107,108,108,109,110,109,109,109,110
145,144,142,141,142,141,140,138,134,128,122,117,114,115,118,119,118,118,118,116,112,111,112,114
129,129,129,129,129,127,124,124,127,129,127,123,122,126,131,130,126,124,122,120,117,116,116,117
126,126,124,123,123,121,119,119,123,128,129,127,125,126,131,129,128,127,127,126,124,122,120,118
133,134,135,135,134,132,130,128,129,133,135,134,131,129,129,127,126,127,129,128,127,126,125,122
134,136,140,143,142,140,138,136,135,137,140,140,137,133,129,124,123,125,126,125,124,125,125,124
123,125,130,134,135,133,132,132,134,136,139,139,137,133,128,123,121,121,122,122,121,120,120,120
