125,125,125,125,126,126,125,125,125,126,125,124,123,124,123,123,123,123,123,123,123,123,122,121
125,125,126,126,126,126,126,126,126,125,125,124,124,124,123,123,123,124,124,123,123,123,122,122
126,126,127,127,126,126,126,127,127,125,125,124,124,124,123,123,124,125,124,124,123,122,122,122
127,127,127,127,126,126,127,127,127,126,125,125,125,124,124,124,125,125,124,124,122,121,121,122
127,126,126,126,126,126,126,126,126,126,125,125,125,125,125,125,125,124,123,123,122,121,121,121
126,126,126,126,126,126,126,126,127,127,125,125,126,126,124,125,125,124,123,122,122,122,122,121
126,126,126,126,126,126,126,127,127,127,125,125,125,125,124,124,124,123,123,123,122,122,122,121
126,126,126,126,126,126,127,127,127,126,126,125,125,125,124,124,124,124,124,123,122,122,122,121
127,127,127,126,127,127,127,127,127,126,126,126,126,125,124,124,124,124,125,124,122,122,122,122
128,128,127,127,127,128,127,127,128,127,126,126,125,124,124,124,124,124,124,123,122,122,122,121
130,129,127,127,127,127,127,127,127,127,126,126,125,124,124,123,124,124,124,123,122,122,121,120
131,130,128,127,127,127,127,127,127,126,126,125,125,124,124,124,124,124,124,123,122,122,121,121
131,131,129,127,127,127,127,127,126,126,125,125,125,124,124,124,124,124,124,123,122,122,122,121
135,133,130,128,127,126,126,126,126,126,124,124,125,124,124,124,124,124,124,123,122,123,122,121
145,139,133,128,126,125,126,126,126,125,124,124,124,124,124,124,124,124,124,123,122,123,123,122
180,166,146,130,126,126,126,126,125,125,124,124,124,124,124,124,124,124,123,123,122,122,122,122
218,200,167,137,127,126,126,126,125,125,124,124,124,124,124,124,124,123,123,123,122,121,121,121
234,215,178,144,129,127,126,126,126,125,125,124,124,123,124,124,123,123,123,123,122,121,121,121
227,205,171,143,130,127,126,126,126,126,125,125,125,124,124,124,124,123,123,123,122,121,121,121
227,193,153,130,128,126,126,126,126,126,125,125,125,124,124,124,124,124,123,122,122,122,121,120
232,195,149,123,125,126,125,126,126,125,125,125,125,124,124,124,124,124,123,123,122,121,121,121
235,207,158,123,123,125,126,126,126,125,125,125,124,124,124,124,124,124,123,123,123,122,121,121
236,218,168,124,120,125,126,126,126,126,125,125,124,124,124,124,124,124,124,123,123,122,121,121
236,219,168,121,118,125,126,126,126,126,125,125,125,125,124,123,123,123,123,123,122,121,120,121
