125,124,123,123,124,124,124,124,123,123,124,124,124,125,125,124,123,122,122,123,123,123,123,122
124,124,123,123,123,124,124,123,122,122,124,124,125,126,125,124,123,122,122,122,122,122,122,121
124,124,124,123,123,123,123,122,122,122,123,124,125,125,125,124,123,122,122,122,122,122,122,121
125,125,125,124,123,123,122,122,121,122,123,124,124,124,124,123,123,123,123,122,122,122,121,121
125,125,124,124,123,123,122,122,122,122,123,123,124,123,123,122,122,122,123,122,122,122,121,121
124,124,124,123,123,123,122,122,121,121,121,122,122,122,122,122,122,121,122,123,123,122,121,121
124,124,123,123,123,124,123,122,121,120,121,121,122,122,121,121,121,121,122,122,122,122,122,122
124,123,123,123,123,123,122,122,121,120,121,121,121,122,121,121,121,122,122,122,122,122,122,122
123,123,123,123,122,122,122,121,121,121,121,121,121,122,121,120,121,122,122,122,122,122,122,122
122,122,122,122,121,121,121,121,121,121,120,121,121,121,122,120,120,121,122,121,121,121,121,122
121,122,122,122,121,120,120,121,121,121,120,120,120,121,121,120,120,121,121,120,121,121,122,123
121,121,121,121,121,120,120,120,120,120,121,121,121,121,120,120,120,120,120,120,121,121,121,122
121,121,121,121,121,120,120,120,120,120,121,121,121,121,120,120,120,120,120,120,121,121,121,121
122,121,121,121,121,121,120,120,121,120,121,122,122,121,120,120,120,120,121,121,121,121,121,120
121,121,121,120,120,121,120,120,120,120,121,121,121,120,120,120,120,120,120,121,120,120,120,120
120,121,121,120,119,120,120,119,119,120,119,119,119,119,119,119,119,119,119,119,119,120,120,120
120,121,120,119,119,119,119,119,119,119,118,118,119,119,119,119,118,119,119,119,119,119,119,119
120,121,120,119,118,119,118,118,119,119,118,118,118,119,119,118,118,118,119,119,118,118,117,117
120,120,119,119,118,118,118,118,118,118,118,118,119,118,118,119,118,118,118,118,117,116,116,116
119,119,119,119,118,117,117,118,118,117,117,118,118,118,118,117,117,117,116,117,117,116,116,116
118,118,119,119,118,117,117,118,118,117,116,117,117,117,117,117,117,116,116,116,116,116,116,115
118,118,118,118,118,117,117,118,118,117,117,116,116,117,117,117,116,116,116,116,116,116,116,115
118,118,117,117,118,117,117,118,118,117,117,117,116,116,117,116,116,116,116,116,116,116,116,115
118,117,116,116,117,117,118,118,118,116,117,118,118,117,117,116,117,117,116,116,116,116,116,116
