119,119,119,118,118,117,118,117,116,116,116,115,115,115,114,113,113,113,113,113,111,111,112,112
119,119,118,118,117,118,118,117,116,116,116,115,115,115,114,114,113,113,113,112,111,111,111,111
119,118,118,118,117,117,117,117,116,116,116,115,115,114,113,113,113,113,112,112,111,111,111,111
118,118,118,118,117,116,116,116,116,116,116,115,114,113,112,112,112,113,112,111,111,111,111,111
118,118,118,118,118,117,117,117,116,116,115,114,114,113,112,112,112,112,112,112,111,111,111,111
118,118,118,118,117,117,117,117,117,116,115,114,113,112,112,112,111,111,112,112,111,110,110,111
118,118,118,117,117,116,116,117,117,115,115,114,113,112,112,112,112,112,111,111,110,110,110,110
118,118,118,117,117,116,116,116,116,115,114,113,113,112,112,112,112,112,111,111,110,109,110,110
119,118,118,117,116,116,115,115,116,115,114,113,112,112,112,112,112,112,111,110,110,109,109,110
117,118,118,117,116,115,115,115,115,115,114,113,112,111,111,112,111,111,111,111,110,109,109,109
117,117,117,117,116,116,115,115,114,114,113,113,112,111,111,111,111,110,110,111,110,110,110,109
118,118,117,117,117,116,115,115,114,113,113,112,112,111,111,111,111,110,110,110,110,110,109,109
118,118,117,117,117,116,115,115,114,113,113,112,112,111,111,112,112,111,110,110,110,109,109,109
117,117,117,117,117,116,115,115,114,114,113,112,112,111,111,112,112,111,110,109,109,110,110,109
117,117,117,116,117,116,115,115,114,114,113,113,113,113,111,112,111,111,111,111,110,110,110,110
116,116,116,117,117,117,116,115,115,114,114,114,114,113,112,111,111,110,110,110,111,111,111,110
117,117,117,117,117,117,116,116,115,114,114,114,114,113,112,111,110,110,110,110,110,110,110,110
118,118,117,117,117,116,116,116,115,114,114,114,114,113,112,111,111,110,110,111,110,110,110,110
118,118,118,117,117,116,117,117,116,114,113,113,114,114,112,111,111,111,111,111,110,110,110,109
119,119,118,118,118,117,118,117,116,114,113,113,114,115,113,112,111,111,111,111,111,111,111,110
118,119,119,119,118,117,117,116,115,113,113,113,114,114,113,112,111,111,110,110,111,111,110,110
118,119,119,119,118,117,116,115,114,113,113,113,113,113,113,112,111,111,110,110,110,110,110,111
118,119,119,119,118,117,116,115,114,113,112,113,113,113,113,112,111,111,111,110,110,110,110,111
119,120,120,120,119,118,117,116,115,114,113,113,113,112,112,112,111,111,110,110,109,109,109,110
