118,118,117,117,118,118,118,118,118,119,118,119,119,119,119,119,119,119,120,120,120,120,119,118
118,118,118,117,117,117,117,118,118,118,118,118,118,118,118,119,119,119,120,120,120,120,119,118
118,118,117,117,117,117,117,118,118,118,118,118,118,118,118,119,119,119,120,120,120,119,118,118
117,117,117,117,117,117,117,118,118,117,117,117,117,118,118,119,119,119,120,120,119,118,118,118
116,116,116,116,116,117,116,116,117,117,116,116,116,117,117,118,119,119,119,119,118,117,117,117
115,115,116,116,115,116,116,116,116,116,115,115,115,115,115,117,118,118,119,118,117,117,117,117
115,115,115,116,116,116,116,116,115,115,114,115,115,115,115,116,117,118,118,118,117,116,116,116
115,115,115,116,116,116,116,115,114,114,114,115,116,115,115,116,117,117,118,118,116,116,115,115
115,115,115,115,116,115,115,115,114,114,115,116,116,116,116,116,116,117,118,117,116,115,114,114
115,115,115,115,115,114,114,114,114,114,115,115,115,114,115,115,116,117,118,116,115,114,114,114
115,115,115,115,114,113,114,114,113,113,114,114,114,114,115,115,115,116,116,116,115,114,114,114
115,115,115,115,114,113,113,113,113,113,114,114,114,114,114,114,115,115,115,115,115,114,114,115
115,115,115,114,114,113,113,113,113,113,114,114,114,113,114,114,114,115,115,115,115,114,114,115
114,114,114,114,113,113,114,113,113,114,114,114,114,113,114,114,114,114,115,115,115,115,114,115
113,113,114,114,113,114,113,113,112,113,113,114,114,114,114,114,114,114,114,116,115,115,115,114
113,113,113,114,113,113,113,112,112,113,113,113,114,114,114,114,114,114,114,115,115,114,113,113
114,114,114,114,113,113,112,112,112,113,113,113,113,114,114,114,114,115,115,115,115,114,114,114
114,114,114,114,113,113,113,112,112,113,113,113,113,114,114,114,114,115,115,115,115,114,114,114
114,114,114,114,113,113,113,113,112,113,113,113,113,114,114,114,114,114,114,115,115,114,113,114
114,114,114,114,115,114,114,113,113,114,113,113,114,114,113,114,114,114,114,114,114,114,113,113
115,115,115,115,114,114,114,114,113,113,112,113,113,113,113,113,113,113,113,113,114,113,113,113
115,115,115,115,114,114,114,114,113,113,112,113,113,113,113,113,113,113,113,113,114,114,113,113
116,115,115,115,114,113,114,114,113,113,113,113,114,113,113,113,113,113,113,113,114,114,114,113
117,116,115,114,114,114,114,114,114,114,114,114,114,114,113,113,113,113,113,113,114,115,115,114
