103,133,175,172,102,72,74,81,79,72,69,76,81,92,128,195,233,221,168,117,96,87,99,127
103,139,181,172,99,69,68,76,82,85,78,79,88,110,151,207,236,229,197,162,143,128,131,151
105,146,184,169,100,75,69,80,100,115,98,94,110,140,176,207,221,219,209,195,184,171,165,169
106,147,182,169,112,101,85,85,103,117,99,95,110,135,153,162,165,165,165,164,162,156,148,143
107,144,178,173,134,137,107,79,69,71,64,64,68,74,76,77,78,78,78,78,78,76,75,74
111,147,180,172,129,125,102,76,58,52,51,51,52,53,52,53,53,53,53,53,53,52,53,53
109,142,174,165,111,95,84,70,55,49,48,49,49,49,48,48,48,48,48,48,48,48,48,49
104,133,168,162,102,77,68,60,53,49,48,49,49,49,48,48,48,48,48,48,48,48,48,49
98,124,158,155,99,76,61,52,49,49,48,49,49,49,48,48,48,48,48,48,48,48,48,49
94,113,133,127,89,77,63,52,49,48,48,49,49,49,48,48,48,48,48,48,48,48,48,49
92,97,99,93,80,80,65,53,49,48,48,49,49,49,48,48,48,48,48,48,48,48,48,49
89,84,76,73,80,87,70,54,49,49,49,49,50,49,49,49,49,49,49,49,49,49,49,50
84,75,65,68,87,99,77,56,50,49,49,50,50,50,49,49,49,49,49,49,49,49,49,50
78,68,61,70,94,111,84,58,49,49,49,49,50,50,49,49,49,49,49,49,49,49,49,50
74,65,60,70,95,117,89,59,48,48,48,49,49,49,48,48,48,48,48,48,48,48,48,49
74,65,58,67,91,114,87,59,48,48,48,49,49,49,48,48,48,48,48,48,48,48,48,49
67,61,57,64,83,103,81,57,48,48,48,49,49,49,48,48,48,48,48,48,48,48,48,49
58,56,55,60,73,89,74,55,49,48,48,49,49,49,48,48,48,48,48,48,48,48,48,49
54,53,53,56,65,76,66,54,49,48,48,49,49,49,48,48,48,48,48,48,48,48,48,49
53,52,53,55,59,65,59,52,49,48,48,49,49,49,48,48,48,48,48,48,48,48,48,49
54,53,53,54,56,60,55,51,49,48,48,49,49,49,48,48,48,48,48,48,48,48,48,49
55,54,54,55,57,58,54,50,49,48,48,49,49,49,48,48,48,48,48,48,48,48,48,49
55,55,56,58,59,60,55,51,49,48,48,49,49,49,48,48,48,48,48,48,48,48,49,49
55,55,57,60,61,61,55,51,50,49,49,50,50,50,49,49,49,49,49,49,49,49,49,50
