125,125,125,123,122,123,124,124,123,122,121,121,121,120,119,120,118,117,116,117,119,118,117,118
126,125,125,124,123,123,123,123,122,122,121,121,121,120,120,120,119,117,117,117,118,118,117,118
126,125,125,124,123,123,122,121,122,122,121,121,121,120,120,120,119,118,117,117,118,117,117,118
125,125,125,124,124,123,122,121,122,122,121,122,121,120,120,120,120,119,118,117,118,117,117,117
125,125,125,124,124,123,123,123,123,121,122,121,121,121,121,121,120,120,119,117,117,117,117,116
126,125,124,124,124,124,124,124,124,123,122,121,121,121,121,120,120,119,119,118,117,117,117,117
126,126,125,124,124,124,124,123,123,123,122,121,121,122,121,120,119,119,119,118,118,118,118,118
126,126,126,125,124,124,124,123,123,123,123,122,122,122,121,120,118,118,118,118,118,118,118,118
126,127,127,125,124,125,125,124,123,123,123,123,123,122,120,120,119,118,118,118,119,119,119,119
127,128,127,126,125,126,125,125,124,123,123,123,123,122,121,121,120,119,119,120,120,119,119,119
129,129,128,126,126,126,125,125,125,124,124,123,123,123,122,121,120,120,120,120,119,119,118,118
128,128,128,127,127,126,126,126,125,125,124,123,123,123,121,121,121,120,120,119,119,119,119,119
128,128,128,128,127,127,126,126,126,125,124,123,123,123,121,121,121,121,120,119,119,119,119,119
127,127,127,127,127,127,126,126,126,126,124,123,123,123,122,122,122,122,121,120,120,119,119,119
127,127,127,126,126,126,126,126,126,126,124,123,123,122,122,122,121,121,120,120,119,119,119,119
127,127,127,127,127,127,127,127,127,125,125,124,123,123,122,121,121,120,119,119,120,119,119,120
127,127,127,128,128,127,127,128,128,126,126,125,124,123,123,121,121,120,119,119,120,119,119,119
128,128,128,128,129,129,129,130,130,128,127,126,125,124,123,122,121,120,119,120,120,120,119,119
129,130,130,130,130,131,132,133,132,130,128,127,126,125,124,123,122,121,120,120,120,120,120,120
131,131,131,131,132,135,137,137,135,132,130,127,126,125,125,124,123,121,121,120,120,120,120,120
130,130,129,131,137,145,150,152,151,148,142,136,131,127,124,122,121,121,121,120,120,120,120,120
129,130,134,141,152,163,171,176,176,173,163,153,144,136,128,122,119,119,119,119,121,122,122,121
144,148,156,167,180,190,197,200,201,197,187,174,161,148,137,129,124,120,118,119,121,123,124,122
173,178,185,195,206,214,216,217,216,212,204,190,175,159,146,138,131,125,120,118,120,123,124,122
