118,117,117,117,118,117,117,117,118,117,117,117,117,116,117,117,117,117,116,116,116,116,116,115
118,117,117,117,117,117,117,117,118,117,118,117,117,117,117,116,116,116,116,116,116,116,116,116
118,118,117,117,117,117,117,117,117,117,118,117,116,117,117,116,116,116,116,116,116,116,116,117
118,118,118,118,117,117,117,117,117,117,118,117,116,116,117,116,116,115,115,116,115,116,116,117
117,118,117,117,118,118,117,116,116,117,117,116,116,117,116,116,116,115,115,116,116,116,116,117
116,117,117,117,118,117,116,116,116,117,117,116,116,116,117,117,116,116,117,117,117,116,116,116
116,117,117,117,118,117,117,116,116,116,117,117,117,117,117,117,116,116,117,117,117,116,115,115
116,117,117,117,118,118,117,117,116,116,117,117,117,117,117,117,116,116,117,117,117,116,116,116
116,117,117,117,118,118,117,117,117,117,117,117,117,116,117,116,116,116,116,117,117,118,118,117
118,117,118,118,117,117,118,118,117,117,117,117,117,116,118,117,116,116,117,117,118,118,119,118
118,118,118,118,117,117,118,118,117,117,116,116,116,117,117,116,116,116,117,116,117,117,118,118
119,118,118,118,117,117,118,118,117,116,116,116,116,116,116,116,116,116,117,117,117,117,117,117
119,118,118,118,117,117,117,118,118,116,115,116,116,116,116,117,117,117,117,117,117,117,117,117
118,119,119,119,118,117,117,118,118,116,115,116,116,117,117,118,118,118,117,117,117,117,117,117
118,118,118,118,117,118,118,118,118,117,116,115,115,116,117,118,118,117,116,116,116,117,118,117
119,118,118,118,118,118,119,118,118,118,116,116,116,117,117,117,117,116,115,115,116,117,118,117
119,118,118,118,118,118,119,119,118,118,117,116,116,116,116,117,116,116,116,116,116,117,117,117
119,118,118,118,118,118,119,119,118,118,116,115,115,116,116,117,117,116,116,116,117,117,117,117
119,118,118,119,119,119,119,119,118,117,116,116,117,117,116,117,117,117,116,117,116,117,117,117
119,119,119,119,118,118,119,118,117,116,117,117,118,118,117,117,117,117,117,117,117,117,116,114
119,119,119,119,118,119,118,118,117,117,117,118,118,118,118,118,117,117,117,116,116,116,116,115
119,119,119,119,119,119,118,118,118,118,117,118,118,118,118,118,117,117,117,116,116,117,116,115
119,119,120,120,119,119,119,118,118,118,117,118,118,118,118,117,117,117,117,116,117,117,117,115
119,120,121,120,119,119,119,119,119,119,118,118,118,118,118,117,118,118,118,117,117,118,117,116
