115,116,116,114,113,113,113,113,113,113,114,114,114,113,114,114,115,115,115,115,115,114,114,115
114,115,115,114,113,113,113,114,114,114,114,114,114,113,114,114,115,115,115,115,115,114,114,115
113,114,114,114,113,113,114,114,114,114,114,114,114,113,114,114,114,115,115,115,115,115,115,115
113,113,113,114,113,114,114,113,113,113,114,114,114,113,114,114,114,114,114,116,115,115,115,115
113,113,114,114,113,113,113,112,112,113,113,113,113,114,114,113,113,113,114,115,114,114,114,114
114,114,114,114,113,113,112,112,111,112,113,112,113,114,114,114,114,114,115,115,115,114,113,113
114,114,114,114,113,113,113,112,112,113,113,113,113,114,114,114,114,115,115,115,115,114,113,114
114,114,114,114,113,113,113,113,113,113,113,113,113,114,114,114,114,115,115,115,115,114,113,114
114,114,114,114,114,114,114,113,113,113,113,113,114,114,113,114,114,114,114,114,114,113,113,113
115,115,115,114,115,115,114,114,113,113,113,114,114,114,113,114,114,114,113,113,114,114,113,113
115,115,115,115,114,114,114,114,113,113,112,113,113,113,113,113,113,113,113,113,114,114,114,113
116,115,115,115,114,113,114,114,113,113,113,113,113,113,113,113,113,113,113,113,114,115,114,113
116,116,115,114,114,113,113,113,113,113,113,114,114,113,113,113,112,113,113,113,115,115,114,113
116,116,115,114,113,113,113,113,113,113,114,114,114,114,113,112,113,113,113,113,114,114,114,114
115,115,114,113,113,113,112,112,113,113,113,114,114,113,114,113,113,113,114,114,114,114,114,113
115,115,114,113,113,113,113,113,113,112,113,113,113,113,114,114,114,114,114,114,114,114,114,114
114,114,114,114,113,113,112,113,113,112,112,113,113,113,114,114,114,114,114,114,114,114,113,113
113,114,114,114,114,112,112,112,113,112,112,112,113,113,114,114,114,114,114,114,114,113,113,113
113,114,114,114,113,113,113,113,112,112,112,112,113,113,113,113,114,114,114,114,114,114,113,112
115,114,114,114,113,114,113,113,112,112,113,113,114,114,114,113,114,114,113,114,114,114,112,111
115,115,114,114,113,113,113,113,113,113,114,114,114,115,114,113,113,113,114,114,114,114,113,112
115,115,115,114,113,113,113,113,114,114,114,114,114,115,115,113,113,113,114,114,114,114,113,112
115,115,115,115,113,113,113,113,113,114,114,114,114,115,115,114,113,114,114,113,113,113,113,112
115,115,115,115,114,113,113,113,112,113,113,114,114,115,114,114,114,114,114,113,113,113,112,111
