114,114,114,114,115,114,115,116,116,118,119,120,121,121,121,121,122,123,124,124,125,122,106,83
114,114,115,115,115,115,116,116,117,118,119,120,121,121,121,122,122,123,124,123,124,120,103,80
115,115,115,115,115,115,115,116,117,118,118,119,120,121,121,121,122,122,123,123,123,118,99,75
115,115,115,115,115,116,115,116,116,117,118,119,120,120,121,121,121,121,123,123,122,116,97,74
114,114,114,115,116,116,116,117,117,117,118,119,119,119,121,121,120,121,122,122,121,115,95,73
115,114,114,114,114,115,116,118,119,118,118,119,119,120,121,121,121,121,122,122,120,108,86,65
114,114,113,114,114,115,116,118,119,119,118,119,119,120,120,120,120,121,121,120,114,96,73,59
113,113,114,114,114,115,116,117,118,120,118,119,119,120,120,119,120,120,119,115,102,81,62,55
113,114,115,115,115,116,117,118,119,120,119,119,119,119,119,118,118,117,113,104,86,68,56,53
114,115,115,115,116,116,117,118,119,119,119,119,119,119,117,115,113,110,103,90,73,62,57,54
115,115,115,115,116,117,118,119,120,119,119,119,120,119,115,108,102,97,90,78,69,62,58,56
114,114,114,115,116,116,117,118,119,120,120,120,120,119,115,106,100,93,85,77,71,64,58,56
114,113,114,115,115,115,116,118,120,120,121,120,120,119,115,110,103,95,87,85,78,67,57,54
115,114,115,115,114,114,116,118,120,121,121,120,120,119,117,115,107,97,92,96,85,69,56,53
116,115,115,115,114,115,117,119,120,121,121,120,120,119,119,118,108,98,97,101,88,69,56,53
115,116,116,116,116,116,117,118,120,121,120,118,119,121,121,119,109,101,101,104,86,66,54,52
115,116,116,116,116,116,118,120,123,127,124,117,116,122,127,128,120,110,106,103,81,62,53,52
116,116,116,116,116,117,122,131,142,150,147,131,121,128,143,152,146,129,108,94,72,57,52,52
121,120,119,117,117,119,131,152,176,192,192,168,143,138,158,171,166,139,102,77,62,54,52,52
141,136,129,123,120,123,145,181,215,233,235,218,185,151,141,140,131,110,84,68,58,54,53,54
188,181,166,148,131,129,156,198,234,248,251,245,228,199,171,148,132,123,113,88,65,55,54,55
230,224,211,189,160,142,159,199,237,252,254,253,249,237,219,200,186,177,160,110,71,56,54,55
251,249,244,228,200,169,162,186,223,247,252,253,254,253,251,243,225,202,166,106,68,55,55,54
254,254,253,247,230,197,167,170,204,239,251,254,254,254,252,244,214,171,125,82,60,54,54,53
