113,112,112,112,112,112,111,110,110,110,109,110,111,110,110,111,113,116,118,118,117,117,118,119
113,112,112,112,113,112,110,110,110,109,109,109,110,109,109,111,113,115,117,118,117,117,118,119
113,113,112,112,112,111,111,110,110,109,109,109,109,109,110,111,113,115,117,118,118,117,118,119
114,113,112,112,112,111,111,111,110,109,109,109,109,109,110,112,113,115,117,119,118,118,118,118
114,113,111,111,111,111,111,110,109,109,109,110,110,109,110,111,113,114,116,119,118,118,118,117
113,112,111,111,111,111,110,110,109,109,109,110,110,109,109,111,113,115,116,119,119,118,118,118
112,112,111,111,111,111,111,110,110,110,110,110,109,108,109,110,112,115,117,119,119,118,118,118
112,112,112,112,111,111,111,111,111,110,110,109,108,108,109,110,112,114,117,118,118,118,118,118
112,112,113,113,112,111,111,111,111,110,109,108,108,108,109,110,112,115,117,118,118,117,117,117
113,113,113,113,112,111,111,111,111,110,109,108,108,108,109,110,113,115,117,119,118,116,116,117
113,113,113,113,112,111,111,111,111,110,109,108,108,108,109,111,113,115,116,118,118,117,117,117
113,113,113,113,112,112,111,111,110,110,109,108,108,109,109,110,112,114,116,117,117,117,117,117
113,114,114,113,112,112,111,111,110,110,109,109,109,109,109,110,112,115,117,117,117,117,117,117
114,114,113,113,112,111,111,111,110,110,109,109,109,110,109,110,112,115,117,118,117,117,117,118
114,114,114,113,112,112,112,111,110,109,109,109,109,109,109,110,112,114,117,119,118,118,118,118
118,118,118,118,119,118,116,113,110,110,110,109,109,109,110,111,112,114,117,119,119,119,119,119
141,143,145,149,151,148,139,127,116,111,110,109,109,110,110,111,112,114,117,119,119,119,119,119
187,189,193,197,200,196,182,161,137,119,112,110,109,110,110,111,113,115,117,119,119,119,119,119
236,237,239,241,242,239,230,207,175,141,120,112,110,109,109,110,113,115,117,119,119,119,119,119
252,252,252,252,252,252,249,239,216,178,141,120,111,109,108,110,112,114,117,120,119,119,119,119
245,247,251,253,254,254,253,251,241,216,175,138,116,110,109,110,112,114,117,119,120,120,120,119
201,209,223,237,246,251,253,253,251,241,211,168,132,114,110,110,113,115,118,119,120,120,119,118
152,160,177,197,214,227,237,246,251,250,237,203,160,127,116,119,123,124,122,121,120,120,119,117
130,133,140,153,171,190,212,232,245,250,248,227,186,143,126,133,138,136,128,123,121,121,119,118
