118,119,120,120,119,119,118,117,118,116,116,117,118,118,117,116,117,117,118,118,118,119,119,119
119,119,120,119,118,118,117,117,117,117,116,117,118,118,117,116,116,117,118,117,118,118,118,118
119,119,119,119,118,118,118,117,117,117,117,117,118,118,117,116,117,118,118,118,118,118,118,118
118,118,118,119,118,118,118,117,117,117,117,117,117,118,117,116,117,118,119,119,118,118,118,118
118,117,117,118,118,117,117,117,117,117,116,117,117,117,118,117,118,118,119,119,118,117,118,119
118,117,117,117,118,117,118,118,117,117,117,117,117,117,119,119,118,117,118,118,117,117,117,118
119,118,117,117,117,118,118,118,117,117,116,116,116,117,118,118,118,117,117,118,118,118,118,118
119,118,117,117,117,118,119,118,117,117,117,117,117,117,118,118,118,117,117,118,118,118,118,118
118,117,118,118,116,118,118,118,117,118,118,119,119,117,117,118,118,118,117,118,118,118,118,119
117,117,117,118,117,118,118,118,118,118,119,120,119,118,117,118,119,119,118,117,118,118,119,119
117,117,117,117,117,118,118,118,119,119,118,118,118,117,118,118,118,118,118,117,117,118,119,118
118,117,117,117,117,118,118,119,119,118,119,118,117,117,118,118,118,118,118,118,118,119,119,119
118,117,117,117,117,118,118,119,119,118,119,119,118,118,118,119,118,117,118,118,118,119,119,119
117,118,118,118,118,118,118,118,118,119,120,119,119,118,119,119,119,118,118,118,118,118,118,119
117,118,118,118,118,118,119,119,119,119,119,119,119,118,119,119,119,119,119,118,118,118,118,119
118,118,118,118,118,119,119,120,120,120,119,119,119,119,118,119,119,118,119,119,119,119,119,120
118,118,119,118,118,118,119,119,119,119,120,120,120,119,119,119,119,119,119,120,120,120,120,121
118,119,119,118,117,117,118,118,118,119,119,120,120,120,120,120,119,119,120,120,120,120,120,121
119,118,117,117,115,115,116,117,117,118,119,120,120,121,120,120,119,120,121,121,121,121,120,121
119,118,117,115,113,112,114,116,117,118,119,120,120,120,120,120,119,120,121,121,121,121,121,120
119,118,117,114,112,110,112,115,117,118,119,120,120,120,121,121,120,120,120,120,120,121,121,121
118,118,116,113,109,107,110,114,116,118,120,121,121,121,121,121,121,120,120,119,120,121,121,121
118,116,113,109,104,103,107,112,115,118,120,122,122,122,122,122,121,121,120,120,121,121,121,121
119,116,110,103,99,98,104,110,114,118,121,122,122,123,123,122,121,121,121,121,121,120,120,120
