108,107,107,108,109,109,110,110,111,112,113,113,113,114,116,116,115,116,118,119,120,121,121,120
107,107,107,107,108,109,109,110,111,113,113,113,113,114,115,115,115,116,118,120,120,121,121,120
107,107,107,108,108,109,109,110,112,113,114,114,114,114,114,114,115,116,119,120,121,121,121,120
107,107,107,108,109,109,110,111,112,113,115,115,115,115,114,114,115,117,119,121,122,121,120,120
107,107,108,108,108,109,110,111,112,114,115,115,115,116,115,115,116,117,119,120,122,121,119,119
107,107,108,109,110,110,110,110,112,113,115,116,116,117,116,116,117,118,120,122,124,122,118,116
108,107,108,109,110,110,110,110,112,113,114,115,116,117,116,116,117,122,129,139,145,141,127,114
109,109,110,110,111,111,111,112,114,117,118,119,118,117,116,116,120,132,152,174,187,184,163,136
115,118,122,124,124,123,123,126,130,135,138,138,134,127,122,119,125,147,182,213,229,230,211,183
136,143,154,161,160,158,159,164,170,178,183,181,172,156,140,128,132,161,204,236,248,250,244,235
175,187,203,214,214,213,215,218,222,227,230,228,221,205,180,152,142,163,207,240,251,253,252,252
214,223,236,243,244,244,245,246,248,249,250,250,247,238,221,191,164,162,191,229,247,253,254,254
240,245,250,253,253,253,253,253,254,254,253,254,254,252,245,227,197,175,175,202,232,248,253,254
252,253,253,253,253,253,253,253,253,253,253,254,254,254,252,247,231,203,178,177,205,233,249,252
254,254,253,253,253,253,253,253,253,253,253,254,254,254,253,253,249,234,209,180,181,206,230,236
254,254,254,253,253,253,253,253,253,253,253,254,254,254,253,253,253,249,237,211,184,178,182,181
254,254,254,253,253,253,253,253,253,253,253,254,254,254,253,253,253,253,250,237,208,176,147,128
254,254,254,253,253,253,253,253,253,253,253,254,254,254,253,253,253,253,253,250,233,187,131,95
254,254,254,253,253,253,253,253,253,253,253,254,254,254,253,253,253,253,253,253,242,191,125,84
254,254,254,253,253,253,253,253,253,253,253,254,254,254,253,253,253,253,253,252,237,181,118,88
254,254,254,253,253,253,253,253,253,253,253,254,254,254,253,253,253,253,253,252,233,177,120,99
254,254,253,253,253,253,253,253,253,253,253,254,254,254,253,253,253,253,253,252,227,171,120,105
254,254,254,253,253,253,253,253,253,253,253,254,254,253,252,252,252,252,251,248,219,162,115,103
255,255,255,254,254,254,254,254,254,254,254,254,254,253,251,250,250,248,247,242,212,155,110,99
