122,121,121,121,121,120,119,117,115,113,113,113,113,114,114,112,112,112,111,111,110,109,109,108
121,121,121,121,121,120,119,117,116,114,113,113,114,114,114,112,112,112,111,110,110,110,109,108
120,120,121,121,121,120,119,117,116,115,114,113,114,114,113,112,112,111,111,110,110,109,109,108
117,118,120,121,121,120,119,117,116,116,115,114,113,114,113,112,112,111,111,110,109,109,109,109
116,116,118,120,121,121,121,120,119,118,118,117,117,117,117,118,118,116,114,112,110,110,109,109
119,116,116,119,123,128,133,134,133,132,131,132,133,135,138,141,140,134,126,116,112,110,110,110
122,119,115,116,124,142,163,176,179,179,179,179,181,185,190,193,192,182,163,139,121,112,110,110
124,121,117,115,121,141,172,199,215,223,226,227,228,231,234,236,234,226,209,179,147,124,113,111
123,121,118,116,117,127,151,180,207,227,239,247,251,252,252,252,252,250,242,221,185,149,123,114
121,120,120,119,118,119,124,135,154,182,207,228,242,249,251,252,253,253,252,245,224,186,146,122
116,118,120,122,123,122,121,123,129,138,154,177,201,221,236,246,250,252,253,252,245,221,181,144
111,114,120,125,126,126,125,125,125,126,130,141,155,172,190,208,223,236,245,250,251,242,215,182
106,111,121,127,129,129,129,128,129,129,129,129,132,139,149,163,179,195,210,222,228,229,216,196
104,110,120,127,129,130,130,129,130,132,135,135,134,134,134,136,142,151,163,176,183,186,183,175
106,111,119,124,126,127,128,128,129,133,138,139,140,140,139,139,139,139,140,142,143,144,144,143
115,117,120,121,120,121,123,124,127,132,137,140,142,143,144,144,144,143,139,137,136,136,138,140
118,118,118,117,115,116,117,119,124,129,134,137,139,142,145,147,147,145,141,137,134,134,136,139
110,110,110,109,109,110,110,112,117,123,129,132,134,138,141,144,145,143,139,135,131,129,130,133
96,96,97,98,100,100,101,103,108,113,120,125,128,131,135,138,138,136,133,131,127,124,123,125
84,84,85,85,86,88,89,92,97,103,109,115,121,127,132,132,130,126,124,123,122,121,121,123
80,79,78,77,77,76,77,80,85,91,98,105,113,120,123,121,118,116,115,117,119,121,126,132
81,80,77,75,75,73,73,75,79,85,91,98,105,111,111,109,107,107,108,113,116,121,130,138
86,84,81,78,78,76,77,78,80,83,86,91,96,100,99,98,99,101,103,109,113,119,129,140
93,90,83,79,80,80,81,82,83,83,84,85,88,91,91,91,94,97,101,105,109,115,127,139
