118,117,116,116,116,118,119,119,119,117,119,118,117,117,118,119,118,117,117,117,118,119,120,119
118,117,117,117,117,118,119,119,118,118,119,119,118,118,118,119,118,118,118,118,118,119,120,120
117,117,118,118,118,118,118,118,118,119,120,120,119,118,119,119,119,119,118,118,118,118,118,119
117,118,118,118,118,118,118,119,119,119,120,119,119,118,119,119,119,119,119,118,118,118,117,118
118,118,118,117,118,118,119,120,120,119,119,119,119,118,118,119,118,118,119,118,118,118,118,119
118,119,119,118,118,119,120,120,119,120,119,119,119,119,119,119,118,118,119,120,120,120,120,121
118,119,119,118,117,117,118,118,118,119,119,119,120,120,120,120,119,119,120,120,120,120,120,121
118,119,118,117,116,115,116,117,117,118,119,120,121,121,120,120,119,120,121,121,120,120,121,121
119,118,117,115,113,112,114,116,117,118,119,120,121,120,120,120,120,120,121,121,121,121,121,121
119,118,117,114,112,110,112,115,117,118,120,120,120,120,120,121,120,120,120,120,121,121,121,121
118,118,116,113,110,108,111,114,116,117,119,121,121,121,122,121,120,120,120,119,120,121,121,121
118,116,113,109,105,103,107,112,115,117,120,121,121,122,122,121,121,120,120,120,120,121,121,121
119,115,110,104,99,98,104,112,117,121,125,126,127,128,128,126,123,122,122,121,121,121,121,121
132,128,121,113,107,108,117,128,136,141,145,147,149,150,150,144,135,128,124,123,123,121,121,121
169,169,164,156,149,152,162,175,184,188,190,193,197,198,197,183,162,143,133,129,128,126,125,125
201,208,215,215,213,215,221,227,232,232,234,235,236,237,236,225,202,177,160,154,148,144,142,142
176,188,208,228,240,245,249,251,251,251,251,251,252,252,251,246,233,215,200,193,187,183,180,177
140,148,167,193,215,231,244,250,252,253,254,253,253,253,253,253,249,242,234,229,224,221,218,214
130,129,133,144,163,186,211,229,238,244,245,245,244,245,247,249,249,248,245,243,240,238,236,233
136,135,132,129,129,138,156,175,194,208,212,212,212,216,226,234,237,234,231,231,225,221,221,222
144,143,138,132,127,125,129,137,147,157,161,162,165,174,192,208,214,209,199,192,184,180,181,185
150,149,144,138,132,128,125,125,127,131,133,135,137,147,165,181,185,176,161,151,145,141,142,146
152,150,145,139,134,131,128,125,124,124,126,127,128,134,146,156,158,150,136,127,122,121,121,122
152,148,142,137,133,130,127,125,123,122,124,125,125,127,133,139,141,138,131,124,118,118,119,119
