117,117,117,118,119,118,117,117,117,118,119,120,120,120,120,119,119,119,118,119,119,119,119,119
118,118,118,118,119,118,118,118,118,119,119,119,120,120,121,120,120,119,119,118,118,118,118,118
119,118,118,118,119,119,118,118,118,118,118,118,119,120,121,121,120,120,118,117,117,118,118,118
118,118,118,118,119,119,119,119,118,118,117,117,118,120,121,121,121,120,118,117,117,118,118,118
118,119,119,118,119,119,119,119,119,118,118,118,119,120,120,120,121,120,119,118,117,118,118,117
119,120,119,119,119,119,118,119,120,120,120,120,120,121,121,120,120,120,119,119,118,118,118,117
120,120,120,120,120,119,119,120,121,120,120,120,120,121,121,121,121,120,120,120,119,119,119,119
120,121,120,120,120,119,120,121,121,120,120,120,120,121,121,121,121,121,120,120,120,120,120,120
121,120,120,120,121,119,120,121,122,121,121,121,120,120,121,121,121,121,121,120,120,120,120,119
121,120,120,120,121,120,120,120,121,121,121,121,120,119,119,121,121,121,120,119,119,120,120,120
121,121,121,121,121,121,120,120,120,120,121,121,121,120,120,121,121,121,120,119,119,120,121,121
122,122,122,122,121,121,121,120,120,121,121,121,120,121,121,122,122,121,121,120,120,121,121,121
127,127,128,128,126,124,122,122,121,121,121,120,120,121,122,122,122,122,121,121,121,121,121,121
148,149,151,150,145,135,128,124,123,123,122,121,121,122,122,122,122,122,122,122,122,122,122,121
196,197,198,197,186,164,145,133,130,128,126,125,125,125,124,124,123,123,122,122,123,123,123,122
237,237,238,236,226,204,179,162,155,150,145,143,141,138,133,129,127,127,126,125,124,123,123,123
253,253,252,251,247,235,217,203,194,188,183,180,176,169,158,150,146,145,143,137,133,131,130,130
254,254,254,253,253,250,243,236,230,225,222,219,214,205,192,182,177,175,173,166,159,154,151,151
245,245,246,247,249,250,248,246,244,241,239,237,234,227,216,207,203,203,204,199,189,182,178,177
211,211,216,225,234,237,234,232,231,227,222,220,220,217,207,200,198,202,207,205,196,187,182,180
162,164,174,191,208,215,210,201,193,186,180,180,183,183,174,168,168,173,179,177,171,163,158,155
135,137,147,164,181,186,178,165,153,146,141,142,145,145,138,134,133,136,139,138,134,130,125,123
128,128,134,145,156,159,151,139,129,124,120,121,122,122,117,113,111,111,110,109,107,105,103,102
126,125,127,132,139,142,139,132,125,120,118,118,119,118,115,109,106,104,103,100,99,99,98,97
