119,120,120,120,119,119,118,118,119,119,119,119,119,118,117,117,118,119,119,117,117,117,117,116
120,120,120,120,120,120,119,119,118,118,118,118,118,118,118,117,118,118,118,118,118,118,117,116
120,120,121,121,121,120,119,118,117,117,118,118,118,118,118,117,117,118,118,118,118,119,118,116
119,120,120,121,121,120,119,117,117,117,118,118,118,118,117,117,117,118,118,117,118,119,118,117
119,120,120,120,120,121,120,119,118,117,118,117,117,118,117,118,118,118,118,117,119,119,119,118
121,121,121,121,120,120,119,119,119,118,118,118,118,119,119,118,118,119,118,118,119,120,120,119
121,121,121,121,121,121,120,120,120,119,119,119,119,119,119,119,119,119,119,119,119,120,120,120
121,121,121,121,121,121,121,120,120,120,120,120,119,119,119,119,119,119,120,120,119,119,120,120
120,120,121,121,121,121,121,120,120,120,120,119,118,118,119,119,120,120,120,120,119,119,119,120
120,119,119,120,121,121,120,120,119,119,120,120,119,118,119,120,120,120,120,119,119,119,119,119
121,120,120,120,121,121,120,120,119,119,120,121,120,119,119,120,120,120,120,119,118,119,119,120
121,121,121,121,122,122,121,120,120,120,121,121,121,120,120,120,120,120,120,119,119,119,119,120
121,121,121,122,122,122,122,121,121,121,121,121,121,121,120,120,120,119,119,119,119,119,120,120
121,121,122,122,122,122,122,122,122,122,122,122,121,121,121,120,120,119,118,118,119,119,120,120
125,125,125,124,123,123,123,122,122,123,123,122,122,121,122,121,120,120,119,119,120,119,119,120
142,140,136,131,128,127,126,125,124,124,124,123,122,121,122,121,121,120,119,119,119,119,119,120
177,174,165,155,148,146,144,141,136,132,131,130,130,130,132,132,129,124,120,119,119,119,119,120
215,211,201,189,180,176,175,171,163,156,152,151,152,155,159,158,149,136,125,119,117,117,118,120
234,231,224,213,205,202,204,203,196,186,180,177,180,186,191,188,173,151,131,118,114,113,115,117
220,220,214,205,199,199,205,207,203,192,185,182,184,192,198,193,175,151,129,113,107,105,107,109
185,185,180,172,167,169,176,179,176,168,161,157,158,165,172,170,156,137,119,106,100,98,99,101
147,147,142,136,133,134,137,139,137,133,128,124,125,129,135,136,130,119,109,102,99,97,97,97
124,123,120,116,111,111,110,110,108,107,104,103,103,105,109,110,110,108,106,105,103,101,100,99
120,120,117,113,107,105,104,102,100,99,98,98,98,100,102,103,105,108,110,111,108,106,105,104
