116,116,115,114,114,115,114,114,115,115,115,115,115,114,114,113,113,113,113,112,113,113,113,114
117,116,115,114,114,115,115,115,115,114,115,115,115,114,113,113,113,113,113,113,113,113,113,115
117,117,116,116,115,115,115,115,115,114,115,115,115,114,113,113,114,114,113,113,113,113,114,115
117,117,117,117,116,116,116,116,115,114,115,115,115,114,114,113,114,114,113,113,113,114,115,114
119,118,117,117,116,117,117,116,115,115,116,116,116,116,115,114,114,114,114,113,114,114,114,114
120,119,117,117,117,116,117,117,116,116,116,116,116,116,116,115,114,114,114,113,114,114,114,115
120,120,119,118,118,117,117,118,117,117,117,116,116,116,115,115,114,114,114,114,114,114,114,114
120,120,120,119,118,117,117,118,118,118,117,116,115,116,115,114,114,115,115,115,114,114,114,114
120,120,119,118,118,117,117,117,117,117,116,115,116,116,115,114,114,115,116,115,114,115,115,114
119,119,119,118,117,118,117,117,116,116,116,116,116,116,115,114,114,114,115,114,114,115,115,114
120,120,119,118,117,118,119,118,117,117,116,116,117,116,115,114,114,114,114,114,114,114,114,114
119,120,120,119,118,118,119,119,118,118,117,117,117,117,116,115,115,115,115,115,114,114,114,115
119,120,120,120,118,119,119,119,119,118,118,118,118,117,117,116,115,115,115,115,115,114,114,115
119,120,120,120,119,120,120,120,119,118,118,119,119,118,117,116,116,116,115,115,115,114,114,114
120,121,121,121,121,121,120,120,120,119,119,119,119,118,116,116,116,116,115,115,114,114,113,113
120,121,121,122,122,123,123,123,123,123,124,123,123,121,118,116,116,116,116,115,114,114,114,114
120,121,124,128,133,136,138,140,142,143,145,146,144,137,126,119,116,115,115,114,114,113,113,113
119,122,130,142,155,162,164,167,171,172,176,178,172,157,138,122,114,112,111,110,111,110,110,110
116,121,135,155,174,185,189,190,192,194,198,198,188,169,144,123,111,107,105,104,105,104,105,106
110,115,129,149,168,182,186,186,185,186,190,189,178,160,137,117,105,101,99,98,98,99,99,100
100,104,114,128,143,155,158,157,156,155,158,157,149,136,121,109,102,99,98,97,97,96,96,97
96,98,103,109,117,125,128,128,127,125,125,125,122,116,110,106,105,104,103,102,100,97,97,97
99,98,99,100,103,107,110,111,110,108,107,108,107,107,107,110,111,111,110,108,105,101,99,100
104,102,100,100,102,105,108,107,106,105,105,106,106,108,110,114,115,114,113,110,107,103,101,102
