255,255,254,252,247,228,193,145,95,63,56,55,54,53,55,54,52,51,52,52,52,53,58,64
254,255,253,245,226,192,152,111,78,59,55,54,54,53,54,53,52,52,52,52,51,52,56,61
254,251,237,209,170,130,97,75,61,55,54,53,53,53,54,54,53,52,52,52,52,52,55,58
239,229,198,155,113,81,64,57,54,54,53,53,53,53,55,54,53,52,52,52,52,53,55,57
198,179,143,108,87,71,62,57,54,53,53,53,53,53,54,54,53,53,53,53,52,52,54,55
132,123,107,90,77,66,60,56,54,53,53,53,53,53,54,53,54,54,54,53,52,52,53,53
94,91,86,79,70,62,58,58,57,55,53,53,53,52,53,53,53,53,53,53,53,52,52,53
79,78,78,77,72,65,63,67,67,60,54,53,53,52,52,52,53,53,53,53,53,52,52,53
82,81,83,85,83,75,75,79,78,65,56,53,53,52,52,52,52,53,53,54,53,52,52,53
96,97,99,100,96,88,88,88,82,66,55,53,53,53,52,53,53,53,54,54,53,52,52,53
104,104,104,101,95,94,97,98,87,66,55,53,53,54,53,54,54,54,54,54,54,53,53,54
104,103,100,97,98,107,114,110,93,67,56,53,53,53,53,54,54,54,55,55,55,54,54,55
101,98,96,99,111,126,131,120,95,67,56,53,53,53,53,55,54,54,55,56,55,55,56,56
96,95,99,111,129,142,140,120,89,65,57,54,54,53,54,55,54,54,54,55,55,56,56,57
96,99,110,125,137,139,130,107,80,62,57,55,55,54,55,54,54,54,54,55,56,57,58,59
100,108,122,133,131,118,103,86,68,58,56,56,56,56,56,56,55,55,55,56,57,62,66,68
108,117,131,140,134,114,92,73,61,56,55,55,56,57,58,57,56,55,55,57,59,72,89,100
114,122,135,146,146,130,100,73,59,55,54,55,56,57,59,58,56,55,56,57,61,83,117,145
117,124,136,149,156,145,111,79,60,55,55,55,55,56,58,57,56,56,56,57,64,93,141,182
114,122,134,146,147,130,101,76,61,56,55,55,55,56,56,56,56,56,56,58,67,100,152,194
114,120,131,138,133,114,96,79,63,57,55,55,55,56,56,56,56,57,57,60,73,110,160,197
114,120,128,131,121,106,97,81,64,57,55,55,56,57,56,56,57,57,58,62,81,123,172,202
113,119,128,130,121,112,101,82,64,58,56,56,56,57,57,56,57,58,60,66,92,140,187,209
110,118,128,134,131,124,105,81,62,58,57,56,56,57,57,56,57,58,61,70,103,155,199,215
