134,118,90,66,55,52,53,53,52,54,55,53,52,51,51,53,58,78,121,182,224,241,244,242
109,97,77,61,54,52,53,53,53,54,54,53,52,52,52,53,58,79,123,184,224,240,243,241
80,73,63,56,53,52,53,53,54,54,54,53,52,52,52,53,57,76,119,184,225,242,244,242
64,60,56,53,53,52,52,53,54,54,53,53,53,52,52,54,57,73,115,186,230,246,247,246
60,57,54,53,53,52,52,53,54,54,53,53,53,53,53,55,58,75,122,195,236,251,252,251
57,56,54,53,52,53,53,53,54,54,53,53,53,53,54,56,60,87,143,214,245,253,253,254
56,55,54,53,53,53,54,55,54,53,53,53,53,53,53,56,63,94,155,223,248,254,253,254
54,54,53,53,53,54,55,55,55,53,53,53,54,54,54,57,65,98,159,226,249,254,253,254
54,54,54,53,53,55,56,55,54,53,53,54,54,55,56,59,69,103,163,228,250,254,253,254
54,54,54,54,54,55,55,55,54,53,54,54,54,55,57,61,73,110,173,233,251,253,253,254
54,54,55,56,56,55,54,54,53,53,54,55,55,55,57,62,76,111,171,229,250,254,253,254
55,55,55,56,56,55,54,54,54,54,54,54,54,55,58,66,85,115,155,206,240,252,254,254
55,55,55,56,56,55,54,54,54,54,55,55,55,55,60,74,107,137,153,178,219,245,253,254
54,55,56,56,56,55,54,54,54,55,55,56,56,57,63,85,135,172,174,162,192,227,249,254
56,56,56,56,55,55,54,54,54,55,56,57,57,59,68,99,153,196,200,172,170,201,237,251
56,56,56,56,55,55,55,55,55,56,56,56,58,62,75,113,166,205,213,198,171,177,211,241
56,56,55,55,56,56,55,55,55,56,56,57,60,66,84,128,177,209,218,216,188,168,181,216
56,56,56,57,57,57,56,55,55,56,56,58,62,71,95,145,187,210,216,221,206,174,162,180
58,59,61,61,58,56,55,55,55,56,57,60,64,78,110,161,194,206,208,213,211,186,159,148
61,64,67,65,59,56,57,56,56,57,58,61,68,86,126,170,191,195,194,199,202,193,168,141
65,67,67,63,58,56,57,57,57,57,59,63,75,100,144,176,187,185,184,189,194,194,178,153
70,71,67,61,57,57,57,57,57,58,60,66,83,117,160,181,185,182,182,185,188,191,186,172
77,77,70,61,57,57,56,56,57,58,61,69,93,130,166,179,181,180,179,181,182,185,188,187
86,83,73,62,58,57,56,56,57,58,61,73,99,135,161,171,174,175,175,175,175,179,185,190
