51,51,51,52,55,62,89,141,198,232,243,243,238,233,227,221,212,201,189,178,169,160,153,151
52,52,52,52,55,62,91,144,200,232,242,242,237,230,223,216,208,198,187,177,167,159,154,152
53,52,52,52,55,60,88,141,200,234,243,243,238,231,223,215,208,199,189,179,170,163,160,160
53,52,52,53,55,59,83,139,203,238,247,247,243,238,231,225,219,211,199,189,183,178,176,177
52,53,53,53,55,60,87,147,213,245,251,252,250,248,244,241,237,229,220,211,206,203,199,197
53,53,53,54,57,64,103,168,228,250,253,253,254,253,251,250,247,243,237,233,230,225,217,209
52,53,53,54,58,68,112,179,236,252,253,254,254,254,253,253,252,249,246,244,241,236,228,219
52,53,54,55,60,72,116,183,238,252,253,254,254,254,253,253,253,252,250,247,244,240,233,225
53,54,56,57,62,76,121,187,241,252,253,254,254,254,253,253,253,252,251,248,244,241,234,227
54,55,56,58,64,81,130,195,244,252,253,254,254,254,253,253,253,252,251,249,245,242,235,226
55,55,56,58,65,84,130,192,240,252,253,254,254,254,253,253,253,253,251,249,247,243,237,229
55,54,55,60,71,94,126,172,219,247,253,254,254,254,254,254,254,253,252,250,247,244,239,233
55,55,56,63,82,120,142,161,190,231,249,254,255,255,254,254,254,254,252,250,247,244,240,236
56,56,58,69,98,152,175,169,168,204,238,252,255,255,254,254,254,254,253,251,248,244,241,239
58,58,61,77,113,172,201,191,169,175,217,244,253,254,253,253,253,253,253,251,249,246,244,241
58,59,64,86,129,183,211,210,190,167,187,223,247,252,252,253,253,253,253,253,251,249,247,243
60,61,70,96,144,191,213,220,209,180,167,194,229,247,251,253,253,253,253,253,253,251,249,245
62,64,77,110,160,198,212,219,218,198,163,168,201,235,248,252,253,253,253,253,253,252,250,248
65,68,87,126,175,200,207,210,213,206,174,155,171,213,241,249,251,252,253,253,253,253,252,251
67,72,98,141,181,193,193,195,200,202,187,158,152,182,225,244,250,252,253,253,253,253,253,254
71,81,114,156,183,186,184,185,190,194,192,168,147,154,198,233,248,252,253,253,253,253,253,254
77,94,132,169,185,184,182,182,186,189,192,180,155,141,168,211,239,250,253,253,253,253,253,254
87,108,143,173,181,181,179,180,181,183,187,186,169,144,143,182,222,247,253,253,253,253,254,254
96,117,145,166,172,175,175,175,175,176,181,186,178,155,132,156,205,242,253,254,254,254,254,255
