107,112,121,128,129,129,128,128,129,129,128,127,127,132,145,168,194,219,237,246,250,250,236,213
105,111,121,128,130,130,130,129,129,130,131,130,129,131,138,151,168,188,207,222,230,232,222,206
103,110,120,127,129,130,130,129,130,132,134,135,135,134,135,138,144,153,165,177,183,186,182,175
106,111,119,125,126,127,128,128,129,133,137,140,140,139,139,138,137,137,139,142,143,145,145,144
114,116,119,122,121,121,122,124,127,132,137,140,142,142,144,144,144,143,140,137,136,136,138,140
119,119,119,118,115,116,117,120,124,130,135,137,140,143,146,147,147,145,142,137,135,134,137,140
112,111,111,111,110,111,111,114,118,124,129,133,135,138,142,144,145,144,140,136,132,130,131,134
98,98,99,100,101,102,103,105,109,115,122,126,129,132,137,140,140,138,134,131,128,125,124,125
86,86,87,88,89,91,92,94,99,105,112,117,122,127,132,133,132,129,126,125,123,121,121,122
80,80,79,77,78,78,79,83,88,93,100,107,114,122,126,124,121,118,117,118,119,121,125,129
81,80,77,76,74,73,73,75,79,85,92,100,107,113,115,111,109,109,110,114,117,122,130,138
82,81,79,77,76,75,75,77,80,83,87,93,99,103,103,100,100,102,104,109,114,120,130,141
100,98,92,86,82,80,79,81,81,82,83,86,90,93,93,92,94,98,101,106,110,116,128,140
137,133,123,110,99,91,87,84,83,81,80,81,82,84,84,86,90,95,99,103,107,114,125,137
170,168,162,150,133,117,104,96,90,84,81,79,79,79,81,83,86,90,96,99,103,110,122,133
159,159,156,151,143,133,123,113,103,94,87,81,76,74,77,80,82,85,88,91,94,100,110,119
140,141,141,140,137,131,121,110,100,91,82,74,68,65,67,71,73,75,78,81,84,89,95,100
136,136,135,134,130,119,107,96,86,78,71,64,60,59,59,61,63,65,67,71,75,80,84,86
152,148,142,135,124,106,91,80,71,65,61,58,58,58,57,57,57,58,59,62,67,72,77,79
173,163,146,127,107,87,74,66,61,59,58,57,57,58,57,57,57,57,57,58,60,63,67,71
181,174,149,115,87,71,63,59,58,58,58,57,57,58,58,58,58,59,59,59,59,59,60,62
174,177,157,120,84,66,59,57,57,58,58,58,59,59,59,60,60,62,63,63,62,60,59,59
160,169,165,138,101,76,64,59,60,61,63,64,66,68,68,67,66,67,69,69,68,66,65,63
149,159,166,155,123,92,72,63,63,66,70,74,77,80,80,77,73,72,74,74,74,73,72,70
