181,157,131,121,127,130,128,124,122,121,120,118,115,110,104,99,99,104,111,115,119,121,122,122
181,159,135,128,140,147,142,132,124,122,121,119,113,106,100,96,97,103,111,117,121,123,124,125
161,148,135,133,146,155,151,139,130,131,133,132,127,118,109,105,108,118,129,137,141,144,146,148
141,138,136,138,145,150,147,138,134,141,153,162,164,159,149,145,149,160,172,180,183,186,189,190
141,143,145,147,149,146,138,130,130,142,165,192,209,214,211,209,213,220,227,231,232,233,235,236
144,147,149,153,158,157,148,138,132,133,143,168,197,221,235,241,245,247,249,250,250,250,251,252
138,140,143,148,155,157,153,146,139,135,133,140,155,177,203,224,239,249,253,254,254,254,254,255
128,129,132,139,148,152,151,147,143,139,133,130,131,139,156,175,198,219,234,243,247,248,248,247
124,124,126,132,142,146,147,146,144,141,138,136,132,129,128,132,149,171,191,208,219,222,221,220
131,130,129,133,141,145,148,148,146,144,144,143,140,135,130,125,125,131,141,155,166,171,171,169
142,140,139,142,148,153,157,158,154,151,150,150,147,142,135,130,126,125,127,131,135,137,138,137
147,147,148,151,156,162,168,169,165,157,154,152,149,144,138,133,130,127,125,124,126,127,128,128
149,152,155,156,159,164,169,172,169,161,155,151,146,141,135,132,130,127,124,122,123,124,125,125
148,153,157,156,154,157,160,164,165,161,153,146,139,132,127,125,125,123,120,118,119,120,122,124
142,146,149,148,146,145,147,152,158,160,150,139,129,123,118,117,116,116,114,112,114,118,123,126
126,128,128,127,129,132,136,143,149,148,139,128,121,116,112,111,110,109,108,107,109,113,120,125
104,105,105,107,112,117,122,128,133,129,122,117,113,111,112,114,111,105,102,101,103,107,113,117
88,88,89,92,96,100,104,108,110,107,104,103,103,105,110,114,110,102,97,96,98,101,104,106
81,81,80,81,82,84,86,87,87,87,88,90,92,96,102,106,103,97,93,93,93,95,97,98
73,72,71,71,71,72,73,74,76,78,79,80,82,84,88,90,91,90,90,90,90,91,93,96
63,63,63,63,63,63,64,65,67,69,70,71,71,73,75,77,79,80,82,84,89,95,103,111
59,59,59,60,60,60,60,61,63,64,64,65,65,66,67,70,74,82,92,104,118,131,146,157
62,63,63,63,63,63,63,63,65,68,68,70,71,73,76,82,95,114,137,157,171,184,198,208
69,70,70,70,69,68,68,69,72,76,78,82,86,91,96,107,130,161,192,210,217,221,227,233
