119,117,111,105,100,99,104,110,114,118,121,122,122,123,123,122,121,121,122,122,122,121,121,121
118,115,109,101,97,96,102,110,116,120,123,125,125,127,127,125,123,122,122,122,122,121,120,121
131,128,121,112,106,107,116,127,136,141,144,147,149,151,151,144,134,127,123,123,122,121,121,121
166,165,160,152,145,148,158,170,179,183,186,189,192,194,193,180,160,142,132,130,127,126,125,125
204,210,213,212,210,212,219,226,231,232,233,235,236,237,235,223,198,172,155,150,145,141,139,139
180,194,214,232,241,244,247,249,250,250,250,251,251,251,250,245,231,213,197,190,183,178,175,172
144,151,171,197,221,237,248,253,254,254,254,254,254,254,254,252,248,240,231,226,221,218,215,211
129,129,136,151,172,194,216,232,241,247,248,247,247,248,250,251,250,248,246,244,241,238,236,232
135,133,130,128,131,145,167,189,206,218,222,221,221,225,232,239,240,239,236,236,231,228,227,227
143,141,136,131,126,124,130,140,152,165,170,171,172,181,198,213,219,215,207,202,195,190,191,195
150,148,143,137,131,127,126,127,130,134,137,138,141,152,173,189,193,185,170,159,152,148,150,154
153,151,145,139,135,131,128,125,124,125,127,128,129,136,150,162,164,155,141,131,125,124,125,126
151,148,142,136,133,131,127,124,123,123,125,125,126,129,136,143,145,142,134,127,122,120,119,118
144,140,134,128,126,125,123,120,118,118,121,123,124,127,132,137,141,144,145,144,139,134,128,123
133,130,125,119,117,116,116,114,113,113,118,123,126,129,133,137,143,151,160,166,167,160,146,133
124,122,117,114,112,111,109,108,107,108,113,120,125,128,131,136,144,155,168,178,184,182,170,158
114,113,112,112,114,111,106,102,101,103,107,113,118,123,127,134,144,156,169,182,191,192,184,176
103,103,104,109,114,111,103,98,97,98,100,104,108,114,121,127,136,148,161,177,190,192,186,180
90,91,95,100,106,103,98,94,93,94,95,97,100,105,111,117,123,131,144,162,179,182,177,171
81,81,83,87,90,91,90,90,90,90,91,94,97,102,106,110,114,118,125,137,150,158,160,161
71,71,72,74,76,78,80,81,83,88,94,103,112,120,124,127,127,126,123,124,127,131,138,146
65,65,65,67,69,73,80,91,103,116,130,145,158,167,169,169,167,162,155,148,142,137,136,139
70,71,73,76,80,91,111,134,155,170,184,197,209,214,213,211,208,203,195,186,177,167,158,153
84,86,89,95,104,124,156,187,208,217,221,227,233,235,232,228,227,223,215,208,202,195,186,178
