121,121,121,122,122,122,122,122,121,121,122,121,121,121,120,121,120,120,120,119,119,120,120,120
120,121,121,122,122,122,122,122,122,122,122,121,121,121,120,120,120,119,119,118,119,120,120,120
120,121,122,122,122,122,122,122,122,122,122,121,121,121,121,121,120,119,118,118,119,120,120,120
125,125,124,124,123,123,123,122,122,123,122,122,121,121,122,121,120,119,118,119,120,119,119,120
139,138,134,130,128,127,127,126,125,124,123,123,122,122,122,122,121,120,119,119,120,119,119,120
173,170,161,150,144,141,140,137,132,129,127,127,127,127,128,129,126,123,120,119,119,119,119,120
212,207,197,185,177,173,172,167,160,153,149,148,149,152,156,155,147,135,125,120,118,118,118,119
233,230,222,211,203,200,201,198,191,181,176,174,176,182,187,184,169,149,130,119,114,114,115,117
226,226,220,210,203,203,208,210,205,194,187,184,187,194,200,195,177,153,130,115,108,107,109,111
194,195,189,181,176,178,184,188,185,177,169,166,168,174,181,177,162,141,122,107,101,99,100,103
154,154,150,143,139,141,145,147,145,141,135,131,131,135,143,143,135,122,110,102,98,96,96,97
128,127,124,119,115,115,116,115,114,112,109,107,107,109,114,116,114,110,106,103,102,100,99,99
120,118,116,112,107,106,103,101,100,99,97,97,98,99,102,104,106,107,108,108,107,105,104,103
124,121,117,113,108,105,102,99,96,95,95,96,97,99,102,104,107,110,112,112,110,108,106,105
135,128,119,111,108,104,99,94,92,91,92,93,96,99,102,105,108,110,111,112,111,109,107,105
159,151,135,119,108,102,98,94,91,91,92,94,96,99,101,104,107,109,111,112,111,110,107,104
176,172,159,139,121,110,102,98,96,96,97,99,101,102,102,104,106,108,110,110,109,107,102,98
179,179,175,164,149,135,122,111,105,103,103,103,104,103,103,104,104,104,105,105,102,99,94,90
172,172,179,185,183,173,157,139,123,114,108,105,102,100,99,99,98,97,97,96,92,87,83,80
160,165,179,196,206,207,199,180,156,134,118,106,98,93,91,91,90,89,87,84,81,76,73,72
143,154,177,202,220,229,226,212,193,171,148,127,108,93,84,83,83,82,80,78,76,73,72,71
137,145,166,191,213,226,229,224,214,202,183,160,133,106,87,82,81,81,80,79,77,76,75,74
152,153,161,174,189,201,209,214,215,214,206,190,163,130,100,89,85,83,82,82,82,80,78,77
178,173,168,165,167,173,185,197,206,210,211,204,184,152,115,96,88,85,83,83,84,82,80,79
