119,120,120,119,118,118,119,120,120,118,118,118,118,117,117,116,115,114,115,115,114,114,114,114
119,120,120,120,119,119,119,120,119,118,118,118,118,117,117,116,116,115,115,115,114,114,114,114
119,120,121,120,119,119,120,120,119,118,118,119,118,117,117,116,116,116,115,115,114,114,114,114
120,121,121,121,120,120,120,120,119,119,119,119,119,118,116,116,116,116,115,115,114,114,113,113
120,121,121,122,123,123,123,123,123,124,123,123,122,121,118,116,116,116,116,115,114,113,113,113
120,121,122,126,131,133,134,135,137,138,140,142,140,134,124,118,116,115,116,115,114,113,113,113
120,121,129,141,153,160,162,165,169,171,174,176,170,156,137,122,115,112,112,111,111,110,110,111
117,121,135,154,172,183,186,188,191,193,197,197,187,168,143,123,111,107,106,105,105,105,106,107
111,117,132,153,172,185,189,189,189,190,194,192,182,162,139,118,106,102,101,99,99,100,100,101
102,107,118,134,150,163,167,166,164,165,168,167,158,143,125,110,102,99,98,97,96,96,96,96
96,99,104,112,121,130,134,133,132,130,130,130,126,118,111,106,104,103,102,101,99,97,96,97
98,98,99,101,105,111,114,114,114,112,111,111,110,108,108,109,110,110,109,106,103,100,99,99
102,101,100,100,102,105,108,108,107,105,105,105,106,107,110,113,115,115,112,109,106,103,101,102
105,104,103,103,104,107,109,108,105,104,104,105,107,110,113,115,116,115,113,110,108,105,104,105
106,104,104,104,105,107,108,106,103,101,103,106,110,113,115,117,117,115,113,110,108,107,107,108
105,103,101,100,101,101,101,100,99,100,105,111,115,117,117,117,116,114,112,109,108,109,110,110
100,97,94,93,93,93,93,94,96,100,108,114,119,119,117,115,114,112,111,110,109,110,110,110
90,88,85,84,85,86,88,91,95,102,110,117,120,120,116,113,111,110,110,110,110,110,109,108
79,78,77,77,80,82,85,90,95,103,110,116,119,119,115,112,110,109,109,109,109,108,107,105
71,71,72,75,78,81,85,90,95,100,105,109,112,113,111,110,108,107,106,106,106,105,103,101
71,72,73,75,78,80,84,88,92,94,97,99,101,103,103,103,102,101,100,100,100,98,97,96
74,74,75,77,79,80,83,86,87,88,89,90,91,93,95,96,96,96,96,95,94,93,92,92
77,77,77,78,79,81,83,85,85,86,86,85,85,87,90,92,92,93,94,94,93,92,92,92
80,79,78,79,80,82,84,85,85,87,87,86,86,87,89,91,91,92,94,96,95,95,95,96
