54,55,56,56,55,55,54,53,54,55,55,54,54,55,60,73,106,132,144,173,221,248,254,254
54,55,56,56,56,55,54,54,54,55,55,55,55,56,61,79,121,153,158,164,207,239,253,254
55,55,56,56,56,55,54,54,54,55,55,56,57,58,65,90,141,181,183,164,183,219,246,253
56,56,56,56,55,55,55,54,54,55,56,57,57,60,71,104,158,200,206,180,168,192,229,249
56,56,56,56,55,55,55,55,55,56,56,57,58,64,78,118,169,206,216,206,175,172,201,234
56,55,55,55,56,57,56,55,55,56,56,57,60,68,88,133,180,209,218,219,196,169,173,204
57,57,57,58,57,57,56,55,55,56,56,59,63,73,100,150,190,209,214,219,209,178,159,167
58,60,63,63,59,57,56,56,56,56,58,60,65,80,115,164,193,202,203,208,209,189,161,143
61,65,67,65,59,56,57,57,56,57,59,62,70,91,132,173,190,191,190,195,200,194,171,142
66,68,67,61,57,56,57,57,57,57,59,64,77,105,150,178,185,183,182,187,191,193,181,158
71,71,67,61,57,57,57,56,57,58,60,67,87,122,164,182,185,182,182,185,187,190,187,178
81,78,70,61,58,57,56,56,57,58,61,71,96,132,165,177,179,178,178,179,180,183,187,188
86,81,71,62,58,57,57,57,57,58,61,74,101,134,157,166,172,176,176,175,175,177,182,185
82,77,68,61,59,58,58,58,58,59,62,75,102,131,149,159,169,176,178,176,175,175,177,178
73,69,65,62,61,60,59,59,59,59,63,76,101,129,148,160,171,179,182,181,179,178,177,177
69,68,67,65,64,63,61,60,60,60,63,74,94,119,141,157,170,179,183,183,182,180,178,178
69,70,70,69,66,64,63,62,61,61,63,70,85,107,132,151,164,171,176,178,179,178,176,176
74,74,72,70,67,65,65,64,64,63,65,71,85,106,130,147,156,161,164,167,170,170,169,168
86,82,76,71,68,67,67,67,68,67,68,77,95,117,136,146,150,151,152,154,158,158,157,156
111,101,88,78,75,73,73,73,73,71,71,79,96,116,133,139,142,143,144,146,148,148,147,147
142,131,113,98,90,84,83,84,83,76,74,80,92,106,122,129,131,133,135,137,139,140,140,140
162,155,140,123,109,101,100,102,100,89,84,85,91,101,113,119,121,124,126,127,129,130,132,135
173,170,161,147,132,123,122,123,119,107,99,96,97,102,109,113,114,116,117,118,119,119,122,126
179,177,172,162,150,145,140,135,130,122,115,107,103,105,109,111,112,112,112,112,111,110,112,117
