87,86,82,79,79,80,82,84,85,84,84,85,89,93,92,92,94,97,101,105,108,116,128,140
112,108,100,91,85,82,82,82,82,82,82,83,85,88,88,88,92,96,100,104,108,115,127,139
151,147,138,125,111,100,92,88,85,82,80,80,81,83,84,85,88,93,98,102,106,113,125,136
171,169,164,153,139,123,111,102,95,87,83,80,78,78,80,82,85,89,93,97,100,107,119,129
153,153,151,148,143,135,125,116,105,95,87,80,74,72,74,78,80,82,84,87,91,97,105,113
135,136,136,136,133,126,116,105,96,87,78,70,64,62,63,66,69,71,74,77,82,86,90,94
140,139,138,136,129,116,103,91,81,72,66,61,59,58,58,59,60,62,64,68,73,78,82,84
159,152,144,133,119,100,86,75,67,62,59,58,58,58,57,57,57,57,58,61,64,69,74,77
176,166,147,123,100,82,70,63,60,59,58,57,57,58,57,57,57,57,58,58,59,61,64,68
181,175,150,114,82,67,61,59,58,58,58,57,58,58,58,59,59,60,60,60,59,58,59,60
170,175,160,125,87,68,60,58,58,58,58,59,60,60,61,61,62,63,65,64,63,62,60,59
156,165,165,145,110,83,68,62,63,65,67,69,72,74,75,73,71,71,72,71,71,70,69,67
145,152,162,159,134,107,89,82,85,90,96,101,107,111,113,109,103,95,88,83,82,82,85,90
136,138,151,160,147,132,117,111,115,123,132,141,149,155,159,156,147,132,113,99,94,93,102,115
124,124,137,150,150,144,136,131,130,135,146,156,165,172,175,176,173,162,140,114,101,97,105,119
111,112,122,138,149,150,148,143,137,134,139,150,162,171,176,177,177,170,155,128,108,99,101,108
107,108,114,130,149,154,155,153,146,136,135,142,154,165,172,175,176,173,163,141,116,102,99,101
107,107,112,126,148,158,161,161,156,143,135,137,145,156,166,173,174,173,167,151,126,107,100,100
106,107,111,124,147,162,165,166,163,151,139,135,140,148,160,169,173,172,166,155,134,114,102,100
108,108,110,123,146,164,166,166,166,156,144,139,141,146,154,165,170,169,163,154,139,119,104,99
110,108,110,124,149,164,165,165,165,158,151,145,144,147,152,160,164,162,156,149,139,122,107,100
109,107,110,127,154,163,163,163,162,158,154,150,147,148,151,156,158,155,149,141,135,122,108,101
107,106,112,132,159,164,161,159,157,154,154,151,148,148,150,153,152,147,139,132,128,120,109,102
105,104,113,135,162,165,160,155,152,151,153,151,148,147,149,150,148,142,132,124,122,117,109,102
