104,103,101,100,102,105,107,108,107,106,106,106,106,108,110,115,116,115,113,110,106,103,101,102
105,103,102,102,103,106,108,108,106,105,105,105,106,109,111,115,116,115,113,110,107,104,102,103
106,104,103,103,104,107,109,107,105,103,103,105,108,111,113,116,116,115,113,110,108,106,105,106
106,104,103,103,104,106,106,104,102,101,103,107,112,115,116,117,117,115,112,110,108,107,108,109
104,102,99,98,98,99,98,97,97,100,105,112,117,118,117,117,116,114,111,109,108,109,110,111
97,95,92,90,90,90,91,92,96,100,108,116,119,119,116,114,112,111,110,110,110,110,110,109
86,84,82,81,83,84,87,90,95,102,111,117,121,120,116,113,111,109,110,110,110,109,108,108
76,76,75,76,79,82,85,90,95,102,109,114,117,118,114,111,109,108,108,108,108,107,106,105
71,71,72,75,78,81,85,89,94,98,103,106,108,110,109,108,106,105,104,104,104,103,101,99
71,72,74,76,78,80,83,87,90,92,94,95,97,99,100,101,100,100,99,98,97,96,95,94
75,75,76,77,79,80,83,85,87,87,87,87,88,90,92,94,94,94,95,94,92,91,91,91
78,78,78,78,80,81,83,85,86,86,86,85,86,88,90,91,92,93,94,94,94,93,93,94
83,82,82,82,82,83,85,87,88,89,89,88,89,91,93,93,93,94,96,98,98,98,99,99
91,90,89,88,86,86,88,90,91,92,91,91,93,95,97,97,96,97,98,101,101,101,102,103
96,96,95,92,89,88,89,90,91,90,89,91,93,94,96,95,95,96,97,97,97,98,99,101
94,94,92,88,85,83,84,86,87,86,86,88,92,93,93,93,93,94,94,93,93,95,97,99
89,89,87,84,81,80,81,83,85,85,86,89,94,97,97,95,95,94,95,94,95,97,99,101
90,89,88,85,83,82,84,86,88,87,88,93,98,102,102,100,99,99,100,101,102,104,105,105
100,98,96,93,91,90,91,93,94,93,93,97,101,104,105,104,104,105,107,108,109,109,109,107
109,107,103,99,97,95,95,97,98,98,98,100,102,105,106,106,107,108,110,110,108,107,106,104
110,107,101,96,95,93,92,94,97,98,97,97,97,99,99,100,101,102,103,102,99,98,97,96
118,113,106,99,95,91,90,92,95,95,94,93,94,96,98,98,99,100,102,100,97,95,95,95
131,127,119,110,102,97,95,96,97,96,94,94,97,101,105,105,105,107,108,107,103,99,97,97
143,139,132,123,114,109,105,103,101,100,98,99,103,109,114,116,116,116,116,114,110,104,100,98
