224,222,219,213,202,183,169,167,169,154,116,104,113,129,138,142,134,108,76,62,57,56,56,57
208,205,200,194,187,175,166,167,170,156,118,105,114,130,142,149,141,114,79,62,57,57,57,56
182,179,174,169,167,162,160,163,166,152,116,103,112,130,145,157,153,125,86,65,58,57,57,57
169,166,161,157,155,153,153,157,159,147,113,101,108,127,144,161,162,138,100,72,61,58,57,58
184,181,174,167,161,156,153,157,161,152,118,101,105,122,140,158,162,147,115,83,66,60,58,58
202,200,195,188,179,172,171,178,185,177,138,107,102,118,135,152,156,144,119,92,72,62,59,59
220,219,216,209,201,195,196,204,210,203,159,115,101,115,131,148,156,152,137,113,86,68,61,61
234,233,229,223,215,211,212,217,221,211,169,120,100,112,128,146,159,163,155,131,97,75,65,64
237,233,227,220,213,209,208,210,210,200,165,120,99,109,126,145,163,173,167,142,107,83,72,69
217,209,199,192,189,188,187,185,183,176,154,118,99,107,125,145,166,179,178,157,128,104,89,83
170,163,157,157,162,164,164,163,161,158,145,116,99,104,122,143,166,185,194,189,170,148,129,118
134,132,132,137,142,142,142,145,149,151,143,116,99,102,119,140,162,183,199,205,200,187,171,159
127,128,133,137,138,134,136,143,155,165,158,129,104,100,117,136,158,179,197,209,213,207,195,184
145,148,155,158,155,149,151,162,178,192,187,151,114,101,115,134,156,177,195,208,214,211,201,190
174,178,186,192,190,185,185,191,201,212,207,167,123,103,115,133,155,176,193,205,212,211,202,191
197,198,203,207,211,213,211,207,205,206,197,163,124,104,115,134,155,175,192,205,211,210,203,194
216,214,212,214,220,225,219,209,201,194,183,156,123,106,116,135,156,176,193,206,212,210,203,195
225,220,212,206,209,211,200,188,179,171,163,144,120,108,119,138,159,179,196,209,214,212,204,197
225,218,204,190,184,182,170,157,147,141,139,130,116,110,124,143,165,185,200,214,217,215,209,202
232,223,203,182,172,175,169,156,142,134,134,126,114,110,126,147,170,190,205,219,222,220,215,209
231,218,196,180,180,198,205,195,174,155,153,140,121,111,126,149,172,193,211,226,229,226,218,212
207,196,182,175,182,201,215,213,198,180,176,155,127,113,127,149,171,193,212,228,231,226,218,210
198,193,189,187,191,201,210,212,207,196,189,162,129,113,128,149,170,190,210,226,230,226,218,210
222,222,219,215,213,213,212,210,208,202,190,161,128,113,128,149,169,189,207,224,230,228,220,213
