100,118,142,158,163,170,173,173,172,171,176,182,181,164,134,141,188,233,251,254,254,254,254,255
101,118,139,155,163,171,175,175,174,173,176,180,181,170,143,137,172,218,247,253,254,254,254,255
102,117,137,153,163,174,179,179,178,176,176,178,181,180,165,143,152,189,231,249,254,254,255,255
99,113,133,150,163,175,181,183,181,180,178,178,182,189,188,166,149,162,200,230,240,244,247,248
92,103,123,144,160,172,179,182,182,182,179,178,182,191,200,195,173,157,162,185,200,211,216,217
81,91,112,137,154,163,170,174,176,177,175,174,178,187,198,211,205,178,145,135,139,147,151,152
89,99,118,138,151,155,158,161,163,166,165,165,168,177,193,212,223,203,156,121,114,116,117,118
96,106,124,139,145,148,149,150,152,155,154,154,157,168,187,209,228,218,175,125,110,107,107,107
94,104,120,133,137,139,140,141,143,145,145,145,149,161,181,205,224,222,188,133,112,107,107,107
91,96,109,121,126,128,131,133,134,137,137,139,144,155,175,198,217,220,195,141,114,106,106,106
92,95,104,113,117,119,121,123,124,126,128,131,138,150,169,191,210,217,202,155,121,107,105,104
97,99,104,110,112,113,115,115,115,116,117,120,129,143,162,183,200,212,208,174,130,108,104,104
107,107,109,111,111,111,110,109,108,107,106,110,119,134,154,175,191,206,213,191,141,111,104,104
119,117,115,114,112,110,107,104,101,100,99,102,110,124,143,163,181,200,213,201,149,115,104,103
130,126,120,115,112,108,105,101,98,96,95,96,103,115,130,148,168,191,209,201,154,117,103,103
140,135,127,118,113,109,106,103,100,97,93,92,97,107,119,134,151,174,195,195,155,120,104,102
147,143,134,124,117,113,110,108,105,100,94,90,92,100,110,122,137,156,176,183,152,120,104,102
154,150,142,132,124,118,115,112,109,105,97,89,88,93,101,112,124,139,155,164,144,118,103,102
164,160,153,143,133,124,118,115,112,107,99,89,85,87,94,102,111,123,135,143,130,113,102,101
177,173,164,153,141,130,123,117,112,107,100,89,82,82,87,92,99,108,118,123,117,108,102,101
185,179,168,155,142,133,124,116,109,104,97,88,82,80,81,83,88,94,102,107,105,102,100,100
182,176,166,154,145,136,126,117,110,105,98,88,81,77,76,77,79,83,88,92,94,95,96,96
175,170,162,155,150,142,132,123,116,110,101,91,81,76,74,73,74,76,78,82,85,87,89,89
173,168,161,156,154,147,138,129,122,115,106,94,83,76,73,72,73,74,75,78,80,81,81,82
