101,103,107,107,100,91,85,82,81,82,83,84,88,92,91,86,84,84,85,88,93,98,103,107
128,131,136,137,130,119,105,94,88,89,90,98,114,126,123,115,110,110,113,116,119,123,128,133
156,160,164,166,163,154,136,115,100,96,96,109,137,163,164,154,146,143,146,148,148,150,153,156
167,171,175,178,178,175,161,137,113,101,99,110,139,174,186,179,168,161,162,162,160,160,161,162
161,165,171,175,177,175,169,151,125,105,99,102,124,157,181,180,168,158,155,154,153,152,154,156
152,157,165,172,175,174,171,159,137,112,101,100,113,140,170,175,164,152,147,145,144,145,148,151
143,148,157,167,172,174,172,163,146,122,105,100,106,126,158,171,161,147,139,137,137,139,144,150
140,143,151,161,169,172,170,162,150,130,110,101,102,115,143,162,158,144,134,132,133,136,144,152
141,142,148,157,165,169,165,158,149,134,114,103,100,108,127,148,151,141,132,130,130,136,147,156
145,146,148,154,160,162,158,151,144,134,117,105,100,103,114,133,140,137,130,128,131,137,148,157
148,148,149,152,156,156,150,143,136,129,116,105,100,101,107,119,128,130,128,131,134,138,144,151
148,147,149,151,152,150,143,134,127,124,115,106,100,100,103,110,118,123,125,128,130,132,135,140
147,146,147,148,147,142,133,123,118,118,114,106,101,100,101,105,111,116,118,119,121,122,124,128
146,144,145,146,143,133,122,113,111,113,112,106,101,100,100,103,106,108,108,109,111,112,114,116
145,142,142,143,138,124,111,105,105,109,108,104,101,100,100,101,101,100,101,102,103,104,106,106
142,139,138,137,130,114,102,98,101,106,105,102,100,99,99,99,99,98,98,97,97,97,98,98
139,135,133,130,121,104,95,95,99,102,101,100,100,100,100,99,98,97,96,94,93,92,93,93
138,134,129,122,110,95,91,93,98,100,98,99,100,100,100,99,98,97,94,92,91,89,89,89
139,133,124,112,99,89,89,93,96,97,96,98,100,100,99,99,99,97,95,91,89,88,87,87
138,129,115,101,89,87,89,93,94,94,95,98,100,100,100,101,100,98,96,92,89,87,86,85
129,120,104,89,83,86,90,92,93,94,96,98,100,100,100,100,100,99,97,94,91,90,88,88
116,106,91,80,79,85,89,92,94,97,99,100,100,101,101,100,101,100,99,96,95,94,92,90
100,91,81,76,79,86,91,94,97,100,101,101,101,101,101,101,101,101,100,99,98,97,94,90
86,81,76,76,81,88,94,98,101,103,102,101,101,101,101,101,101,101,101,101,100,98,93,88
