108,110,115,121,133,157,191,219,233,235,234,236,239,240,238,236,234,229,222,217,212,207,200,193
133,135,136,140,149,169,198,222,235,237,237,239,241,241,240,238,236,231,225,220,215,210,204,197
157,157,156,156,164,181,203,224,236,239,239,241,242,243,242,241,239,234,228,223,218,214,208,203
164,162,161,163,171,186,206,224,236,240,241,243,243,243,244,244,241,237,232,226,220,216,211,207
156,156,157,162,173,189,208,224,235,240,243,244,245,244,245,244,242,238,234,230,223,217,212,209
150,152,157,166,177,191,207,222,233,241,244,246,247,246,246,245,243,240,238,234,227,221,216,213
149,153,162,172,181,193,206,220,232,240,243,246,247,248,247,245,243,241,239,237,231,224,219,215
152,158,169,181,189,197,208,220,232,239,242,245,247,247,247,245,243,241,239,237,232,227,221,218
156,163,175,187,196,203,211,222,233,239,240,244,247,247,246,245,244,242,240,237,233,229,225,222
156,163,175,187,197,205,214,224,231,236,239,244,248,248,246,246,246,245,243,239,236,234,232,230
149,155,167,180,192,201,211,220,226,226,231,241,248,249,247,247,248,247,245,242,240,237,234,233
139,144,153,165,178,187,197,206,213,215,225,236,245,248,247,247,247,247,246,244,243,240,236,235
127,131,137,147,158,168,178,188,197,204,215,226,235,241,243,244,245,245,246,245,245,242,240,240
116,118,123,130,139,150,161,171,180,191,201,210,219,227,231,234,238,241,242,242,242,241,241,243
105,107,111,117,126,138,149,157,166,177,187,197,206,212,213,215,221,226,230,230,231,232,236,239
98,98,100,104,112,121,132,140,149,164,176,188,196,198,195,197,201,207,213,214,216,219,224,229
93,92,93,95,100,106,114,122,132,145,157,172,181,181,179,180,184,189,195,197,201,205,210,215
89,89,89,90,93,96,101,108,117,127,138,153,161,161,162,164,168,173,179,183,188,193,197,200
87,87,87,88,90,92,96,101,107,115,125,135,141,142,146,150,154,160,166,172,178,182,184,185
86,86,85,85,88,91,94,97,101,106,115,123,126,128,133,139,145,150,157,164,168,169,170,170
88,88,86,85,86,89,92,93,96,100,107,112,115,117,122,127,132,137,143,149,152,154,157,159
91,89,88,87,87,89,90,91,93,95,99,104,107,109,113,116,121,125,129,134,139,142,146,148
91,89,86,85,87,88,90,91,92,93,95,98,100,102,105,108,112,115,119,123,128,132,134,136
90,85,81,81,84,87,90,92,92,93,94,96,97,98,100,103,107,111,114,116,120,123,126,126
