90,89,88,89,90,91,92,93,92,90,89,88,87,87,86,86,86,86,87,88,88,88,89,90
94,93,93,94,95,94,95,95,93,91,89,88,87,86,86,86,86,87,87,87,88,88,89,90
100,99,100,100,100,99,99,98,95,92,89,88,87,86,86,87,88,88,87,87,88,89,89,90
103,104,104,104,103,102,102,100,97,92,90,88,88,88,88,89,89,89,89,89,89,90,90,91
104,105,104,103,102,103,102,100,97,93,91,90,90,91,90,91,90,90,90,90,90,91,91,92
107,108,106,104,103,103,102,99,96,94,92,92,92,92,90,89,89,89,88,88,88,89,89,89
112,112,110,108,106,105,102,99,96,94,92,91,92,91,90,89,88,87,87,87,87,87,88,88
111,112,112,110,109,106,103,100,97,95,93,92,92,92,91,90,89,88,87,87,88,88,90,91
106,108,110,110,110,108,105,102,100,98,96,95,94,94,93,92,91,90,89,89,89,91,93,94
102,104,107,110,110,110,109,107,104,102,98,96,95,95,94,92,91,89,89,89,90,92,93,94
103,105,109,113,115,114,112,109,106,104,100,97,95,94,93,91,89,88,88,90,90,90,90,91
106,108,111,114,115,112,110,107,106,104,102,99,98,96,95,93,92,91,92,93,93,92,91,91
107,109,111,112,111,109,107,105,104,103,102,100,99,98,98,97,96,96,95,96,96,95,94,95
108,109,109,108,107,106,104,103,102,102,100,98,98,98,99,98,98,98,97,96,97,97,98,100
109,109,109,107,105,104,102,101,101,102,100,97,96,96,98,98,98,98,97,95,96,98,101,102
110,109,109,109,107,105,102,101,102,101,98,95,95,96,96,97,97,97,96,97,98,100,103,104
106,105,106,106,105,104,102,102,101,99,96,95,95,95,94,95,96,96,96,98,100,103,105,105
101,101,101,101,101,103,104,104,103,101,99,99,97,94,92,92,94,95,97,99,101,104,105,106
102,102,100,99,101,105,107,107,106,106,106,105,101,96,92,90,92,95,98,98,100,103,104,103
109,109,107,105,107,110,110,109,109,108,108,107,103,99,95,92,91,93,94,95,97,98,99,98
103,104,106,109,112,114,112,109,106,105,104,103,100,96,93,90,89,90,92,93,94,94,94,94
98,99,103,109,113,113,111,107,103,100,98,97,96,94,92,90,89,89,92,93,94,94,92,92
99,99,101,106,109,109,106,104,100,97,95,94,94,93,93,93,93,93,94,95,95,95,94,94
103,102,100,101,102,103,103,101,99,96,95,95,95,94,95,96,97,97,96,97,96,96,97,97
