179,177,172,162,147,144,140,136,131,122,114,106,102,102,108,110,111,112,113,112,111,111,114,119
181,179,174,167,156,151,145,139,133,127,120,112,107,107,110,111,111,111,110,110,108,107,109,114
186,183,178,172,164,160,154,149,145,140,135,125,117,114,113,112,111,108,106,104,103,101,102,106
196,193,187,180,174,172,169,167,165,162,153,141,129,121,116,113,110,106,103,100,98,96,96,99
212,209,204,197,190,190,191,191,188,181,166,151,138,128,120,115,110,106,103,100,97,94,92,93
233,230,225,217,208,204,203,201,193,179,165,154,145,135,125,119,114,110,108,105,101,95,91,90
247,245,240,231,219,209,205,201,194,182,170,160,152,144,134,126,119,115,113,110,106,99,91,87
253,253,249,240,228,216,209,203,196,188,178,170,162,154,145,135,126,119,116,113,109,102,92,85
254,254,253,248,239,228,220,211,201,192,185,179,174,165,154,143,133,124,118,114,109,102,92,84
254,254,254,252,249,242,234,223,208,195,187,185,181,173,160,147,136,127,119,112,107,101,92,84
254,254,254,253,252,250,244,233,218,201,190,184,178,169,157,148,139,129,119,112,106,100,91,84
254,254,254,253,253,252,248,240,227,212,197,185,175,165,157,152,145,135,125,118,111,104,95,86
253,254,254,253,253,252,248,242,233,220,204,189,175,162,155,152,148,141,133,125,119,110,98,88
248,250,252,252,252,249,246,241,234,223,208,193,176,159,147,144,144,142,136,128,121,112,99,90
231,238,245,248,248,245,242,238,232,223,209,194,175,154,137,130,130,131,128,123,116,109,100,93
187,203,223,237,240,239,236,233,230,223,209,193,173,151,131,122,121,122,121,119,116,114,109,103
144,158,183,206,220,229,231,229,225,216,203,187,168,148,128,118,117,119,120,121,121,121,117,111
119,126,143,165,185,202,210,211,207,199,188,176,162,145,126,115,114,117,119,122,124,123,119,114
113,114,118,129,144,160,171,175,175,172,166,160,152,139,122,112,110,113,115,117,119,119,116,114
112,112,113,115,119,124,131,136,139,141,140,138,135,128,116,108,107,108,109,111,113,114,115,114
112,111,112,112,113,114,116,117,119,120,120,120,119,115,110,105,103,103,103,105,107,108,105,103
112,112,112,112,112,112,112,112,112,112,111,110,110,108,106,103,100,98,97,98,98,96,91,88
112,112,112,112,112,111,111,111,111,110,108,107,106,104,103,99,96,92,91,92,91,88,85,82
112,112,112,113,113,110,110,110,109,107,106,104,103,102,100,95,91,88,86,88,90,90,88,87
