124,131,146,166,187,203,216,205,168,121,107,105,105,104,103,105,105,105,104,102,103,104,105,104
119,126,142,162,183,197,212,207,175,125,108,104,104,104,104,105,105,104,103,102,102,103,104,103
111,118,133,152,173,190,208,211,184,131,109,104,104,104,104,104,104,104,103,102,102,102,102,102
103,109,122,140,160,179,202,211,189,137,111,103,103,104,104,104,104,104,103,102,101,101,101,102
96,102,113,126,143,161,187,201,186,140,112,103,103,103,103,103,104,104,103,102,102,102,102,102
91,96,104,115,129,145,168,185,179,141,112,103,102,102,102,103,103,103,102,102,101,101,101,99
87,90,97,106,118,131,148,164,163,136,111,102,102,101,101,103,103,102,103,102,101,100,98,94
83,85,90,97,107,118,130,142,143,126,109,102,101,101,101,102,102,102,102,101,100,97,92,86
80,81,84,89,96,104,114,123,124,115,105,102,100,100,101,102,102,101,100,99,96,90,84,79
80,80,80,82,85,91,98,105,108,105,101,100,100,100,100,99,99,98,96,93,88,82,78,78
79,78,77,77,78,80,84,89,93,95,96,96,96,95,94,92,91,90,87,83,78,75,76,79
79,77,75,74,74,75,76,79,83,87,89,89,89,87,84,82,81,80,78,76,74,73,77,84
81,79,75,73,73,73,73,75,79,81,82,82,81,79,76,75,75,74,74,74,74,75,81,92
83,80,77,75,74,73,73,75,77,78,77,76,75,73,72,73,74,75,75,76,76,77,86,100
85,81,77,75,75,73,73,74,75,74,73,73,72,72,73,74,75,75,76,76,75,77,87,102
94,87,80,77,76,76,74,74,73,72,72,72,73,74,74,74,74,74,74,73,73,75,82,91
103,96,88,82,77,75,74,72,72,72,72,73,74,74,74,73,73,73,72,71,71,72,76,80
108,102,93,83,77,74,73,71,71,72,72,73,73,73,72,72,72,71,71,71,70,70,71,73
109,103,91,81,76,75,73,72,71,71,71,72,72,71,71,71,71,71,71,71,71,71,72,72
109,101,90,80,77,77,75,73,72,71,71,72,72,72,71,71,71,71,71,71,72,73,74,74
98,92,84,79,77,76,75,73,72,72,72,72,73,73,72,72,72,72,72,72,72,73,74,74
86,83,79,77,76,75,74,73,72,72,72,73,73,73,73,73,73,72,72,72,73,74,74,75
81,80,78,76,75,74,74,74,73,74,74,74,74,74,73,74,73,73,73,73,74,75,76,79
86,83,80,78,76,75,75,75,74,75,76,76,76,75,74,74,75,75,75,74,75,76,79,84
