106,105,103,103,105,106,105,103,103,103,104,105,105,113,137,161,164,158,154,152,153,153,151,148
105,104,104,104,105,105,105,104,103,102,103,103,105,113,137,161,163,157,153,150,150,150,149,147
104,104,104,104,105,105,104,103,103,102,102,102,103,112,136,158,160,153,149,147,145,147,147,145
103,103,103,104,104,104,104,103,103,102,101,102,103,111,134,155,156,148,143,141,140,144,146,143
102,102,102,103,103,104,104,103,102,101,102,102,103,112,137,157,156,144,136,135,136,141,144,141
102,102,102,102,102,103,103,102,102,101,101,100,102,114,142,161,156,140,130,129,131,139,142,138
101,101,101,101,102,103,103,103,102,101,100,97,100,117,149,164,155,138,127,126,128,136,140,136
101,101,101,101,102,103,103,103,102,100,97,91,96,119,156,168,154,136,125,125,126,135,140,136
101,100,100,101,102,102,102,101,99,97,91,84,92,121,162,170,153,133,124,124,126,135,140,135
100,99,100,100,100,99,98,96,93,88,82,78,92,125,165,168,149,130,124,125,128,136,138,128
96,96,96,95,93,91,90,87,83,78,75,76,93,129,165,163,143,129,127,128,129,133,129,116
89,89,87,85,82,81,80,78,76,74,73,77,97,132,162,155,137,127,127,125,125,124,114,100
82,81,79,76,75,75,75,75,74,74,75,81,103,134,153,143,128,119,119,114,112,108,97,85
77,76,73,72,73,74,75,75,76,76,78,86,107,131,137,125,112,105,102,96,95,89,81,75
73,73,72,73,75,75,75,75,76,76,77,87,104,117,112,101,92,87,83,80,78,76,73,72
73,73,73,74,74,74,74,74,73,73,74,82,90,94,89,82,78,75,74,72,72,72,72,73
74,74,74,74,73,73,73,72,71,71,72,75,78,78,75,74,72,72,72,71,71,72,74,75
73,73,73,72,72,72,72,71,71,70,71,72,72,72,72,72,72,72,72,71,72,73,76,80
72,71,71,71,71,71,71,71,71,71,71,72,72,72,73,72,72,72,72,71,72,73,79,85
72,72,71,71,71,72,71,71,71,72,73,74,74,74,73,72,71,71,72,71,72,74,80,87
73,73,72,72,72,73,72,71,72,72,74,74,74,73,73,73,73,73,73,72,72,74,78,83
73,73,73,73,74,73,72,72,72,73,74,74,74,74,74,74,74,74,73,73,73,74,77,80
75,74,73,74,74,73,73,73,74,73,74,76,78,79,79,77,76,75,74,74,74,75,77,79
76,75,74,74,74,74,75,75,75,74,76,79,84,86,84,80,78,76,75,75,75,75,77,78
