27,27,26,24,25,25,24,22,20,18,18,19,19,19,17,16,16,16,15,14,15,16,16,17
27,28,27,26,26,26,25,23,21,19,19,19,19,18,16,15,16,16,15,14,14,15,17,18
27,27,27,27,27,27,26,24,22,20,19,19,18,17,16,15,15,16,16,15,14,15,17,18
26,26,26,27,27,27,26,25,22,20,19,19,18,18,17,16,16,16,16,16,15,16,17,18
26,26,27,27,28,28,26,24,22,20,19,19,19,20,18,17,17,17,17,17,17,18,18,17
29,28,27,27,27,26,25,24,23,22,19,19,20,21,20,18,17,18,17,17,18,18,18,17
32,31,29,28,27,25,24,24,24,22,20,20,20,20,20,19,18,18,18,18,18,18,19,18
36,35,32,30,28,26,25,24,24,22,21,21,21,20,20,20,19,19,19,20,19,19,20,19
40,39,35,32,30,28,26,24,23,22,22,22,21,20,20,21,20,20,21,21,20,21,21,20
43,42,38,34,32,29,26,25,24,23,22,22,22,22,21,21,22,22,22,21,20,21,22,22
47,45,40,35,33,30,28,27,25,24,23,22,22,23,22,22,23,24,23,22,22,23,23,24
49,46,40,37,37,35,33,30,27,24,24,23,23,24,23,23,24,25,24,24,25,26,27,29
50,47,42,41,43,43,40,35,29,25,24,24,24,25,24,24,25,26,26,27,29,31,32,33
51,50,48,48,51,51,47,40,33,28,26,25,26,26,26,27,28,29,29,31,34,36,36,35
54,57,57,57,58,57,53,46,38,33,30,28,28,28,29,33,36,36,34,36,40,41,40,37
59,62,64,63,63,63,61,56,50,44,37,33,33,34,36,42,46,46,45,45,47,48,45,40
65,67,68,68,67,67,67,66,64,59,50,45,45,46,48,50,53,54,54,53,53,52,49,44
69,71,71,70,69,69,70,73,75,73,67,63,60,59,58,58,58,58,58,58,56,54,51,49
73,73,73,72,70,70,72,76,80,82,81,78,73,68,64,62,61,59,58,58,57,56,54,53
78,77,76,73,70,72,75,78,82,84,84,81,77,71,66,64,61,59,58,57,58,57,57,58
83,82,79,75,71,72,74,77,81,82,80,77,73,69,66,64,63,61,58,56,56,56,57,59
87,86,83,78,73,73,73,74,75,74,73,70,68,66,65,65,64,63,61,58,57,58,60,62
88,88,85,80,76,74,73,72,70,66,64,63,63,63,63,64,66,66,65,64,64,64,66,67
88,87,85,81,77,74,74,72,68,63,58,57,59,60,60,63,67,69,69,70,71,71,71,72
