151,151,152,152,153,156,158,158,157,157,157,157,158,160,162,164,165,167,167,167,166,166,166,168
158,158,158,159,162,164,164,164,164,165,167,167,167,169,171,173,175,177,178,177,176,175,177,179
169,169,169,171,175,176,176,175,176,179,181,180,181,183,184,186,188,190,192,192,189,188,188,189
182,182,183,186,189,189,189,189,190,192,192,193,194,195,196,197,197,198,199,199,197,195,194,194
194,195,196,197,198,197,196,196,197,197,197,197,198,198,197,197,196,195,193,192,191,190,189,188
186,185,185,185,184,183,182,181,180,180,180,180,179,177,177,176,175,174,172,168,167,167,166,166
153,151,149,147,145,143,142,142,141,138,135,134,133,133,138,139,137,136,134,129,133,136,137,137
110,110,105,100,101,103,103,103,101,93,86,84,85,93,111,124,127,124,119,113,119,124,124,124
86,88,82,77,84,93,95,95,94,88,80,79,85,99,124,146,155,153,145,141,146,149,149,148
109,111,109,108,114,128,136,137,139,147,148,151,158,168,178,188,195,197,197,201,205,207,206,205
171,173,175,175,177,187,195,197,198,201,202,202,201,199,199,198,197,198,203,211,214,212,202,193
209,211,212,212,212,216,218,219,219,219,218,217,214,211,207,205,203,202,205,207,202,193,183,175
221,222,222,222,221,221,219,217,215,213,211,211,210,210,207,204,201,200,200,200,194,188,184,184
220,221,221,220,219,217,212,207,203,199,197,198,200,201,200,197,194,193,194,198,198,200,205,208
221,220,220,219,217,212,202,194,188,186,186,189,189,188,189,194,198,201,201,202,205,207,210,212
220,219,218,217,215,210,200,192,187,186,188,188,187,186,188,197,205,206,201,196,197,200,206,211
218,217,215,213,210,205,198,192,189,188,192,194,196,200,202,207,211,211,207,203,203,205,208,212
211,211,211,210,206,200,196,193,192,194,199,202,207,212,214,214,214,213,212,211,212,213,213,214
203,204,207,209,205,201,198,197,199,203,208,210,212,214,215,215,214,213,211,210,213,215,216,216
203,207,210,210,209,209,210,208,207,209,211,212,213,213,214,214,214,212,209,208,211,214,216,217
205,211,212,211,211,212,213,213,212,211,210,210,212,212,212,212,211,209,206,205,207,208,209,209
205,211,213,212,213,214,215,215,214,212,209,208,208,209,207,205,203,201,198,198,200,199,197,199
202,207,210,210,211,212,212,211,210,208,204,202,201,201,199,195,190,188,187,186,186,184,182,183
200,202,203,204,205,207,207,204,201,199,196,194,193,192,191,186,179,177,179,176,173,169,166,167
