199,200,201,201,202,202,201,201,202,202,203,203,203,202,203,203,203,202,201,200,200,200,201,200
201,203,203,203,202,201,200,200,201,200,201,200,200,199,200,200,200,200,198,197,196,196,195,194
201,201,200,199,197,195,195,195,194,193,192,192,190,188,188,189,189,189,187,185,185,184,184,183
192,191,189,187,185,184,183,182,181,179,179,178,174,170,169,171,173,174,172,172,172,171,171,171
171,171,170,169,166,164,163,163,162,161,161,160,157,152,151,154,158,160,160,161,161,161,159,159
143,148,151,148,142,141,140,139,139,137,136,137,137,138,139,140,141,143,145,146,147,146,146,146
109,121,131,132,125,124,123,122,121,120,119,118,121,125,124,121,119,120,123,127,131,136,140,142
112,117,126,135,139,135,135,136,133,129,127,118,116,122,125,121,119,118,119,126,136,146,153,154
140,134,135,148,163,158,160,166,164,152,144,132,127,133,142,144,141,136,134,142,154,164,168,168
152,150,146,151,164,162,166,178,182,161,145,145,150,153,158,169,166,156,152,156,161,165,165,162
155,155,155,160,171,173,172,176,177,165,156,161,171,177,177,178,175,170,166,165,167,170,171,168
131,136,145,155,161,162,163,167,169,164,164,171,180,185,182,178,178,176,169,163,166,174,177,175
114,121,131,140,143,144,143,145,147,145,149,153,156,156,153,152,156,158,151,141,144,153,158,155
109,112,116,120,123,125,118,112,111,111,115,114,110,107,107,111,116,118,116,110,109,113,115,113
98,95,97,101,104,105,94,86,84,87,90,90,85,81,85,93,91,85,84,90,90,87,85,85
117,109,108,114,119,119,110,103,103,109,115,117,111,100,99,102,95,85,80,81,81,83,89,95
157,145,142,145,142,135,129,127,128,131,133,134,135,135,132,130,128,125,123,126,131,135,139,143
187,176,172,170,161,151,154,157,155,149,146,149,159,169,170,167,168,172,176,181,185,187,188,188
197,192,189,185,180,176,185,190,183,169,165,171,183,194,197,199,196,199,206,207,202,203,205,205
210,209,209,209,209,207,207,206,201,192,186,189,195,200,205,206,203,203,206,202,194,196,200,197
211,211,209,208,209,210,208,206,203,197,189,191,194,194,198,199,198,200,203,197,187,190,195,192
205,206,206,205,207,208,204,202,203,201,193,193,193,191,194,194,195,197,199,191,182,183,182,176
189,191,192,193,194,192,185,183,186,188,183,179,177,178,181,180,179,180,176,166,158,156,152,144
169,170,171,172,171,166,157,154,156,158,157,152,149,153,160,155,152,149,142,130,122,119,116,112
