206,207,207,207,207,207,206,206,205,203,201,199,198,200,202,201,201,201,201,202,201,200,197,196
206,206,207,206,204,204,203,202,202,200,199,199,199,201,202,202,202,203,203,204,204,203,201,201
204,203,203,202,200,199,198,196,195,195,195,196,197,198,199,200,201,203,204,206,206,205,204,204
200,198,197,196,195,195,194,191,188,188,190,190,191,191,193,194,195,197,200,203,204,202,200,199
196,195,194,194,193,192,190,187,185,184,184,183,182,182,185,186,184,184,188,193,196,195,189,183
192,192,192,191,190,186,182,181,182,180,178,174,171,170,171,170,168,169,174,179,185,186,181,172
182,181,181,179,176,171,166,163,162,158,156,154,153,154,154,153,152,152,156,160,165,169,167,163
159,158,156,154,151,146,141,139,138,136,135,135,135,136,136,135,135,135,137,139,141,143,143,142
131,130,128,126,124,121,118,117,118,121,121,121,120,120,120,120,119,119,119,119,120,119,118,118
114,114,114,112,111,109,105,104,105,107,109,109,108,109,110,109,108,108,107,106,108,108,108,108
106,108,110,111,108,103,98,97,100,103,104,102,101,101,103,104,104,103,103,101,102,103,103,102
107,108,112,114,110,102,98,100,105,109,110,110,111,112,115,119,120,120,119,116,117,117,116,115
93,95,97,97,94,88,85,86,92,96,99,101,104,107,111,116,120,124,127,128,131,132,132,132
71,74,73,71,72,71,68,66,68,73,78,80,80,82,84,89,93,99,106,115,123,126,128,129
71,74,75,76,78,80,79,78,78,81,83,80,75,70,68,67,63,60,64,76,84,87,88,90
82,82,82,81,79,82,83,82,81,84,85,81,74,68,66,66,63,62,66,73,71,68,67,68
84,85,84,81,76,79,78,75,74,78,79,76,71,69,69,71,73,75,79,80,74,70,71,73
83,87,87,82,77,79,75,70,68,74,77,78,78,78,77,78,82,87,89,87,82,81,84,87
84,89,90,86,83,84,81,76,73,77,84,90,93,91,86,82,84,90,93,90,87,88,92,94
85,86,87,88,90,89,88,86,85,86,91,95,97,95,87,80,78,84,90,88,86,88,90,91
82,83,84,85,87,86,86,86,84,85,89,93,96,96,92,86,83,83,84,79,75,77,79,79
76,80,82,82,81,79,79,80,81,83,85,87,90,92,93,92,91,89,86,79,72,70,69,68
75,80,82,80,76,73,73,75,77,79,80,80,80,81,84,88,88,87,84,79,71,68,69,69
80,83,83,80,75,72,72,74,74,74,75,74,71,68,70,75,76,76,75,71,66,69,75,80
