98,103,111,120,130,139,145,146,144,139,140,146,150,151,151,150,150,150,148,145,144,143,142,141
116,120,125,128,132,137,141,141,140,139,139,142,145,146,145,142,141,143,145,141,141,142,141,138
141,141,141,141,142,144,145,145,144,144,141,141,140,135,121,106,99,104,112,109,122,134,138,136
152,147,144,146,150,152,152,151,150,150,147,145,143,131,102,76,66,73,87,86,109,128,135,133
143,136,133,138,146,149,147,146,147,148,148,150,150,140,111,90,85,96,109,111,124,133,134,132
137,134,132,133,136,137,133,131,132,135,136,138,141,139,130,121,120,129,142,147,150,147,140,135
136,136,135,135,134,136,135,133,131,131,130,129,129,129,127,126,125,128,136,142,142,138,131,123
126,126,125,125,126,129,132,133,133,130,127,126,125,126,125,125,126,128,132,136,135,135,131,124
111,108,107,108,112,114,118,123,125,122,120,120,122,124,123,122,124,129,132,133,134,135,134,131
101,101,100,101,102,103,104,105,105,104,104,104,106,108,108,106,107,111,114,115,117,118,118,117
99,99,100,101,102,101,101,100,98,99,99,98,99,102,105,105,105,105,106,107,108,108,108,106
102,102,102,102,102,101,100,98,96,96,95,93,93,95,98,99,98,98,99,99,100,100,101,100
113,111,109,108,107,105,103,100,97,95,92,89,89,89,89,89,89,90,91,91,91,92,92,93
129,127,123,120,118,114,110,105,101,98,94,91,89,87,85,83,84,85,87,88,88,87,86,86
142,143,139,132,128,123,117,111,108,107,104,99,95,90,87,86,85,87,92,95,96,94,91,89
147,146,141,134,127,123,118,115,113,113,110,106,102,98,94,91,90,91,95,100,101,100,98,96
148,144,136,128,123,120,119,118,118,116,113,107,103,99,95,95,94,94,96,98,99,100,100,100
145,140,134,129,126,125,124,123,121,118,113,106,101,98,94,94,95,96,96,94,93,94,96,98
137,137,138,139,137,136,133,130,127,123,117,111,107,104,98,97,98,100,100,94,89,89,90,91
132,134,137,140,140,140,139,139,139,137,132,129,127,124,118,115,114,114,112,106,102,97,93,89
134,136,138,140,140,139,140,140,139,138,134,131,130,129,126,125,126,127,127,126,126,122,115,111
132,136,140,142,142,141,141,140,138,136,133,133,133,134,133,130,130,130,131,131,135,135,132,128
130,135,142,145,145,144,143,141,139,137,136,137,138,139,138,135,133,131,131,130,134,137,138,135
132,138,144,146,147,146,145,143,141,140,139,139,140,141,139,137,136,136,135,134,135,138,138,135
