181,178,176,174,173,177,183,186,187,191,189,186,187,194,197,201,206,211,213,215,214,209,201,194
179,177,173,169,171,176,183,185,186,189,188,188,192,199,205,208,210,211,212,213,213,211,208,205
181,179,173,169,173,178,182,182,181,183,182,185,193,203,210,213,212,208,203,202,204,206,207,206
182,179,174,172,176,180,179,178,177,178,180,184,191,199,201,202,206,205,198,194,195,198,198,194
177,172,169,171,176,179,177,177,179,181,190,194,192,186,178,179,194,206,204,197,193,191,187,180
172,166,164,169,177,180,182,185,190,194,201,201,192,179,173,177,194,205,200,187,179,176,176,175
154,154,160,171,183,188,192,194,192,182,177,180,183,184,182,181,186,185,176,170,166,170,174,174
151,155,161,167,174,177,179,181,176,160,155,165,176,179,176,172,170,167,161,159,163,172,177,173
167,170,171,169,164,159,155,157,159,151,155,166,171,167,160,161,163,165,165,160,164,172,174,168
182,184,186,184,176,164,152,154,162,167,172,170,164,160,159,168,174,176,173,166,163,163,162,161
162,165,170,172,171,166,159,157,160,162,161,154,148,150,159,169,174,173,169,166,163,158,155,155
144,146,149,153,155,156,156,155,155,155,152,149,149,152,159,160,161,159,154,153,150,144,141,142
142,139,138,141,144,145,150,152,151,149,145,146,145,145,149,148,146,143,139,137,135,129,125,125
146,140,137,139,143,142,147,150,148,141,138,135,132,129,132,133,132,129,124,122,122,119,115,115
138,134,134,138,141,140,145,145,138,129,126,123,120,118,119,119,116,111,106,104,105,111,116,116
126,126,126,128,128,126,127,124,117,111,110,109,107,107,108,105,101,97,94,92,93,97,100,98
116,115,114,112,112,110,107,104,101,98,98,98,98,99,101,98,95,92,90,88,88,90,91,90
105,104,102,100,99,98,94,93,92,92,92,93,94,94,94,92,88,84,82,81,81,82,84,85
95,95,94,94,94,91,89,88,88,89,88,89,90,88,85,81,76,70,66,67,68,71,75,76
92,91,91,93,94,86,84,83,81,81,78,76,75,75,72,70,67,62,58,58,59,63,67,69
83,81,82,84,85,77,77,78,77,75,72,70,68,69,70,73,72,69,65,64,65,68,69,67
75,74,74,75,77,76,76,77,76,74,71,67,65,65,68,69,69,68,66,64,64,66,66,65
71,70,71,72,73,76,75,73,72,71,69,66,63,62,62,61,62,63,63,62,61,62,64,64
69,69,72,75,73,73,70,67,65,65,65,64,61,59,58,56,58,61,63,63,64,65,66,66
