144,144,151,160,164,164,161,159,159,158,158,153,151,157,166,171,173,171,166,166,172,176,175,171
170,165,163,170,178,179,179,180,182,183,184,176,169,167,166,166,166,164,163,165,167,167,165,162
182,176,171,172,178,179,180,184,189,192,190,184,179,177,171,168,167,165,166,171,167,162,162,165
184,182,179,176,176,177,177,180,185,187,182,179,180,181,177,174,171,171,175,178,170,165,169,176
195,195,194,192,191,191,190,189,190,190,186,181,178,177,176,170,166,171,178,176,171,172,177,181
196,196,195,196,195,188,185,184,185,189,188,181,172,162,153,149,152,161,171,169,168,168,169,171
177,175,177,181,180,161,160,168,176,182,183,179,172,165,156,153,155,159,162,160,161,163,165,166
162,156,156,162,164,147,148,157,168,176,180,177,173,171,166,164,165,165,165,163,163,165,168,169
159,151,149,154,158,152,153,156,163,173,177,173,171,172,169,168,169,171,171,171,170,170,170,171
160,160,165,168,161,156,157,157,159,167,170,168,167,167,164,162,166,168,167,169,170,169,167,165
161,164,170,171,160,156,156,156,159,166,172,174,172,168,163,160,161,163,165,167,170,171,170,170
159,164,166,160,150,151,154,157,160,160,158,161,164,163,159,156,154,153,152,153,154,156,158,159
143,146,144,136,128,131,135,139,140,134,128,131,135,135,132,132,134,133,130,131,129,129,132,136
117,116,114,109,103,104,110,112,109,104,101,102,103,100,96,101,108,113,115,118,113,110,112,118
99,99,99,97,94,99,106,107,104,101,100,98,95,93,92,98,104,111,119,125,117,112,114,119
95,99,100,99,101,105,107,109,110,108,103,97,94,97,101,103,103,105,107,107,100,93,88,87
98,99,99,98,99,103,102,100,101,100,94,85,81,84,87,88,88,87,84,81,78,74,69,65
89,88,86,84,82,86,86,86,86,88,84,78,73,71,69,70,70,69,67,64,61,60,59,58
70,70,70,69,68,71,74,78,84,87,85,84,80,73,65,64,63,63,62,60,55,53,55,59
70,72,74,76,79,86,88,92,99,103,98,95,90,81,71,69,69,68,66,65,61,58,58,60
77,77,77,80,84,92,93,93,93,92,87,84,80,75,70,68,69,70,71,71,70,67,65,64
80,79,78,80,82,88,89,87,85,83,80,79,77,75,73,73,75,76,77,78,77,76,74,72
82,82,81,81,81,82,82,83,82,80,80,79,79,78,78,80,81,80,79,79,77,77,77,76
86,87,86,84,82,80,80,82,84,82,80,79,79,79,79,80,80,79,76,73,72,73,73,74
