154,155,159,162,156,152,152,153,153,153,152,154,156,154,149,147,149,150,145,136,132,132,137,142
152,152,154,155,151,143,141,141,142,143,144,151,155,149,140,138,137,135,129,122,121,122,126,129
136,134,135,138,136,128,125,124,124,126,128,136,140,134,124,122,120,116,113,110,112,113,114,115
118,114,114,117,116,113,110,109,108,110,111,115,117,113,108,107,105,103,102,103,104,105,104,103
110,106,104,103,101,100,99,98,98,99,99,101,101,99,98,98,97,96,95,94,93,93,94,94
101,100,99,98,95,95,94,94,94,96,96,97,96,93,91,91,91,91,89,86,86,88,88,86
102,103,102,101,104,101,95,91,91,92,92,91,90,89,89,90,90,91,91,89,87,86,85,83
98,99,98,99,104,100,91,86,85,86,86,86,86,86,86,88,89,90,91,90,87,83,83,85
86,86,86,87,89,85,79,77,80,83,84,85,85,84,83,83,84,86,87,88,84,80,81,86
74,74,73,72,69,67,67,71,78,86,89,89,88,84,79,76,76,79,83,84,82,78,77,79
63,64,66,67,67,65,66,70,76,83,84,82,79,77,73,72,75,79,83,84,81,79,79,80
58,59,61,65,69,72,76,78,80,83,82,79,75,72,70,70,73,78,85,88,87,86,87,88
60,60,63,67,71,78,82,83,82,80,79,76,71,66,64,65,70,78,88,91,90,88,88,89
68,67,68,69,69,73,76,76,73,71,70,68,64,59,58,61,69,80,87,88,84,82,82,82
74,72,69,65,59,57,57,59,60,60,62,61,58,57,60,68,75,78,77,78,76,76,77,77
71,66,61,58,55,54,59,66,74,78,78,74,69,67,68,71,72,69,65,71,77,80,79,76
61,58,58,62,68,72,75,81,86,86,85,81,76,71,69,67,68,70,72,80,87,87,81,73
54,55,60,70,84,91,92,90,87,79,74,74,75,74,71,66,68,75,82,88,91,89,80,71
59,62,68,78,92,98,98,91,80,68,60,62,69,76,76,73,76,81,86,88,87,83,78,75
73,78,84,90,95,97,98,92,83,75,68,64,64,66,69,80,90,94,91,92,88,81,79,85
96,103,104,100,95,97,100,96,88,81,69,58,53,54,61,77,87,87,82,78,72,72,80,89
98,103,101,94,88,92,92,85,75,67,59,55,55,57,61,70,76,75,71,68,68,77,87,92
82,84,82,77,73,75,72,67,61,58,58,63,67,69,68,70,73,75,73,73,81,91,96,94
67,67,65,61,57,54,52,54,61,67,72,76,77,76,76,78,82,85,86,89,95,100,100,95
