81,80,80,79,78,76,74,73,76,85,91,95,98,97,88,86,93,101,102,100,102,112,124,131
62,66,69,70,70,68,66,67,73,82,88,92,96,98,95,92,93,94,90,85,86,97,113,125
57,61,66,68,69,66,63,62,64,70,78,84,89,94,98,95,92,88,81,76,75,81,91,101
67,68,69,72,75,72,70,67,62,62,68,73,78,85,93,94,92,88,82,78,77,76,76,79
74,73,72,74,78,77,81,82,77,70,68,66,68,77,89,93,95,94,91,88,86,84,82,80
75,76,78,79,81,81,84,85,84,80,74,69,70,79,93,103,106,105,102,99,96,94,91,90
80,81,83,85,87,87,88,86,83,80,76,76,80,89,99,107,109,107,104,103,103,101,101,102
83,82,82,84,84,83,82,79,76,75,78,85,92,98,103,106,107,105,102,103,105,106,108,111
81,78,76,75,73,70,70,70,70,74,83,92,98,101,103,104,104,103,101,102,106,107,110,113
75,72,69,66,64,62,64,67,73,82,89,92,94,95,97,100,102,102,101,102,105,105,106,108
68,66,64,63,64,65,69,74,78,83,86,86,86,87,88,90,92,93,93,94,96,98,98,98
66,67,66,65,66,68,71,73,75,78,79,79,79,79,79,83,85,87,88,89,90,93,95,96
66,68,67,66,66,67,67,69,71,73,75,77,78,78,79,83,87,90,93,93,95,98,103,105
63,66,66,64,63,63,63,65,68,71,75,79,82,84,86,90,93,96,100,102,105,109,114,117
57,63,67,67,65,65,64,64,66,68,73,79,83,86,87,91,93,95,99,103,106,111,115,118
54,61,67,67,64,64,62,63,63,64,67,72,75,76,77,78,81,85,92,99,105,111,117,121
52,57,60,61,61,63,65,65,65,66,69,75,80,85,91,95,98,102,108,115,120,125,130,134
51,52,53,54,58,65,70,72,74,77,83,91,99,108,116,121,125,128,132,136,140,144,147,150
55,56,57,60,65,75,82,88,95,102,108,116,123,130,136,140,143,145,148,151,153,156,159,161
78,79,83,88,95,104,111,118,126,135,139,141,145,149,151,153,155,157,158,160,161,162,163,164
113,114,117,123,129,135,140,145,151,161,161,160,162,165,162,162,163,164,163,164,164,163,163,163
140,141,143,146,150,153,156,158,161,167,166,165,166,167,164,164,164,163,162,162,162,161,161,161
154,155,156,157,159,160,160,161,162,163,162,162,162,162,161,160,160,159,159,159,159,160,160,161
159,160,159,158,160,160,161,161,161,161,159,159,159,159,158,157,157,157,156,158,159,161,161,162
