137,139,141,141,139,137,137,136,134,134,133,132,131,130,128,127,127,125,124,124,124,124,123,121
132,132,132,131,128,126,128,130,131,133,135,135,135,135,134,134,135,134,133,130,129,128,126,124
108,108,107,105,104,105,111,117,124,129,135,137,138,139,138,139,140,139,136,133,131,130,129,127
84,84,83,82,83,89,96,105,115,124,130,133,135,136,135,135,135,133,130,127,126,125,124,123
80,80,79,80,83,88,93,101,110,117,122,124,125,125,124,123,121,118,115,114,114,113,111,109
90,90,89,89,91,96,101,105,110,114,117,118,116,113,111,109,107,105,104,102,100,97,94,92
103,103,103,103,104,107,110,111,113,114,115,112,108,103,99,96,94,92,91,90,88,84,81,80
112,111,111,111,111,111,111,111,111,108,106,101,96,91,86,83,83,82,81,81,81,78,76,75
113,112,109,108,107,105,104,103,101,96,92,89,86,82,79,79,81,83,83,84,85,86,85,85
107,104,100,96,95,94,93,91,90,88,87,87,88,90,93,97,101,103,104,105,106,109,113,116
97,95,92,90,89,90,92,94,98,102,107,112,116,119,123,128,131,133,135,139,141,144,145,145
99,100,100,100,103,106,111,117,122,127,132,136,140,143,148,152,155,156,156,156,157,156,155,155
110,113,115,118,123,127,132,138,143,146,149,152,156,159,163,166,167,165,162,160,159,156,155,156
121,125,128,131,136,140,144,148,153,155,158,161,164,167,168,169,167,163,159,157,156,155,154,156
122,127,131,133,137,143,149,155,160,163,166,168,169,167,165,162,159,156,154,153,154,154,154,154
128,133,137,141,145,152,158,163,165,166,166,165,164,161,159,156,154,152,151,151,152,152,152,152
141,144,148,151,155,159,162,163,163,162,161,160,158,157,155,154,152,151,150,150,150,152,153,153
154,155,156,158,160,161,160,159,159,158,157,156,155,154,153,153,153,153,152,152,153,156,157,157
161,160,159,160,160,159,158,157,157,156,155,155,155,153,153,153,155,156,155,156,159,162,163,163
162,162,161,161,162,161,159,158,157,156,157,157,156,156,157,156,158,160,161,161,162,163,163,164
161,162,163,162,161,160,159,158,158,157,158,159,160,161,161,160,161,162,163,162,162,161,161,162
161,162,163,162,160,160,159,159,159,160,160,160,161,163,163,163,163,163,163,163,163,163,163,163
162,163,164,163,160,160,160,160,161,162,162,162,162,164,164,165,164,164,164,165,167,168,167,166
163,164,165,164,161,161,162,162,163,164,163,164,164,164,165,166,165,165,165,166,169,170,169,168
