90,90,92,98,109,116,116,113,108,101,95,96,99,100,102,99,97,98,98,91,85,87,90,90
77,76,77,83,93,100,104,105,104,102,100,99,100,103,104,104,102,99,97,94,92,93,95,93
59,59,62,68,77,85,91,94,97,98,100,99,99,102,104,106,104,101,99,100,99,100,101,99
65,60,57,60,67,73,78,82,86,88,91,92,94,96,99,102,101,100,100,102,102,104,104,104
108,91,74,64,61,62,63,67,71,72,75,79,83,88,90,91,92,93,94,96,99,102,104,103
158,144,124,102,79,61,54,55,59,60,63,67,71,74,76,75,75,76,77,81,86,91,94,96
172,163,155,144,123,91,70,61,58,56,57,58,60,61,62,62,62,62,63,68,74,80,83,85
156,156,159,160,151,128,109,96,85,72,65,59,58,58,56,55,54,53,54,58,64,71,75,75
125,137,151,159,156,152,148,139,126,107,93,77,67,63,59,56,54,51,50,51,55,61,66,67
96,117,146,159,154,158,157,153,148,144,136,112,88,74,67,63,59,55,52,48,48,49,52,55
75,91,120,140,142,152,161,160,152,147,150,141,122,101,84,72,65,61,59,55,53,51,52,52
63,70,86,102,114,130,148,158,157,149,149,147,138,127,116,96,78,67,62,60,57,55,54,53
59,60,65,75,91,110,131,150,159,155,148,145,146,147,144,126,104,82,67,62,59,58,56,54
59,58,60,68,80,99,118,139,157,162,155,150,152,157,156,147,132,107,79,66,61,60,58,55
61,58,59,65,75,90,111,133,154,167,170,161,154,152,151,148,145,129,101,80,68,63,60,57
59,59,61,64,71,84,106,127,145,162,170,163,151,144,147,146,145,139,126,105,88,76,68,63
59,61,63,66,72,84,99,115,133,153,163,164,156,145,142,143,144,146,146,135,114,91,75,69
59,62,65,69,76,86,97,111,129,148,158,164,160,147,138,141,146,152,157,150,126,97,75,68
60,61,66,74,82,88,103,121,138,150,158,163,159,146,137,142,149,156,158,149,120,90,69,62
57,58,66,78,89,97,116,133,146,156,164,164,156,145,139,141,148,156,158,143,110,82,66,60
53,56,64,75,85,101,123,143,156,163,169,169,161,149,142,144,152,161,158,133,99,76,66,62
53,57,66,76,86,103,124,143,156,162,164,162,155,147,143,147,155,158,145,114,85,69,63,62
58,63,73,87,99,112,126,139,149,153,150,146,143,141,145,150,153,145,122,91,71,62,60,61
63,69,83,101,118,126,132,139,144,144,136,133,134,139,148,152,147,129,101,74,62,59,60,61
