84,82,78,72,66,63,60,58,59,61,62,58,53,52,54,55,51,46,43,42,40,40,43,47
82,81,76,71,67,66,64,63,64,63,57,52,49,49,50,49,44,39,38,39,42,42,43,45
81,80,76,73,71,70,68,66,65,62,55,50,48,47,48,46,41,37,36,38,44,50,58,66
82,81,78,76,75,72,68,66,62,55,52,51,49,48,50,48,44,40,39,41,49,63,80,96
84,83,79,75,72,67,65,61,56,51,50,49,50,53,55,54,50,45,43,48,62,80,99,110
81,77,71,65,60,54,51,51,53,59,60,60,62,67,69,63,56,52,53,64,79,98,113,120
65,61,58,57,57,51,49,54,65,78,79,78,78,77,74,67,61,64,79,98,108,118,124,127
53,51,52,55,60,55,53,61,76,88,87,85,82,76,69,64,67,81,103,119,125,129,131,130
58,57,58,62,66,63,61,67,78,85,81,77,72,66,59,57,71,92,111,120,124,129,133,133
81,80,77,75,75,75,75,75,75,73,68,63,59,56,53,52,67,86,100,112,119,126,132,136
95,93,90,88,87,89,88,84,78,70,63,62,63,62,55,48,54,65,78,94,103,111,119,124
99,97,95,94,94,94,92,87,79,70,63,63,63,61,58,53,53,60,74,87,93,97,100,102
98,95,94,95,93,91,87,82,75,67,61,61,60,57,58,58,58,66,81,89,89,89,89,88
94,91,90,90,88,83,77,72,67,61,57,57,57,56,56,60,64,74,88,93,91,89,88,88
86,85,85,85,83,76,70,68,65,59,56,57,60,61,58,62,68,77,87,93,92,91,91,91
74,73,72,72,70,66,63,62,62,58,54,54,56,58,61,67,73,78,84,91,91,91,92,92
62,62,64,65,63,59,57,57,57,55,52,52,52,56,67,73,78,81,84,89,90,89,88,88
55,57,62,64,60,55,55,56,56,54,53,52,51,53,68,74,79,82,85,87,90,87,83,82
54,60,65,65,59,53,55,59,62,60,59,57,52,50,59,66,71,77,83,86,87,85,80,77
56,63,68,65,56,53,58,66,71,71,70,66,58,50,49,54,57,64,75,81,81,82,81,76
57,63,65,61,55,62,71,77,79,76,73,70,65,60,58,55,52,58,71,77,75,77,78,76
50,54,54,53,57,68,74,76,75,73,73,74,74,72,68,56,50,53,62,64,61,63,67,68
43,46,50,53,59,66,66,66,69,71,73,78,82,82,74,58,51,51,52,53,52,54,57,57
45,49,57,62,62,59,56,60,68,73,76,81,85,86,77,61,54,50,49,53,54,56,55,53
