97,99,103,108,111,115,117,116,114,108,100,94,84,70,60,53,49,50,54,57,55,60,70,78
106,108,111,111,108,108,107,106,103,98,94,90,80,67,58,49,47,51,56,60,63,68,78,87
105,109,110,106,98,95,94,92,88,84,86,85,77,66,59,51,51,56,61,66,68,69,74,82
101,104,103,96,88,84,84,82,79,75,76,77,73,67,64,59,60,65,69,73,71,66,65,70
106,104,98,91,85,82,80,77,75,73,68,67,68,70,71,69,72,76,79,80,76,70,65,66
105,104,100,95,90,85,80,74,70,73,71,73,75,77,78,80,82,83,82,81,75,72,72,72
101,101,100,96,90,87,81,73,67,69,73,78,80,79,79,80,83,84,82,79,74,72,72,72
94,94,94,92,90,89,84,78,73,73,75,78,79,77,77,77,81,83,82,79,76,75,75,75
94,92,92,93,93,94,92,90,88,86,84,83,81,79,80,79,80,81,81,79,78,78,79,80
105,104,104,106,105,105,105,105,104,104,101,99,96,94,92,87,82,79,78,78,75,75,78,81
113,112,112,112,111,112,112,112,113,114,112,109,106,102,98,94,90,87,84,84,81,77,75,77
115,114,113,113,114,115,114,113,114,115,115,113,110,106,103,99,97,96,94,93,89,85,83,83
114,113,113,113,114,114,113,112,112,113,113,113,112,109,106,103,102,103,103,101,97,93,91,91
113,113,114,114,112,112,112,111,111,112,112,112,112,110,107,105,107,109,109,107,103,98,96,97
114,112,112,113,113,112,112,112,112,113,112,112,113,112,109,109,111,112,112,109,107,104,102,103
112,110,111,116,121,117,114,114,116,118,116,116,116,116,114,115,115,115,117,115,114,113,112,112
113,113,115,119,123,120,117,116,118,120,119,118,119,119,119,118,117,119,123,122,119,118,117,118
113,114,116,117,118,117,116,115,117,119,121,120,119,119,119,117,118,121,125,124,122,120,119,120
109,110,110,110,111,112,111,111,114,116,120,119,117,116,115,115,118,120,120,119,121,121,120,119
103,101,102,104,107,107,106,106,108,108,111,113,113,112,111,112,116,117,114,115,118,117,115,115
98,96,96,99,102,103,102,103,103,104,105,108,109,109,107,108,110,110,107,107,109,108,107,107
97,96,97,99,101,100,98,99,101,101,102,102,101,100,100,100,101,101,100,98,98,98,98,98
97,98,99,100,101,100,97,97,99,99,99,96,94,93,95,94,95,95,95,93,93,93,93,93
98,99,100,100,101,101,100,99,100,98,96,93,92,93,95,94,95,95,94,94,94,94,93,92
