83,85,84,83,83,85,87,90,92,93,93,93,92,91,89,87,87,89,90,92,101,109,110,108
90,90,88,87,88,88,88,88,89,91,88,85,83,85,85,87,92,95,98,102,110,115,119,121
86,84,82,81,84,84,84,83,84,87,84,78,75,77,80,87,93,100,106,112,117,121,126,132
73,73,71,71,75,76,77,77,79,82,82,79,75,74,76,81,86,94,105,114,118,121,127,133
68,69,68,67,71,74,75,77,78,79,81,82,81,78,74,72,71,78,92,105,111,115,119,123
72,73,75,77,80,79,78,78,80,80,77,76,76,74,72,68,69,74,80,86,95,102,108,112
70,71,74,79,82,81,81,80,80,79,76,75,73,72,73,70,70,74,80,85,97,105,111,115
73,72,74,77,79,77,77,76,76,75,73,72,71,70,71,71,71,73,79,86,98,104,108,113
80,79,78,77,77,73,71,70,71,69,71,70,69,69,70,72,73,74,77,83,90,92,95,100
84,82,81,81,80,77,72,70,70,69,72,72,71,72,73,77,80,82,83,83,83,82,85,89
77,76,78,80,79,77,74,73,72,71,71,74,76,77,81,85,86,88,91,94,93,93,96,99
76,75,78,82,81,81,82,82,80,79,75,74,75,79,83,86,87,90,97,103,105,107,108,109
86,84,86,89,89,89,89,89,88,87,81,78,79,83,86,89,90,93,99,107,112,115,117,118
99,98,98,99,100,101,97,94,94,94,90,90,92,94,96,97,97,98,103,108,113,118,122,123
108,107,107,109,112,113,110,107,105,105,105,105,107,111,112,109,107,107,109,113,116,119,121,121
113,112,113,116,119,121,122,120,118,117,118,119,120,122,120,117,115,115,115,117,120,121,120,118
116,116,117,119,122,123,126,128,129,128,128,128,129,129,126,124,124,124,124,123,125,126,125,124
119,119,120,122,124,124,127,131,133,133,131,130,131,131,129,128,129,130,130,129,130,130,130,129
119,121,123,124,125,125,126,129,130,129,127,126,126,127,127,129,130,131,131,132,132,131,130,130
116,118,121,122,123,124,123,122,121,121,120,119,121,122,123,125,126,128,129,130,129,128,127,127
110,112,115,117,118,117,115,115,114,115,114,114,115,116,117,119,119,120,121,121,121,122,122,121
102,102,104,107,108,107,106,105,105,105,106,106,106,106,108,110,111,111,111,111,112,113,113,113
95,93,93,95,96,95,95,94,94,94,95,96,95,95,98,100,102,103,103,104,105,105,104,105
94,91,89,88,86,86,86,87,87,85,86,86,86,86,90,93,96,99,101,100,102,101,100,101
