152,154,154,152,152,150,150,150,150,148,147,148,149,150,153,155,154,153,154,154,155,156,156,157
146,147,146,145,144,144,145,147,147,146,145,146,147,148,150,152,152,151,152,154,155,155,156,156
142,143,142,141,141,142,143,144,146,145,144,144,145,146,147,147,148,149,151,153,155,155,155,156
140,141,141,140,140,142,142,143,145,145,144,142,143,144,143,143,145,147,149,151,153,154,154,154
139,139,138,137,137,139,140,141,142,143,141,140,141,142,142,142,143,145,146,148,149,150,150,151
140,139,138,138,138,139,140,141,141,140,140,139,138,139,139,139,141,143,145,145,146,147,148,148
141,141,141,140,139,139,139,139,139,140,139,137,136,136,137,137,138,141,144,145,144,145,147,148
142,143,142,141,139,138,138,138,137,139,137,136,135,135,137,137,138,141,144,145,145,145,147,148
140,141,140,138,137,136,136,136,136,136,136,135,134,135,138,139,140,143,144,146,145,146,146,147
134,134,133,133,135,134,133,134,135,135,136,136,137,139,141,143,144,145,146,147,147,146,146,147
131,132,133,134,137,136,136,137,139,138,140,142,143,144,147,148,149,149,150,151,150,149,148,149
136,137,139,140,140,140,141,142,143,142,145,146,146,147,149,151,151,152,152,153,152,152,151,150
142,142,143,143,143,143,143,143,144,144,147,147,147,147,149,150,150,150,151,152,153,153,152,151
143,143,143,144,143,143,142,142,142,144,146,147,146,145,147,148,147,147,147,149,151,152,151,150
142,143,143,143,144,143,143,143,143,142,145,147,146,145,147,147,146,146,145,147,149,149,148,147
140,142,142,142,142,142,142,143,143,142,144,145,145,144,145,145,145,145,144,145,146,145,143,143
138,139,140,139,140,140,140,140,140,140,142,143,143,143,142,143,143,143,142,143,141,136,134,136
137,137,137,137,138,139,138,138,138,139,140,140,141,141,140,141,141,141,141,140,138,133,131,134
136,136,136,136,136,138,138,138,138,138,138,138,137,137,138,139,140,140,140,139,139,138,139,140
132,132,134,135,135,136,138,139,138,137,137,136,135,135,136,138,137,137,138,139,140,141,142,143
108,113,119,124,124,126,129,132,134,134,135,134,134,134,136,135,132,132,136,139,142,145,147,147
99,103,109,114,115,118,122,124,126,130,133,135,135,136,137,135,132,133,137,140,143,147,150,150
104,106,110,114,117,120,122,120,121,126,133,137,138,138,139,138,137,138,140,141,143,146,149,149
112,114,118,123,127,129,128,123,120,124,133,140,142,141,141,140,140,141,142,143,144,145,146,147
