170,168,167,165,163,160,157,153,149,145,139,131,125,120,117,109,107,106,102,98,96,94,92,91
170,168,166,164,161,157,155,151,148,144,137,129,124,119,115,109,107,105,102,97,94,92,90,89
171,168,165,162,158,153,150,148,146,144,137,130,123,118,113,108,105,103,100,95,91,89,87,86
172,168,163,158,154,149,145,143,142,142,138,132,124,117,111,107,103,99,95,91,87,85,83,81
170,166,160,154,149,146,142,139,139,139,136,130,123,116,109,104,99,95,90,85,83,80,76,74
166,162,158,153,151,149,146,142,140,138,133,122,115,111,105,99,96,92,87,82,79,75,72,71
162,160,156,152,150,149,146,142,137,133,125,115,108,103,98,94,91,89,85,78,74,71,69,70
159,156,152,150,147,143,140,136,130,123,115,108,102,97,92,88,86,84,80,74,70,68,68,69
155,151,148,145,141,135,131,126,119,112,107,102,98,93,87,84,80,77,74,70,68,68,68,69
149,146,142,139,134,128,122,117,111,105,105,101,96,90,84,79,74,71,70,69,68,69,71,73
140,137,134,131,126,119,113,109,105,101,100,96,92,87,78,73,71,72,74,74,72,72,74,77
132,129,125,121,116,110,105,102,98,93,89,86,83,78,71,69,69,74,81,82,78,77,78,81
125,122,119,115,109,103,98,93,90,84,79,77,75,71,67,67,69,74,81,83,81,80,82,84
118,116,113,109,103,96,90,84,81,77,73,71,69,67,66,67,69,72,76,78,81,82,83,83
112,108,103,98,92,85,79,76,73,72,69,67,67,67,68,68,69,72,76,75,81,83,81,80
105,100,94,87,81,75,71,70,70,68,67,68,70,71,73,75,75,76,77,77,79,79,78,78
95,90,84,78,74,70,67,68,69,67,68,71,74,76,78,80,80,79,79,79,78,77,77,78
84,80,74,71,70,71,71,71,72,72,74,76,78,81,80,80,81,81,80,79,78,77,77,76
75,71,67,66,69,75,78,77,77,80,82,82,82,82,80,79,79,80,80,80,77,76,74,72
71,67,66,67,70,76,81,83,84,82,81,82,82,81,78,78,78,78,77,78,75,72,71,71
70,69,69,71,72,75,80,82,82,79,76,76,77,78,79,76,73,73,73,74,73,73,73,71
72,75,78,78,78,79,79,79,79,78,75,74,75,76,79,73,69,69,70,70,70,71,70,67
78,84,88,87,86,85,81,78,80,82,79,77,75,74,76,70,66,66,68,67,66,67,67,65
87,90,93,94,93,90,85,82,83,86,84,80,76,73,72,66,64,65,66,64,63,66,69,70
