86,83,81,78,72,67,61,56,53,53,52,47,41,38,38,39,45,53,56,52,51,60,73,81
85,83,79,75,69,64,59,55,50,49,48,45,40,37,37,38,42,45,46,46,48,56,65,69
83,80,76,70,64,60,57,54,51,49,48,48,45,40,38,38,40,39,38,42,47,50,53,55
80,76,70,64,60,58,55,54,52,51,51,51,49,44,42,41,41,39,38,42,48,47,46,47
75,70,63,59,58,58,56,54,53,52,50,47,45,44,47,46,46,44,44,48,54,56,54,52
65,63,61,59,59,59,58,58,59,59,57,53,50,50,53,55,55,57,64,78,89,90,79,66
58,59,60,60,59,57,56,55,55,55,56,59,58,51,52,62,73,80,84,91,99,102,91,75
54,56,57,56,56,52,49,46,44,44,46,52,52,47,49,64,78,86,87,86,89,90,84,74
51,51,51,50,48,44,40,36,33,33,35,38,39,41,47,58,68,73,73,71,72,71,69,68
46,45,44,42,39,37,34,32,31,31,34,35,36,39,45,51,56,57,57,59,62,63,64,66
39,40,39,37,35,34,32,31,30,31,33,35,36,38,41,45,47,48,48,48,52,56,58,59
35,37,37,36,34,34,33,32,32,32,34,35,37,39,40,42,43,44,45,47,49,50,52,56
35,38,40,39,36,33,33,34,34,34,35,36,39,42,42,42,43,44,46,50,51,50,50,54
36,41,45,44,37,32,32,33,35,35,35,38,41,44,44,44,47,51,54,55,56,55,54,57
36,41,44,42,39,36,34,34,34,33,33,37,41,43,43,46,56,66,70,65,64,65,67,69
35,37,39,39,40,39,37,37,38,35,33,35,38,40,42,46,60,79,92,88,78,74,76,80
35,37,39,39,38,36,36,38,39,37,37,36,37,40,42,45,60,81,98,100,86,74,71,74
36,38,40,38,34,30,31,34,37,38,41,38,37,41,43,44,52,66,79,84,74,61,54,55
37,38,37,34,31,30,30,32,35,39,44,42,40,41,42,42,42,44,49,52,49,43,39,38
38,37,35,33,35,36,38,41,43,44,47,47,44,40,38,38,38,38,39,41,41,40,38,37
36,34,31,30,36,43,49,51,50,47,44,42,40,36,32,34,35,35,37,38,41,43,44,42
38,37,34,32,35,42,47,48,47,45,40,37,34,32,29,32,35,37,39,38,39,42,44,44
45,47,44,40,40,42,42,42,41,41,38,35,33,33,33,36,38,40,41,38,38,40,42,44
53,56,55,50,50,47,44,42,41,39,37,36,37,38,41,42,42,41,40,38,39,41,43,45
