123,122,117,110,105,101,98,93,88,84,78,74,71,67,65,70,74,73,70,72,76,76,78,84
117,117,112,105,100,96,92,87,82,77,73,70,68,67,67,71,72,70,70,74,77,78,78,80
111,108,102,96,92,88,83,78,74,70,69,68,68,69,71,74,71,69,72,77,79,80,80,80
104,99,92,87,85,82,75,70,68,67,69,70,71,72,74,77,75,74,77,80,80,80,81,82
94,90,84,79,77,76,70,65,65,67,69,72,73,72,74,81,84,84,83,81,78,76,76,80
84,82,78,74,71,72,70,69,70,70,71,71,72,72,74,81,84,84,82,78,76,74,75,77
77,76,73,70,71,73,75,74,71,70,73,76,78,79,77,79,79,78,77,77,77,75,75,75
74,73,71,71,74,76,77,75,73,74,78,82,85,86,81,78,76,75,75,78,79,77,76,78
73,73,74,75,77,79,78,76,77,82,82,84,86,86,82,78,77,77,77,78,78,76,76,81
75,76,78,79,78,78,77,79,83,85,80,77,77,77,77,78,79,79,78,77,74,72,74,79
77,79,81,80,77,78,80,82,82,81,78,76,75,75,76,76,77,78,78,76,73,73,74,74
80,81,81,78,77,81,83,82,81,82,81,79,78,78,80,78,77,77,76,74,72,74,75,75
80,79,78,77,80,84,83,80,79,83,84,81,78,79,81,80,77,74,72,70,71,75,76,74
80,78,76,79,85,86,82,78,78,82,83,80,78,78,78,79,76,72,69,69,72,75,73,68
84,82,82,85,90,87,84,81,80,79,81,81,81,80,76,80,79,76,75,75,75,74,69,64
82,82,84,87,88,86,86,86,83,79,78,79,79,76,72,78,81,79,76,76,75,71,67,64
82,81,82,84,85,84,84,84,81,75,75,76,76,72,68,72,76,77,73,73,70,69,70,70
84,81,80,82,83,82,82,80,77,74,76,78,76,72,68,69,73,73,71,72,69,69,71,72
86,83,80,81,82,82,80,78,75,74,78,81,79,74,71,74,74,72,71,75,74,72,71,72
89,87,83,81,82,80,78,77,75,74,72,75,77,75,75,78,77,73,71,76,81,79,76,77
86,84,82,81,80,76,74,73,73,72,71,78,81,78,76,79,80,77,74,74,77,78,79,81
84,80,79,79,77,71,69,71,73,74,75,81,83,80,79,82,83,80,76,72,73,79,84,84
81,76,75,75,74,69,69,72,75,76,77,80,82,81,80,82,82,80,77,72,74,82,87,85
77,73,70,71,72,69,71,76,78,75,73,75,78,80,79,80,79,77,75,75,78,83,86,84
