88,91,95,95,92,89,90,91,90,90,86,77,71,70,69,67,68,68,67,69,73,75,73,70
83,87,89,87,83,80,82,84,84,83,79,72,67,66,66,68,72,72,69,69,72,72,68,64
79,82,84,82,78,75,77,79,79,77,73,69,67,67,66,69,73,71,66,66,67,66,62,59
79,80,82,81,76,75,76,75,74,74,72,71,70,70,68,68,69,67,64,65,65,64,61,59
82,81,81,80,74,74,73,70,69,71,72,74,73,71,68,66,65,66,68,71,70,70,68,66
80,78,77,76,73,70,70,71,72,71,70,70,69,67,66,66,65,67,71,73,72,73,75,76
75,75,74,74,73,73,75,78,78,71,69,69,68,67,67,64,64,68,72,72,73,77,81,82
74,72,72,73,76,75,75,75,73,69,69,70,70,69,68,63,64,71,78,80,79,83,92,99
75,72,71,74,78,73,68,63,63,66,69,70,71,71,69,66,66,74,86,92,90,93,107,121
75,73,72,74,75,69,63,60,62,67,69,67,67,69,71,70,70,76,88,98,99,106,121,135
71,70,70,70,69,69,68,68,67,68,67,65,65,67,71,82,90,94,97,103,105,113,127,138
71,71,70,68,65,68,72,74,75,75,74,73,71,72,75,90,107,115,115,120,128,135,139,141
69,71,71,68,63,68,73,79,83,85,85,85,83,82,83,93,110,123,129,133,143,149,148,145
66,69,71,68,64,68,73,82,91,94,93,95,97,97,96,98,108,121,132,135,142,148,149,147
65,70,73,71,67,68,73,85,99,102,94,99,109,116,114,119,123,125,128,134,142,146,145,143
67,73,77,75,68,66,71,79,89,94,95,105,120,129,125,124,129,134,138,144,146,145,143,142
69,71,74,73,66,64,67,73,79,84,95,112,130,139,136,134,137,142,148,156,153,145,138,138
69,69,69,69,66,65,66,70,75,82,95,114,130,140,142,147,147,146,150,159,158,148,137,133
73,72,69,69,73,73,71,73,79,87,95,109,121,132,141,154,154,148,144,151,153,149,141,133
85,83,79,77,81,84,85,85,85,89,95,106,116,124,135,150,151,146,143,142,138,137,138,138
92,91,89,87,89,94,102,109,113,113,115,124,127,125,125,135,132,129,132,131,134,139,141,140
91,93,94,96,101,104,111,119,124,124,130,142,144,133,123,123,120,121,127,127,133,140,143,141
86,89,92,98,110,116,119,123,127,129,137,148,151,142,128,124,125,127,131,134,136,141,144,143
82,82,84,93,109,126,129,131,135,138,140,142,146,145,135,135,138,139,139,146,143,143,145,146
