67,67,66,64,62,65,68,71,73,76,80,86,96,110,127,137,141,143,143,143,139,136,134,132
66,71,77,76,70,70,76,84,89,89,92,100,111,119,124,124,128,134,140,141,140,139,138,138
61,69,79,82,75,74,82,94,105,109,112,118,126,131,130,122,123,130,138,138,141,141,143,147
60,67,77,83,81,81,91,107,122,129,130,132,136,140,138,127,126,132,138,138,141,143,147,152
70,78,90,96,94,94,110,129,141,142,138,140,145,145,138,127,127,134,141,143,144,144,144,146
92,110,129,133,123,120,131,143,146,138,135,142,147,143,135,130,132,139,145,148,150,146,139,132
94,110,129,139,136,134,140,144,140,133,136,142,144,141,139,142,144,145,147,152,155,150,139,128
110,117,129,139,141,139,139,137,134,132,137,141,142,141,144,149,145,142,145,150,150,143,132,124
134,135,140,146,148,142,135,131,132,135,137,139,139,140,146,148,141,138,145,147,141,132,122,116
138,143,148,152,153,148,135,130,133,135,135,135,132,133,144,144,143,147,153,149,138,127,118,112
144,142,144,146,142,135,129,132,138,137,136,137,135,134,142,149,149,151,155,148,134,117,106,102
147,149,151,149,141,131,131,137,140,136,137,142,145,146,150,156,157,155,153,146,131,112,96,88
144,149,153,148,139,132,137,142,142,136,142,148,154,158,159,161,157,147,136,131,120,103,84,72
135,140,144,140,132,135,143,147,147,142,147,154,160,161,158,157,148,128,107,104,99,85,68,58
133,135,137,136,132,143,152,157,155,149,151,156,159,153,139,136,128,109,88,79,75,65,54,51
137,136,135,135,136,142,144,146,150,154,152,150,140,121,101,103,104,97,82,71,66,58,52,50
147,145,141,139,139,141,139,140,144,146,141,135,123,102,84,83,83,76,68,67,64,60,56,52
146,147,145,142,140,140,140,140,140,136,130,124,114,98,80,72,64,56,51,59,62,62,58,53
136,140,142,141,140,141,145,145,139,132,128,123,114,99,78,63,51,44,42,48,54,56,53,48
139,138,138,139,142,147,149,147,141,137,136,129,113,92,76,63,52,44,41,43,44,42,39,37
144,146,145,144,145,151,154,151,146,142,140,131,112,87,70,61,54,47,43,41,39,35,32,32
145,150,151,149,149,153,154,150,146,142,134,122,102,79,63,56,53,50,46,44,44,39,34,34
144,149,153,153,152,154,151,145,138,130,117,102,85,68,57,50,49,49,48,46,49,44,38,37
145,148,152,154,153,154,148,139,127,113,99,84,70,59,51,45,45,46,46,43,45,44,40,37
