42,42,44,45,42,42,41,39,35,30,30,34,36,36,37,39,39,36,33,32,32,32,31,30
48,44,41,39,37,37,39,37,32,30,30,38,44,43,38,40,39,34,31,32,34,33,31,29
45,41,38,36,33,31,32,31,28,28,29,35,41,41,35,37,37,35,34,35,35,33,31,29
37,36,37,37,34,28,26,26,27,28,27,29,32,33,30,32,34,37,41,40,35,32,31,30
32,33,37,40,36,28,25,27,30,30,28,27,28,31,30,30,31,37,45,45,35,31,33,36
34,34,36,36,33,29,28,29,30,33,34,33,34,38,37,35,34,35,38,37,31,32,40,48
38,37,34,30,29,28,29,29,30,36,40,38,38,40,38,37,37,37,36,33,29,34,45,54
45,43,37,32,33,36,36,36,36,39,41,39,38,39,38,38,39,40,38,34,30,33,41,47
50,47,42,41,44,47,47,45,44,42,40,37,35,36,37,39,41,40,38,35,33,33,35,36
51,48,46,48,51,51,49,48,47,45,43,38,33,32,39,43,42,36,31,30,35,39,39,37
57,53,45,41,43,45,45,46,47,46,46,44,41,39,43,47,43,34,30,34,40,44,45,45
49,51,44,34,32,33,33,35,37,41,46,49,48,45,43,43,38,35,37,41,45,48,50,52
38,42,39,30,26,25,25,24,26,32,41,47,49,45,39,35,35,40,45,46,47,49,52,54
33,34,33,31,28,26,24,22,22,26,32,38,40,38,33,30,37,45,49,47,47,48,51,53
36,36,36,35,33,31,28,26,25,26,27,27,28,30,29,31,38,44,44,46,47,47,47,46
39,40,40,38,35,36,35,33,33,33,32,28,28,33,39,40,41,41,40,41,41,40,39,39
41,44,44,41,38,37,37,39,40,39,35,31,32,41,50,49,46,43,41,41,40,38,36,35
42,46,45,41,38,36,36,40,45,44,41,36,35,42,51,53,51,48,46,45,42,39,36,33
38,41,40,37,35,34,33,38,46,47,46,41,36,34,41,47,51,51,49,46,43,40,36,33
28,30,31,31,32,32,32,35,40,41,41,38,35,34,37,40,41,43,44,39,37,37,37,37
27,27,29,31,32,35,40,45,48,45,37,33,36,43,47,45,43,43,45,43,44,45,45,45
35,33,32,31,30,34,43,51,55,51,40,32,35,44,49,49,51,54,57,58,58,56,53,50
42,38,34,30,28,31,40,48,51,51,43,37,36,39,40,43,51,61,68,71,70,66,59,55
42,39,34,30,29,30,35,40,43,44,42,41,39,35,30,30,41,56,68,73,73,69,65,62
