65,62,58,51,43,48,58,64,63,58,57,56,54,54,58,61,66,69,67,67,70,71,71,71
55,53,52,52,54,54,56,58,59,59,61,66,68,69,73,72,72,70,67,68,71,71,69,66
46,45,48,57,64,61,59,62,68,71,75,80,82,81,82,78,76,74,73,73,73,71,68,64
46,49,57,67,73,72,73,78,84,86,90,90,87,84,83,80,79,80,81,79,76,72,69,67
61,71,80,84,88,90,91,92,93,93,93,91,87,84,85,85,85,86,87,83,78,74,72,71
96,100,102,100,99,97,95,93,93,94,94,94,92,89,90,91,89,89,90,86,79,72,70,74
107,106,105,102,99,97,98,103,105,99,99,101,101,99,104,98,93,89,87,84,82,78,77,82
105,103,101,99,96,94,101,114,119,106,104,105,105,108,118,108,100,94,87,83,84,82,82,86
100,99,99,97,94,94,100,115,124,115,112,109,107,111,122,116,112,106,96,88,86,84,83,87
95,97,97,97,95,95,94,101,113,123,125,121,114,109,111,114,121,119,106,97,92,87,86,86
93,97,97,94,91,92,90,92,101,113,121,121,113,105,104,110,116,115,107,101,96,93,91,89
92,95,95,91,88,89,86,87,91,97,104,107,105,101,101,104,105,104,102,99,95,91,88,85
93,93,91,89,86,86,85,87,90,90,95,97,96,95,97,96,94,94,95,96,91,84,79,80
96,94,91,88,85,85,87,91,93,93,95,94,92,91,92,90,88,89,92,93,88,79,75,79
99,97,95,91,87,87,90,91,90,90,91,91,92,92,92,89,86,87,91,93,89,84,79,77
96,94,90,86,82,86,91,93,93,92,91,93,94,93,93,91,86,86,92,92,89,86,82,77
90,89,86,83,83,90,94,95,95,94,92,94,94,91,91,90,84,82,86,88,85,83,79,76
84,86,86,86,89,94,96,96,96,93,89,91,91,88,86,86,82,78,78,82,82,78,74,73
79,84,88,91,93,94,95,95,94,90,86,88,89,86,81,82,80,76,73,76,78,75,70,69
67,77,86,90,91,92,94,92,88,88,89,89,88,87,83,81,76,71,69,67,72,71,66,64
65,72,77,81,87,90,89,85,83,89,91,88,84,81,78,75,67,62,64,67,69,67,64,63
62,65,66,71,80,85,84,83,85,90,90,83,76,73,71,70,62,56,58,66,66,64,63,65
61,59,59,64,72,76,76,78,82,85,83,77,69,65,65,66,61,56,57,63,64,61,61,65
63,57,56,61,65,66,65,67,71,75,76,73,66,61,61,63,61,59,60,63,62,60,60,63
