56,52,54,59,61,68,86,99,102,96,83,73,68,66,57,54,49,44,41,44,47,49,52,56
58,50,47,51,54,57,68,77,81,77,67,58,55,54,48,45,42,40,41,47,53,59,65,70
59,48,42,44,48,49,54,59,61,60,56,53,52,50,44,40,42,48,55,63,68,75,83,88
56,48,46,49,51,54,56,55,53,53,54,56,58,55,47,41,51,65,76,82,87,91,96,101
50,53,59,65,66,69,65,58,52,52,50,54,61,62,52,46,57,76,90,95,100,101,103,107
49,56,65,71,71,71,62,53,48,47,46,51,59,65,65,56,59,73,89,99,104,104,100,98
48,52,58,64,67,62,53,46,44,46,50,56,61,65,67,59,57,65,79,89,91,90,91,95
47,47,49,54,59,54,47,43,44,48,55,61,64,64,63,60,58,63,75,84,83,82,89,99
45,43,42,45,51,49,45,45,48,52,58,65,66,63,60,60,60,66,79,89,88,88,96,107
42,40,39,40,43,46,46,48,53,60,67,72,72,69,65,63,61,66,79,92,98,102,107,113
43,44,44,44,47,49,51,54,64,81,89,93,92,88,81,75,68,69,80,87,99,109,114,116
41,45,48,51,53,56,64,74,85,100,99,98,101,105,107,95,78,72,81,88,99,107,111,113
42,44,49,52,53,59,79,97,108,116,110,107,107,110,112,102,86,78,83,90,97,101,105,108
45,44,46,50,54,65,90,112,125,128,128,127,125,118,107,97,89,85,85,90,96,100,102,105
46,45,47,55,72,88,97,110,125,134,139,145,152,149,127,102,92,91,91,91,99,107,111,111
48,49,51,61,83,101,100,98,102,109,113,121,128,128,114,99,94,95,96,91,98,108,114,113
49,53,56,60,69,82,85,81,77,79,88,98,105,106,102,100,102,105,106,104,108,113,116,116
49,53,57,56,55,60,68,68,62,62,75,87,94,97,100,105,111,113,112,114,118,119,120,121
47,50,53,55,55,55,61,64,63,65,76,84,90,97,103,110,117,117,113,114,119,122,122,124
44,46,51,53,52,52,58,67,76,83,90,89,89,95,105,113,118,120,120,117,121,124,122,119
51,52,55,56,54,54,58,68,83,95,103,104,103,103,110,117,123,128,131,125,120,120,122,123
58,62,65,68,68,66,66,72,85,102,111,114,113,112,113,118,126,132,135,130,125,124,126,128
69,75,81,86,90,88,86,87,94,111,120,123,122,121,120,121,127,132,132,130,129,130,131,130
82,88,94,99,105,106,108,108,110,121,130,132,130,130,129,128,130,131,130,129,130,132,132,129
