34,41,49,55,59,57,52,46,43,42,39,37,35,32,30,31,32,35,37,36,35,35,35,35
37,44,53,60,63,62,58,54,51,51,50,49,47,43,40,38,38,40,42,41,40,39,38,36
47,53,61,65,66,66,65,62,61,63,64,64,60,54,48,45,43,44,46,45,44,42,39,37
61,66,70,71,69,69,69,67,68,72,74,72,67,60,54,51,48,46,46,46,45,42,39,36
72,76,77,76,74,74,72,70,71,75,76,72,68,63,59,57,53,50,48,48,48,44,39,36
78,80,81,80,79,77,74,72,72,75,75,71,68,67,65,62,58,54,52,53,53,47,41,38
79,80,81,82,80,77,74,73,74,77,76,71,68,68,68,66,61,57,56,57,57,50,42,38
80,80,81,82,81,76,74,74,75,77,76,72,69,70,71,70,66,61,58,58,58,52,43,39
82,81,81,81,81,76,76,76,76,76,74,71,70,72,74,75,72,66,61,60,61,55,45,39
84,83,83,83,82,79,78,78,77,75,72,68,69,73,77,80,78,73,68,67,67,59,48,41
82,83,83,84,83,82,80,78,77,77,74,69,67,68,71,78,80,78,76,76,73,65,54,47
81,83,85,86,86,85,83,81,79,79,75,70,65,62,61,71,78,81,79,79,77,71,64,58
82,84,87,89,88,88,86,82,79,77,73,68,64,59,56,66,77,81,81,81,80,78,73,69
86,87,89,91,91,91,88,83,77,74,69,66,64,61,59,68,77,81,81,83,83,82,80,78
92,91,91,93,94,95,91,84,78,74,71,68,67,68,69,74,78,80,82,85,86,86,86,86
94,94,94,95,96,98,94,89,83,78,75,75,76,78,79,80,80,80,82,85,87,89,89,89
93,93,93,95,98,100,97,93,87,82,80,82,85,87,87,87,84,83,83,85,87,90,91,91
93,91,92,94,97,100,99,96,90,84,82,85,90,93,93,93,90,88,87,86,87,89,90,91
97,94,93,93,95,98,101,100,94,86,83,85,89,94,96,96,95,92,90,87,84,85,88,89
105,102,98,95,96,99,102,104,102,95,88,85,87,92,95,97,96,95,92,88,83,81,83,85
111,108,103,99,101,104,106,108,109,106,99,92,91,95,98,97,96,95,92,88,83,79,79,79
116,113,109,107,109,110,111,113,114,112,106,99,98,101,102,99,96,94,92,89,85,81,79,77
120,120,118,117,117,116,115,116,117,113,109,105,104,106,105,100,97,95,94,91,88,85,82,79
125,125,125,124,122,119,116,117,117,114,109,107,106,107,105,100,98,97,96,93,91,88,86,83
