160,157,155,156,156,153,153,153,155,159,161,163,164,165,167,167,167,167,166,164,162,162,163,164
161,158,156,156,154,153,153,153,155,159,162,162,163,164,165,165,165,165,163,162,162,163,164,164
160,156,154,154,153,152,153,154,155,158,160,160,160,160,160,160,161,160,159,158,159,160,161,160
157,154,154,155,154,154,155,156,157,158,158,156,155,155,154,156,156,155,154,154,154,155,155,155
156,156,156,157,157,156,155,156,157,156,152,146,144,146,149,151,149,146,146,148,148,148,148,148
157,156,155,155,151,143,139,139,140,133,123,117,118,124,130,133,130,126,126,129,134,137,137,138
153,146,135,124,113,110,113,118,117,110,106,109,113,114,119,125,129,129,125,118,118,118,120,124
127,118,108,98,92,98,110,116,112,103,107,115,119,120,127,135,144,151,152,141,136,132,131,132
97,96,98,101,105,117,131,136,129,121,128,133,136,140,149,156,163,171,177,171,165,160,154,150
102,112,124,133,138,147,154,157,156,156,162,166,166,167,169,170,170,171,170,164,161,157,152,147
134,143,152,157,159,163,164,165,165,165,169,170,169,168,167,167,167,165,163,158,154,149,144,141
154,159,163,164,164,165,165,164,164,164,166,166,166,166,164,163,162,160,156,151,147,142,138,138
160,164,164,161,160,160,162,162,162,162,163,162,162,162,160,158,156,153,149,146,143,137,132,132
159,162,163,161,157,157,159,161,161,162,162,159,157,156,156,152,150,146,141,141,138,132,125,122
157,157,163,165,160,160,159,158,158,158,158,156,153,151,150,148,145,140,135,133,130,126,119,113
156,152,154,156,152,155,155,155,155,154,152,151,149,145,144,139,137,133,128,126,124,119,112,106
149,152,151,147,143,148,152,153,153,152,149,145,140,134,131,123,119,116,113,113,111,107,101,96
149,154,153,145,141,145,150,152,151,149,147,140,129,119,116,111,107,103,100,100,97,94,89,85
156,156,155,151,147,147,150,151,148,144,142,136,121,106,104,108,107,103,97,92,89,84,79,76
153,153,153,153,149,146,149,149,147,144,138,132,119,104,103,103,102,99,95,92,86,78,71,69
154,155,153,149,146,143,142,141,141,138,130,126,118,109,105,104,102,96,90,83,81,76,70,69
156,157,152,143,138,135,132,128,126,123,118,116,114,108,102,101,98,93,86,80,77,76,74,70
150,150,144,134,126,126,122,117,113,111,108,108,108,104,98,95,92,88,83,77,74,76,77,71
138,136,131,124,116,119,118,113,110,109,105,104,104,102,96,91,88,86,80,72,69,74,76,70
