161,157,153,150,148,144,144,139,132,132,130,125,119,115,110,108,104,94,84,81,80,77,75,74
160,156,152,149,144,139,136,129,122,124,125,119,111,106,105,100,92,83,77,81,81,78,74,73
157,154,151,147,142,134,131,124,117,118,118,109,99,95,98,94,84,75,74,82,82,78,72,69
153,150,148,145,141,133,129,124,117,115,111,102,94,91,95,91,80,74,77,82,80,76,71,67
148,146,144,142,139,134,129,122,115,110,107,102,98,96,94,86,77,75,77,77,75,72,71,72
141,141,138,135,132,131,128,122,115,112,110,103,96,90,86,80,75,74,75,76,76,73,72,75
134,132,129,126,123,122,122,121,116,111,103,93,86,82,77,75,74,75,77,75,78,75,72,74
134,128,122,118,117,117,117,116,113,106,95,84,78,76,73,73,74,75,75,72,77,76,73,73
137,130,121,115,116,118,114,110,107,101,91,80,75,74,73,72,72,73,72,71,75,75,73,73
135,132,125,118,116,119,114,108,104,97,89,81,75,72,70,69,68,70,75,76,77,74,71,71
134,130,121,113,109,112,105,100,96,86,80,74,69,67,67,66,66,68,72,75,75,71,68,68
134,127,118,109,103,104,95,90,88,79,72,69,68,69,68,67,65,66,70,73,72,71,69,67
130,124,113,103,97,94,86,81,80,75,71,71,73,73,68,66,67,71,77,77,74,73,76,76
122,117,106,96,90,84,79,76,73,71,75,79,79,73,64,63,68,77,86,85,78,76,82,91
110,105,96,88,83,80,82,76,68,68,76,79,75,67,60,60,67,76,83,83,78,78,85,94
97,91,85,82,83,84,83,74,64,64,69,69,67,66,66,66,70,75,78,82,82,84,89,95
86,80,75,75,77,77,76,71,63,62,65,68,71,71,68,68,69,71,74,81,85,84,86,91
80,77,73,71,70,66,68,68,64,62,65,72,77,77,72,71,71,72,75,79,83,83,84,90
80,80,76,71,68,62,64,66,65,66,69,74,78,80,82,83,80,79,81,79,81,84,89,95
79,79,74,70,72,67,64,65,68,73,72,73,74,79,92,99,92,85,84,83,88,92,96,99
68,66,65,66,68,65,63,65,69,75,76,77,79,84,93,98,94,89,89,91,91,90,90,93
59,59,63,67,67,66,64,64,67,73,76,78,81,87,91,91,91,92,93,90,84,82,85,89
56,59,64,68,67,67,66,63,64,70,76,78,80,84,87,86,89,91,88,79,76,79,83,85
60,59,60,63,64,66,66,63,62,67,75,78,78,79,81,86,89,85,77,69,73,81,83,80
