77,76,75,74,74,78,79,75,69,67,72,77,83,86,81,78,78,82,85,83,81,79,78,76
78,77,78,79,76,76,75,74,74,74,76,77,81,83,80,77,79,82,84,82,80,79,78,77
73,73,76,78,75,72,70,75,82,83,81,80,81,82,80,77,78,80,81,80,79,78,77,76
70,72,74,75,74,70,71,81,90,90,86,85,83,81,81,79,80,80,78,78,77,76,75,74
76,77,77,76,76,74,78,89,96,94,92,88,83,79,79,81,83,82,78,77,75,73,72,72
76,76,77,78,78,77,85,93,96,91,87,85,84,82,79,81,84,84,79,74,72,73,75,75
75,77,80,81,79,79,85,90,91,88,84,83,81,79,79,80,83,85,82,76,74,75,77,77
75,79,83,84,83,83,84,85,85,85,84,82,81,80,79,79,82,83,82,79,78,77,78,78
77,80,84,88,89,89,84,82,83,85,85,83,83,84,79,77,80,81,79,81,81,80,79,79
77,78,84,90,90,90,85,83,85,87,87,86,86,85,80,78,79,79,78,81,80,81,83,83
74,80,86,87,84,88,83,80,83,85,85,85,86,86,85,83,81,78,76,78,77,77,77,78
79,89,92,86,81,87,81,78,81,84,83,85,87,88,89,85,81,78,77,76,75,75,74,74
92,97,95,87,80,82,77,76,79,81,81,83,84,85,85,84,82,79,77,74,71,71,71,71
100,99,95,87,77,75,75,76,77,77,77,79,80,80,80,82,82,78,74,70,65,64,67,69
92,95,94,83,71,74,77,78,77,72,72,75,77,79,82,84,79,73,71,67,61,59,64,72
89,89,84,76,69,72,73,77,79,74,70,72,74,77,83,85,77,71,73,70,64,61,64,70
87,79,77,79,76,75,74,77,80,76,75,76,77,77,80,80,74,73,79,77,70,65,66,71
85,74,76,84,83,78,76,78,79,77,81,82,81,79,80,77,74,76,81,83,76,69,69,75
87,78,79,85,81,76,76,77,77,78,81,82,82,82,82,79,77,77,79,83,81,76,75,80
99,92,85,79,75,74,72,72,74,77,76,77,80,81,80,81,78,77,80,83,87,87,84,83
103,97,87,79,77,78,74,70,72,78,77,78,79,79,82,85,80,77,78,78,81,83,83,83
100,94,86,81,82,82,75,70,73,82,81,79,77,76,81,84,79,75,75,73,71,74,79,83
94,91,85,82,85,80,74,71,75,82,82,78,74,72,74,75,72,70,70,67,65,69,76,80
91,93,88,83,84,75,70,72,76,77,78,76,73,70,68,64,63,64,66,64,65,69,74,77
