34,35,35,37,40,43,46,43,40,40,42,38,33,29,26,24,24,24,26,29,31,29,29,31
37,36,36,38,39,38,41,42,41,39,36,33,30,29,26,24,24,25,27,30,31,31,31,31
38,35,35,36,35,33,37,41,41,37,33,31,30,29,26,25,25,26,28,32,34,37,36,34
36,36,36,35,32,31,34,37,38,35,32,32,31,29,26,25,27,29,29,32,35,39,39,35
34,38,39,36,32,29,29,32,33,31,28,30,31,30,26,24,27,30,30,30,31,33,33,32
31,35,35,32,29,27,26,28,29,28,26,27,28,26,24,22,24,28,32,32,31,30,29,27
33,37,37,33,28,27,26,27,28,27,29,31,32,31,29,26,27,31,35,34,32,30,28,25
35,39,39,35,30,29,28,27,28,27,30,32,34,35,35,32,32,32,33,31,29,28,28,28
39,42,42,39,36,33,31,29,28,28,29,30,33,37,42,42,40,36,32,28,26,28,32,37
50,49,49,48,44,41,36,32,31,30,28,28,31,39,51,55,53,49,44,37,29,32,41,48
57,52,51,52,49,49,46,41,34,29,26,25,29,38,51,58,58,56,55,47,37,35,41,49
46,44,44,46,44,45,44,41,35,29,25,25,29,36,44,49,49,49,48,41,35,33,37,44
32,33,35,36,36,36,36,36,33,28,25,27,33,39,42,43,42,39,37,33,32,30,32,36
28,29,31,31,31,32,32,32,32,29,27,29,34,40,43,43,39,33,30,32,33,30,28,28
32,34,34,33,33,31,33,34,35,35,32,29,29,32,36,38,33,27,25,30,32,31,30,31
33,37,38,35,34,32,30,30,31,33,32,32,32,35,39,41,38,32,27,26,28,30,32,34
31,33,33,32,31,28,27,29,33,38,41,41,41,43,45,44,40,35,32,35,39,41,40,39
31,29,30,32,33,29,28,33,41,47,51,51,51,51,50,46,40,35,37,47,54,55,52,48
33,30,30,34,39,35,34,40,49,54,57,57,56,54,52,47,38,34,41,55,62,63,61,59
29,27,27,31,36,37,38,45,53,57,59,59,58,54,50,44,35,35,48,59,63,64,63,62
24,25,27,32,39,35,33,38,48,54,59,62,63,59,53,43,34,38,52,59,63,63,62,61
20,22,24,27,32,30,28,30,37,45,53,62,65,62,59,50,40,41,53,57,60,62,61,60
18,19,20,21,23,25,25,24,27,34,43,53,57,57,57,51,44,45,53,56,59,61,61,60
18,19,19,18,20,23,23,23,24,28,33,40,45,46,47,43,43,48,55,57,59,61,61,61
