36,39,39,36,30,29,30,29,26,25,26,29,31,32,39,42,39,39,47,54,55,67,80,82
35,37,38,35,30,29,29,28,27,26,31,36,36,33,33,32,29,29,33,40,46,57,70,77
29,30,30,28,26,25,25,25,25,27,35,36,33,30,29,26,25,25,27,33,41,54,68,80
24,23,22,23,24,24,25,25,25,29,36,33,28,27,28,29,32,33,32,36,44,59,76,87
27,25,24,26,29,29,33,35,33,34,38,35,30,29,32,40,45,44,42,44,47,62,81,92
30,30,31,33,35,38,45,49,49,48,50,43,34,31,40,50,53,50,47,46,47,62,80,89
36,39,43,46,48,51,55,57,57,55,52,46,41,41,48,53,55,54,54,55,60,72,84,89
48,51,54,56,56,58,60,59,56,55,52,52,52,53,56,60,62,63,65,71,76,81,85,87
61,60,60,59,57,58,57,54,52,53,56,61,65,66,68,74,76,76,80,86,87,86,84,85
62,61,60,60,58,55,51,50,52,57,64,70,73,77,84,89,90,90,92,92,92,90,88,89
60,60,60,59,57,51,54,59,64,70,78,84,89,92,95,97,95,95,95,95,98,98,97,97
58,60,63,66,65,65,69,74,80,90,94,96,98,101,102,100,98,98,99,99,102,104,103,103
70,76,82,84,81,87,89,91,95,102,103,102,103,105,106,103,103,104,105,104,107,109,109,110
95,100,105,104,101,106,107,106,105,105,105,105,106,108,109,107,109,112,113,113,114,114,116,118
111,110,109,108,111,116,119,118,113,109,108,109,111,112,112,113,114,118,121,122,122,121,121,124
113,110,109,112,117,123,129,129,123,119,117,115,115,115,116,117,120,123,126,125,124,124,125,126
116,112,111,113,117,121,124,124,122,121,121,119,118,118,118,119,123,127,128,127,126,128,130,130
118,115,113,113,115,118,118,118,119,121,122,121,120,121,121,123,127,130,130,129,130,132,134,134
118,116,115,114,116,119,119,119,121,123,124,124,125,125,127,130,133,133,133,133,136,137,136,136
118,118,118,119,121,123,123,124,124,124,126,130,132,133,133,137,138,136,136,138,139,139,138,138
122,121,120,122,124,126,127,127,126,127,130,136,138,138,137,138,138,138,139,141,140,139,141,143
125,124,124,125,125,128,130,130,129,130,135,140,142,140,139,139,139,139,141,142,142,142,144,147
127,127,128,129,128,130,132,133,132,133,137,141,142,141,141,141,141,141,142,143,143,144,146,148
129,129,130,131,131,131,132,133,134,135,137,140,141,141,142,142,141,142,144,144,143,143,146,149
