88,86,82,78,76,74,75,75,72,66,59,55,54,56,58,66,70,71,73,76,79,81,80,79
88,84,80,76,75,74,74,75,73,67,62,58,57,59,63,70,75,76,77,79,82,83,82,80
87,82,77,74,73,72,73,74,72,69,66,64,64,66,69,75,80,83,83,84,86,86,84,82
84,80,75,72,70,70,71,72,71,70,68,68,70,72,75,79,84,87,86,88,90,91,88,85
81,78,74,69,65,65,68,70,69,69,68,69,71,75,78,83,86,87,87,89,93,94,91,89
80,78,73,67,61,60,63,66,67,66,67,69,72,77,81,85,87,88,87,90,92,92,91,88
79,77,73,67,61,59,62,65,66,67,69,72,76,81,86,88,89,89,90,92,92,92,90,88
78,76,73,69,64,63,65,67,67,69,74,78,83,87,90,93,93,93,93,93,92,92,90,88
76,75,74,72,70,69,70,70,71,74,80,85,90,93,95,98,97,96,95,94,93,92,91,89
75,75,75,75,75,74,74,74,76,80,86,91,94,97,99,101,100,97,96,95,94,94,94,93
78,78,77,77,78,79,79,80,83,87,91,94,97,99,101,104,103,100,98,97,97,97,97,98
81,80,79,79,82,84,86,89,91,93,94,96,99,101,103,104,103,101,99,100,101,101,102,103
84,83,82,83,85,89,92,95,97,98,99,101,102,103,104,104,103,102,102,104,105,106,108,108
87,86,86,87,89,93,98,100,101,102,104,106,107,106,106,105,105,105,107,110,111,113,113,113
89,88,88,90,92,98,102,104,104,105,107,109,110,110,109,108,109,111,113,116,118,119,119,118
89,89,90,91,94,101,105,107,107,109,111,112,113,113,113,113,114,115,117,119,122,123,122,120
89,91,92,95,98,105,108,109,111,113,115,116,117,118,118,119,119,119,120,121,123,123,121,120
92,94,97,100,104,109,111,112,114,116,119,120,121,123,124,125,124,123,122,121,123,122,121,120
96,100,103,106,110,112,113,115,117,120,122,124,125,127,128,129,128,127,125,123,122,122,121,121
100,104,109,113,116,117,117,119,120,123,125,126,127,129,131,133,131,129,127,125,124,123,123,124
108,113,117,120,122,122,123,123,124,126,127,127,128,130,133,135,135,134,132,130,127,125,125,125
117,121,124,126,128,128,129,129,129,129,129,130,131,134,136,137,138,137,135,133,129,127,125,125
124,126,129,132,133,134,134,133,133,132,132,133,135,138,139,140,139,138,137,134,131,128,127,127
126,128,131,135,138,138,137,136,134,133,134,136,138,140,140,141,140,138,136,133,131,129,129,128
