81,84,90,96,95,90,89,93,97,94,97,106,118,129,134,137,136,132,131,144,166,171,164,158
93,90,91,95,97,91,93,104,115,116,124,133,140,144,145,144,136,126,121,128,144,155,154,145
100,96,97,103,105,103,105,117,130,132,140,150,153,151,148,140,129,123,122,122,133,147,149,138
99,99,105,110,107,110,112,119,128,130,137,147,152,151,148,139,130,128,130,126,132,142,145,136
97,103,111,110,95,101,106,111,116,121,131,141,148,153,156,155,148,140,135,130,127,129,133,133
106,115,125,122,107,107,115,119,122,129,138,143,144,145,149,160,162,160,156,145,132,130,134,135
98,109,118,121,119,123,127,124,118,118,128,138,140,135,134,147,156,161,161,155,143,138,139,139
91,99,106,111,115,119,125,128,124,120,124,131,134,131,124,133,143,152,159,158,151,146,143,142
95,100,103,106,108,108,118,130,137,136,134,133,137,139,133,133,133,141,155,159,154,148,145,144
109,111,113,116,122,123,124,129,137,143,147,151,158,162,158,150,136,135,153,164,157,144,139,144
113,117,125,134,142,141,129,124,133,147,151,152,155,159,158,156,142,138,154,167,156,139,130,134
106,110,124,141,153,149,137,128,131,141,152,154,151,148,148,150,145,143,149,154,155,147,139,136
111,113,124,139,149,149,147,142,137,138,151,157,151,142,141,144,149,154,154,151,155,156,149,142
127,125,128,135,141,148,158,157,148,142,152,160,156,145,143,147,157,165,163,158,157,156,152,147
130,124,126,135,143,151,162,160,149,146,155,160,157,152,154,158,163,161,153,152,156,156,153,152
132,115,112,125,140,143,145,141,136,137,144,145,142,141,144,147,148,142,135,140,146,147,149,154
124,119,118,125,137,145,145,143,144,147,152,144,136,135,136,136,133,131,133,138,137,137,145,156
112,123,130,131,131,143,147,149,153,159,162,152,142,139,137,133,130,135,145,146,138,135,141,151
105,122,135,135,128,131,139,145,151,157,162,161,156,150,143,138,139,149,160,154,144,137,137,142
110,122,134,138,134,132,138,142,144,147,156,165,164,154,144,147,150,157,162,150,138,133,136,141
114,126,135,139,142,138,144,148,146,144,147,153,154,150,144,143,139,139,144,141,136,136,139,142
125,128,131,137,147,143,148,155,153,144,141,143,145,144,138,137,132,131,137,139,140,139,139,140
137,133,132,138,148,144,150,160,162,151,140,137,137,137,133,134,133,134,138,140,142,139,137,139
145,141,141,144,145,144,151,163,168,160,145,134,131,131,131,135,135,135,138,139,139,137,137,141
