142,137,135,135,133,128,122,119,117,118,117,116,116,118,119,123,126,129,130,123,120,118,114,109
144,141,136,134,133,131,128,123,121,123,125,122,120,121,122,122,124,128,130,125,122,120,117,110
146,145,142,138,137,135,132,129,127,128,131,129,126,124,122,119,120,124,126,123,120,119,116,112
143,146,146,143,141,137,133,132,133,131,131,131,129,124,119,115,117,120,121,118,116,115,114,114
136,140,141,141,141,136,131,131,133,130,127,125,123,119,114,115,117,119,118,116,115,114,114,115
134,136,134,133,134,133,129,127,127,127,127,124,120,118,118,122,121,118,117,115,115,115,114,112
133,133,129,127,131,131,128,124,122,126,127,124,120,117,117,119,118,116,115,113,114,114,111,107
131,131,127,125,129,130,128,123,120,123,124,124,123,121,118,117,117,116,113,111,111,110,108,105
128,129,127,126,128,131,131,127,123,122,122,124,127,127,123,120,119,118,114,110,107,105,105,106
123,126,127,127,128,134,136,135,131,128,125,123,124,128,126,123,122,122,118,112,105,102,104,108
119,123,125,124,125,130,133,135,134,131,127,123,123,125,124,122,120,119,117,115,110,107,106,105
118,121,123,123,121,121,122,124,124,123,121,119,118,120,120,120,120,119,117,113,109,107,105,102
116,118,120,122,121,119,118,117,116,115,114,114,114,114,113,116,116,116,114,107,103,102,101,99
113,114,117,119,122,123,123,120,117,115,114,116,117,114,109,110,110,109,106,102,97,97,97,95
116,117,117,118,121,123,126,125,122,121,122,129,132,126,113,106,103,102,102,103,101,101,100,96
127,128,126,124,124,124,123,120,116,116,118,127,135,132,116,107,104,103,102,104,106,107,105,101
120,126,127,125,125,130,131,124,115,109,109,114,119,120,116,115,115,115,111,109,110,111,109,105
109,114,118,119,120,129,135,131,119,107,104,106,107,108,115,120,123,122,118,114,113,112,109,105
106,108,110,112,114,119,127,129,121,109,105,106,106,106,111,116,118,118,117,116,114,111,108,104
113,116,120,120,118,118,120,118,113,107,103,102,102,103,105,107,107,108,111,114,115,114,112,110
112,117,121,122,121,118,115,112,109,108,107,107,108,109,111,112,110,109,112,117,119,116,113,113
109,112,115,115,114,111,110,108,106,105,107,113,117,117,116,118,116,115,118,126,128,124,119,118
108,110,111,109,106,107,108,108,105,101,100,110,120,121,117,118,118,116,117,125,129,129,127,126
111,113,112,109,106,109,112,111,106,100,93,100,112,119,114,114,114,112,109,111,118,125,131,134
