165,166,165,163,161,162,161,162,164,162,164,164,165,166,163,163,165,168,169,170,169,169,168,168
163,162,162,161,161,162,162,163,163,161,164,165,166,167,165,165,166,168,169,171,172,172,171,169
162,160,160,162,162,162,162,162,163,164,165,166,167,168,167,167,168,169,170,170,171,172,171,170
163,162,162,164,164,162,161,162,165,168,166,167,168,169,168,168,170,171,170,169,169,169,169,168
164,165,166,166,166,163,163,165,168,171,168,168,168,168,167,168,171,172,171,168,167,168,168,167
163,166,167,168,168,163,163,166,170,170,166,166,167,166,166,167,169,170,169,169,169,169,168,167
163,166,168,168,168,166,166,168,169,168,164,165,166,165,166,166,168,168,167,168,170,169,166,164
165,167,167,166,167,166,166,166,165,165,163,164,165,165,166,167,168,167,165,166,168,167,164,163
168,167,165,164,166,165,165,163,161,162,163,164,165,165,166,167,168,167,165,165,166,164,163,163
169,165,162,163,166,166,164,162,160,161,162,162,162,163,164,166,167,167,166,165,165,164,163,165
167,166,164,164,166,164,161,161,161,161,162,162,162,164,167,168,167,166,165,164,163,163,163,163
165,165,164,164,166,163,161,161,162,162,164,163,164,166,167,166,166,164,163,160,157,159,161,162
162,163,163,162,163,162,162,162,163,163,165,164,164,166,167,165,163,162,160,156,152,154,157,159
161,163,164,163,161,160,162,163,164,165,165,163,163,165,168,164,161,159,157,154,150,150,152,154
165,166,167,166,163,161,161,163,164,164,165,164,165,167,167,162,160,159,157,153,148,145,147,150
166,168,170,168,165,163,164,165,165,165,164,165,167,168,164,161,159,160,160,153,145,144,146,147
165,168,169,167,165,165,166,167,166,165,164,166,167,167,162,160,161,162,161,156,150,148,149,150
165,168,167,165,163,164,165,166,165,164,162,164,164,162,159,159,160,160,159,157,153,150,148,147
166,167,166,163,162,162,163,165,164,162,160,162,161,157,156,156,154,153,153,156,151,145,140,140
165,165,164,163,163,164,166,166,166,165,164,165,163,157,154,150,145,145,151,157,151,142,137,138
168,168,167,165,165,166,167,167,165,164,162,162,161,157,154,150,147,149,154,156,154,146,140,140
170,170,170,169,168,166,167,166,165,163,159,156,154,153,149,145,144,148,151,149,151,151,148,144
171,169,169,170,168,166,166,166,165,161,157,153,151,149,146,143,142,145,148,142,144,148,148,142
170,167,165,165,165,167,167,167,164,159,158,156,152,149,148,146,145,147,149,143,139,140,139,134
