73,74,74,76,79,91,114,139,141,110,96,98,103,108,111,114,120,124,126,132,138,137,131,126
75,77,78,77,74,84,104,125,130,108,96,96,103,110,115,117,115,110,106,113,125,131,129,127
75,75,79,80,76,81,91,102,105,94,85,87,97,107,115,126,129,120,108,109,125,132,130,127
74,75,79,83,84,85,83,82,82,80,76,80,89,98,105,126,141,140,127,122,132,136,133,129
77,82,86,87,91,91,84,79,80,85,85,88,91,92,93,110,129,138,137,131,133,135,137,138
82,91,100,104,104,98,92,94,104,113,115,118,116,110,103,106,114,124,131,130,135,141,147,151
78,85,100,114,117,114,113,118,127,135,137,138,138,136,132,130,133,137,135,126,124,130,140,147
72,76,92,111,121,123,124,125,130,135,138,141,143,147,152,153,158,159,150,132,120,121,131,138
70,73,86,104,117,120,118,118,119,119,123,128,133,141,153,160,167,171,163,143,126,122,127,133
76,76,88,106,115,109,106,111,115,107,109,113,119,129,141,149,158,164,160,146,133,128,130,132
82,84,93,103,104,100,100,112,123,115,116,115,113,114,126,134,137,140,144,141,140,139,136,132
98,104,113,115,109,108,109,116,121,116,116,115,115,119,132,138,133,129,131,132,136,140,141,139
115,126,134,131,124,130,129,123,117,114,116,116,118,125,136,143,138,130,127,133,138,140,141,141
120,131,137,135,133,144,144,132,119,117,122,119,119,124,133,140,140,134,130,138,145,144,142,141
104,107,111,116,123,131,138,137,129,124,126,121,118,124,134,132,132,132,129,129,137,144,149,152
102,98,101,110,118,119,127,129,125,124,126,119,109,108,117,118,121,127,130,126,128,135,141,142
107,104,102,106,112,115,120,119,115,118,120,115,111,112,119,118,124,134,141,138,129,128,131,132
110,109,107,106,110,116,122,127,130,131,128,123,125,133,140,132,133,142,150,150,139,130,127,129
108,110,110,110,114,118,126,144,159,156,150,141,142,152,158,147,141,144,152,156,151,140,134,134
104,111,113,112,113,121,123,133,146,149,150,147,147,151,152,146,143,148,159,166,163,155,148,146
109,114,119,121,123,136,144,146,143,136,135,137,140,145,153,156,148,144,148,155,162,165,160,152
119,129,134,133,133,147,160,162,151,134,121,123,126,130,140,145,140,135,135,139,152,160,155,142
125,139,143,136,133,143,154,157,152,138,126,125,126,125,132,130,127,126,125,123,137,145,140,128
121,134,138,132,126,130,133,135,137,140,142,146,142,134,140,130,124,121,118,114,126,131,128,122
