145,153,162,162,150,143,139,124,100,78,68,59,50,46,49,51,51,51,50,51,50,50,50,51
147,153,159,157,144,134,128,115,95,76,67,56,49,47,49,48,48,49,50,48,47,48,49,48
142,148,153,149,136,123,116,109,97,81,68,56,48,46,47,46,47,50,50,46,44,49,55,56
140,144,146,143,130,116,108,104,98,84,69,56,48,44,44,45,48,52,51,46,42,49,59,65
149,145,142,138,128,114,103,96,89,78,64,53,47,44,43,44,49,53,53,46,40,42,51,61
157,150,142,135,129,113,99,90,81,69,59,52,48,46,45,47,48,47,44,42,40,39,44,52
151,148,138,128,121,104,91,83,76,68,62,57,52,49,50,51,48,43,40,40,40,40,42,46
142,140,131,120,109,94,85,77,68,64,62,59,54,50,49,49,46,42,39,40,41,41,42,45
136,130,122,112,98,85,80,71,59,53,54,54,52,48,45,44,42,40,39,40,41,41,42,46
132,123,113,103,92,77,73,64,51,41,41,43,44,43,44,43,40,38,37,40,40,40,42,45
126,115,105,96,82,66,62,56,46,38,34,34,37,43,48,49,46,42,41,42,42,42,43,43
110,98,88,82,73,62,60,57,51,46,40,36,37,42,47,50,49,46,43,42,41,41,41,40
97,85,76,71,66,62,61,59,54,50,47,42,40,41,43,46,47,45,42,40,38,38,36,35
91,81,71,65,62,61,60,56,51,47,46,43,41,41,40,41,42,42,41,38,36,35,34,30
90,79,69,63,61,60,57,53,48,43,42,39,39,38,36,34,36,40,41,39,38,37,35,32
100,89,77,70,67,65,63,60,55,50,45,40,37,38,35,34,37,40,41,43,42,41,38,35
104,99,93,87,80,75,72,67,61,55,50,43,40,39,38,38,42,45,45,47,45,41,37,35
95,98,102,99,87,80,76,71,64,59,54,46,41,40,39,39,43,46,45,45,43,40,35,34
83,90,95,91,79,74,71,65,61,58,52,46,40,38,36,36,38,40,39,38,38,37,35,32
87,89,81,68,60,61,55,50,47,47,42,40,39,38,34,34,36,37,37,36,36,35,33,29
89,88,75,58,52,54,47,40,38,37,36,39,41,40,37,39,40,39,37,36,35,34,31,28
80,78,68,57,52,51,45,40,37,37,39,42,44,43,40,41,42,40,37,38,38,35,33,31
69,64,60,56,53,49,46,43,40,41,43,43,43,42,39,40,42,41,37,38,37,35,34,34
63,57,53,52,52,49,47,45,42,41,43,40,38,38,36,39,42,41,37,35,33,32,33,36
