41,41,41,41,42,41,41,41,42,44,43,43,43,42,42,42,43,43,42,42,41,40,40,41
42,41,41,42,43,42,42,42,43,45,44,44,43,42,42,42,43,43,43,43,42,42,42,42
43,43,43,43,43,43,43,43,43,45,45,44,44,43,43,43,43,43,43,43,43,43,44,44
44,44,44,44,44,43,44,44,44,45,46,45,44,44,45,45,44,43,43,43,44,44,44,44
45,45,45,45,45,44,45,45,45,47,47,46,45,44,46,45,45,44,43,43,44,44,43,43
46,46,46,46,46,46,46,45,45,45,46,45,45,45,46,47,46,45,45,44,44,44,44,44
47,47,47,47,47,47,47,47,46,46,46,46,47,47,48,48,47,46,46,45,45,46,46,45
47,48,48,48,48,48,48,47,47,47,48,48,48,49,49,48,47,47,46,46,46,47,47,46
49,49,50,49,49,49,48,48,49,49,49,49,49,49,49,48,48,47,47,46,47,48,48,48
51,51,51,51,50,49,49,49,50,50,50,50,50,49,48,49,50,50,49,47,47,48,49,51
51,51,52,53,52,51,51,51,51,50,51,51,50,50,50,50,51,51,50,49,49,49,52,54
51,51,52,53,53,52,52,52,51,51,51,52,52,52,51,52,52,51,51,50,50,51,54,57
51,52,53,53,53,53,53,53,53,53,53,53,53,54,53,52,52,52,52,52,51,53,56,59
52,53,53,53,53,53,54,54,54,54,54,53,54,55,55,53,53,53,53,53,53,54,58,60
53,54,55,56,55,55,56,56,56,56,54,54,55,56,56,55,55,55,55,55,54,55,58,61
54,55,57,57,57,57,57,58,57,57,55,55,56,57,57,57,57,57,57,56,56,56,58,60
56,57,58,59,58,58,58,59,59,58,57,57,57,58,58,58,58,58,58,57,57,57,57,59
58,58,58,59,59,59,59,59,59,59,59,59,58,58,58,58,59,59,59,59,59,58,58,58
59,59,59,59,60,60,60,60,60,60,60,59,59,59,59,59,61,61,60,61,61,60,59,59
61,60,60,60,60,61,61,61,61,61,60,60,60,60,60,62,63,63,63,64,65,64,62,60
62,62,62,62,62,62,61,61,62,62,61,61,61,61,61,63,63,64,65,68,69,68,66,64
63,63,63,63,63,62,62,62,62,63,63,63,63,62,62,63,63,64,67,73,77,77,74,70
63,63,64,64,63,62,63,62,63,63,64,64,64,63,63,63,64,65,67,76,85,87,83,77
64,64,64,64,63,63,64,64,63,64,64,64,64,64,64,64,65,65,67,75,89,93,89,82
