39,38,39,40,40,39,39,39,39,40,39,38,38,38,38,38,39,39,40,40,40,39,39,39
40,39,39,40,40,39,39,39,40,41,39,39,39,39,39,39,40,41,41,41,41,40,40,40
41,40,40,40,40,40,39,40,40,40,40,40,40,40,40,40,41,40,40,41,41,40,41,41
41,40,41,41,40,40,40,40,40,40,40,41,41,40,40,41,40,40,39,40,40,41,41,41
40,40,40,41,40,40,41,41,41,41,40,40,40,40,39,41,41,40,40,40,40,41,42,41
41,40,40,40,41,41,40,40,40,41,41,40,40,41,40,41,41,41,41,41,40,41,41,41
41,41,41,41,41,42,41,41,41,42,41,41,41,41,41,41,41,41,41,42,41,41,42,42
41,41,41,41,41,42,42,41,41,42,41,41,41,41,41,41,41,41,41,42,42,42,42,43
41,41,41,41,41,42,42,42,41,42,42,42,42,42,42,42,42,42,42,42,42,42,42,42
42,41,41,41,42,42,43,43,42,43,43,44,43,42,42,42,42,42,42,42,43,43,43,42
43,43,42,42,43,42,42,42,43,43,43,43,42,42,43,43,43,43,43,43,42,43,43,43
42,42,42,43,44,43,43,42,42,42,43,43,43,43,44,44,43,43,43,43,43,43,44,44
42,42,41,42,45,45,44,42,42,42,43,43,43,44,44,44,44,43,43,43,43,44,44,44
43,41,39,40,44,45,44,43,42,42,43,43,44,44,43,44,44,44,43,43,44,45,45,45
44,39,34,35,42,44,44,44,43,44,44,44,44,45,44,43,44,44,44,44,44,44,45,46
45,38,29,29,40,43,44,44,45,45,44,44,44,46,45,44,44,44,45,44,43,41,42,45
45,38,27,25,37,43,45,45,45,44,42,41,42,45,47,46,45,45,45,44,39,33,33,40
41,35,25,22,34,41,43,42,39,37,36,36,38,42,45,47,47,46,45,42,31,22,25,36
31,28,19,16,27,33,34,32,27,23,25,26,29,34,39,45,48,48,45,39,24,15,20,35
14,17,12,7,11,14,15,14,12,9,12,13,15,20,26,40,47,47,44,35,19,12,20,36
4,8,6,2,2,3,4,4,3,2,4,4,5,8,14,31,39,40,37,27,13,8,19,35
1,3,2,0,0,0,0,0,0,0,1,1,1,2,6,20,26,27,23,15,7,5,14,26
0,0,0,0,0,0,0,0,0,0,0,1,1,1,2,8,12,12,9,5,3,3,7,14
0,0,0,0,0,0,0,0,0,0,0,1,1,1,0,2,3,3,2,1,1,1,2,4
