42,43,46,47,48,48,46,44,43,43,42,41,41,41,39,39,39,39,40,41,41,41,43,44
43,45,48,50,51,50,47,45,44,44,42,41,40,40,40,40,40,40,41,42,41,41,42,42
46,49,51,53,53,51,48,45,44,44,43,41,41,41,41,42,42,43,43,43,42,42,42,42
51,53,55,55,54,51,48,47,46,44,43,43,43,43,43,44,46,46,45,43,43,43,43,43
55,57,58,58,55,52,50,50,48,45,44,44,44,44,45,47,49,48,46,44,43,44,44,44
59,61,62,61,57,54,53,52,50,47,45,45,46,47,48,50,51,50,48,47,46,45,45,46
64,64,64,64,60,57,56,55,52,50,48,48,49,50,52,52,51,51,51,49,47,46,46,47
67,66,65,65,63,60,59,57,55,53,52,52,52,53,53,53,52,52,52,50,48,47,47,47
70,67,66,65,64,63,61,59,57,57,56,54,54,55,55,54,54,54,54,52,50,49,48,48
72,70,67,66,66,65,63,61,60,58,57,57,57,57,57,57,57,57,57,54,53,51,50,49
76,73,70,68,68,67,66,64,61,60,59,60,60,60,60,60,59,60,59,57,55,53,51,50
80,76,72,71,71,70,68,65,62,61,61,61,61,61,62,62,62,62,62,59,57,55,53,52
83,79,76,74,74,73,71,67,64,63,63,63,62,62,62,63,63,63,63,60,58,56,55,55
83,81,79,79,78,76,74,70,66,64,64,64,63,62,63,63,63,63,63,60,58,57,57,57
81,81,81,82,81,79,76,72,68,66,66,66,65,64,63,63,63,63,63,61,59,58,58,58
79,80,81,83,82,81,77,72,69,67,66,67,66,65,65,63,63,63,62,62,61,60,60,60
80,81,82,83,82,80,76,73,70,70,67,66,67,67,66,65,64,63,63,63,62,62,62,64
82,82,83,82,80,79,75,73,72,72,69,67,67,68,67,65,64,64,64,64,64,64,65,67
83,82,81,80,79,77,74,72,73,73,72,70,69,69,67,65,65,65,65,65,66,67,68,70
84,82,80,79,78,76,74,73,73,73,72,71,71,71,69,67,66,66,67,67,68,69,72,74
86,84,80,78,76,77,76,74,73,73,73,72,72,72,70,69,68,68,68,69,71,74,78,80
90,87,82,79,78,79,78,76,74,74,73,72,72,72,71,70,69,69,70,70,73,77,81,83
94,90,85,82,82,83,81,77,76,75,74,73,73,72,72,71,70,70,70,71,75,78,80,83
97,92,87,85,85,86,83,79,77,76,74,74,74,74,73,71,71,71,71,72,74,76,78,80
