45,44,42,42,43,46,47,47,46,45,43,42,41,41,41,41,40,40,40,40,42,42,43,45
43,42,42,42,43,45,47,47,47,46,45,43,43,44,44,44,43,43,43,45,47,48,49,50
42,42,42,43,44,45,46,47,47,46,46,46,47,48,48,48,48,48,50,52,54,55,55,57
43,43,43,44,44,45,46,47,47,47,48,49,50,52,53,53,54,55,56,57,59,59,60,63
44,43,44,44,44,45,46,48,48,49,52,53,54,56,58,59,59,59,60,61,61,62,64,67
45,45,45,45,45,46,48,49,49,51,54,56,57,57,60,62,63,62,63,63,63,65,67,69
46,47,48,48,48,49,51,52,53,55,58,58,58,57,59,61,62,63,64,64,64,66,67,68
48,50,50,51,52,53,55,56,56,59,60,60,59,58,59,61,62,63,64,64,65,66,66,67
49,51,52,53,54,56,57,58,58,59,60,60,59,59,60,62,63,63,63,65,65,65,66,67
49,51,53,53,55,57,57,57,58,57,57,58,59,60,62,63,62,62,63,65,64,64,65,66
51,53,54,54,55,58,57,57,57,57,57,58,59,60,62,62,62,61,62,63,63,63,64,67
53,54,55,55,56,57,57,57,56,57,57,58,59,60,61,61,61,61,62,63,62,63,66,69
55,56,57,57,57,57,58,57,57,58,59,60,60,61,61,61,62,63,64,65,65,67,71,75
57,58,58,58,58,58,59,59,59,60,62,63,64,64,63,64,65,66,69,70,74,77,81,85
59,60,60,59,59,60,61,62,63,65,68,70,70,69,67,68,70,73,75,79,85,91,95,99
62,63,63,62,61,62,64,67,69,71,75,78,77,75,73,74,76,79,82,88,96,102,105,106
66,67,67,66,65,66,68,71,73,75,79,82,81,79,78,78,80,82,86,94,102,109,110,109
70,71,72,71,69,71,73,74,75,78,82,83,82,80,80,80,82,84,88,96,105,111,113,111
72,74,75,75,74,74,76,76,77,81,84,84,83,80,80,82,83,86,91,97,105,112,114,114
75,76,77,79,79,78,78,78,80,83,85,86,84,83,82,83,84,88,93,100,108,113,116,117
82,81,82,83,83,82,82,82,83,85,88,88,88,87,85,86,87,91,96,105,111,115,118,121
87,88,88,88,87,86,87,87,86,87,89,90,90,91,89,89,91,94,101,108,114,118,122,125
89,91,93,92,92,91,91,90,89,89,90,90,92,94,93,93,94,98,105,111,117,121,125,128
88,91,94,95,96,95,94,92,91,91,91,91,94,96,96,95,97,102,108,114,119,124,128,130
