100,96,92,91,92,91,89,85,82,80,79,79,79,78,76,74,72,72,72,72,74,76,78,79
103,100,99,98,98,95,93,90,88,85,83,82,81,80,78,76,74,73,73,73,75,77,79,81
106,106,105,104,103,101,99,98,96,93,90,87,84,83,81,79,77,76,75,76,78,80,82,84
110,110,109,108,108,107,106,105,104,101,96,91,88,86,84,82,81,79,79,80,81,82,85,87
113,113,112,113,113,113,112,111,111,108,100,94,91,89,86,86,85,84,84,84,84,84,86,88
116,117,117,117,118,118,117,117,115,111,103,96,93,91,90,89,90,90,89,88,86,86,87,88
118,119,119,120,121,121,121,120,118,113,105,99,96,95,94,93,93,93,93,92,89,88,88,89
119,120,121,122,123,124,124,123,120,115,109,104,101,100,99,98,97,96,95,94,92,91,90,91
121,122,123,124,125,126,127,126,123,118,113,109,107,106,105,104,101,99,98,97,95,93,92,92
123,124,125,125,126,127,128,128,126,123,118,115,112,111,111,111,108,105,104,101,98,95,93,94
125,125,125,125,126,127,129,130,130,128,125,123,121,120,119,119,117,114,111,108,103,99,97,98
125,125,126,127,128,129,130,132,133,132,131,130,130,129,128,128,126,123,119,115,109,103,101,101
125,127,128,129,130,131,133,135,136,136,136,136,136,136,135,135,134,131,127,122,114,108,104,102
127,128,130,132,133,134,136,138,139,139,139,140,140,139,139,139,139,137,133,128,120,112,106,104
129,130,131,134,135,135,137,138,139,141,141,142,141,140,140,141,141,140,138,134,125,115,109,106
131,131,132,135,136,136,136,137,139,141,141,141,141,141,142,143,144,144,143,140,131,122,114,111
135,134,136,138,139,138,137,137,139,140,141,141,142,143,146,147,148,148,147,144,137,128,121,118
139,139,139,140,140,140,139,139,140,141,141,142,144,146,150,152,152,152,152,148,141,134,128,125
143,142,142,142,142,142,142,142,142,143,143,144,147,150,153,156,156,156,155,151,146,140,135,131
146,146,145,145,144,144,144,144,145,146,146,148,151,154,156,158,158,158,157,155,150,145,140,137
149,149,149,148,147,146,145,145,146,148,150,153,156,158,158,159,160,160,160,158,154,149,143,139
152,153,152,151,150,148,148,148,149,151,154,157,159,161,161,161,163,164,163,162,158,153,147,142
155,155,154,153,153,151,151,152,153,155,158,160,163,164,164,165,166,167,166,164,161,156,152,148
156,157,156,155,154,153,154,155,156,158,160,163,165,166,167,168,169,170,168,165,162,159,156,153
