182,182,183,183,182,183,184,186,187,185,181,178,175,174,172,171,169,167,165,164,165,164,162,160
185,185,185,184,184,185,186,187,187,184,180,178,177,175,174,173,171,169,166,167,167,165,162,159
188,187,187,186,187,187,186,186,184,182,179,179,179,177,176,176,174,171,168,168,167,166,163,161
188,187,187,187,188,187,185,183,181,179,179,180,179,178,178,178,176,174,170,168,166,165,164,164
188,187,187,187,187,185,182,181,180,178,179,180,180,180,179,178,178,175,171,167,166,166,166,167
189,189,189,189,188,185,182,180,180,180,182,183,183,182,181,180,179,177,172,167,165,165,165,165
191,191,191,191,189,187,184,182,182,182,183,185,185,184,183,182,180,176,171,168,166,164,162,162
192,193,193,192,191,188,185,184,184,183,184,185,186,185,185,183,178,173,170,168,165,163,161,160
194,194,194,193,192,189,187,186,185,184,184,186,186,186,185,181,176,171,168,167,164,163,162,160
196,196,196,196,194,191,189,188,187,186,187,188,188,186,183,178,174,170,167,165,163,163,162,160
198,198,197,197,196,193,191,190,189,189,189,190,190,187,181,177,172,169,167,165,164,162,160,156
201,199,198,198,198,196,194,192,191,190,191,192,191,187,182,178,174,171,168,166,162,159,154,152
202,201,199,199,199,198,196,193,191,190,190,192,190,187,183,180,177,173,170,166,161,156,152,151
203,202,200,199,198,197,195,193,190,188,189,190,189,186,183,181,178,175,170,165,160,155,153,153
204,203,201,198,196,195,193,190,188,186,187,188,188,185,182,181,178,174,170,164,159,156,155,155
204,202,200,197,194,194,192,189,186,185,185,186,186,185,182,181,179,175,169,163,158,155,154,154
203,201,199,196,193,193,191,189,185,184,183,184,185,184,182,181,179,173,166,161,156,153,152,151
202,200,197,195,193,191,190,188,185,183,182,183,183,182,181,180,176,170,162,158,154,152,150,150
201,198,196,194,192,190,189,187,184,182,181,180,180,179,178,176,171,165,159,154,152,150,149,149
199,196,195,194,192,190,188,187,184,182,179,176,174,174,172,170,166,161,155,152,150,148,147,147
198,196,194,193,191,189,188,187,185,182,178,173,170,168,166,163,159,156,153,150,147,146,145,145
196,194,193,192,191,191,189,188,186,182,176,170,166,163,160,158,155,152,151,149,147,145,145,144
194,192,191,191,192,192,190,188,185,181,174,167,162,158,156,154,152,151,149,148,146,145,145,145
193,191,189,190,191,192,190,186,183,179,172,164,159,156,154,152,151,150,149,147,146,145,145,145
