153,150,146,142,138,136,132,125,118,115,113,113,113,113,115,116,114,112,109,106,105,105,107,111
156,154,150,144,139,136,131,125,120,118,115,115,116,116,119,119,117,115,113,110,110,110,112,116
159,158,155,148,141,136,131,126,123,121,119,119,119,120,122,122,120,119,117,116,116,117,118,121
163,161,158,152,144,137,132,129,127,124,123,123,123,125,125,124,124,123,122,121,122,122,124,125
165,161,157,153,148,140,136,133,130,128,127,127,128,128,128,127,127,126,126,125,127,128,129,129
162,159,155,151,146,141,137,134,132,131,130,129,130,131,131,130,128,128,128,128,130,131,132,132
159,156,152,147,143,139,137,136,135,133,133,132,132,132,132,133,132,131,131,131,134,136,137,137
156,153,149,145,142,139,137,137,137,135,136,135,135,134,135,137,137,136,135,136,138,140,141,141
153,150,147,145,143,139,138,138,138,138,139,139,139,139,139,140,142,141,140,141,142,143,143,144
151,148,146,145,143,140,139,139,139,140,142,143,144,145,144,144,145,145,144,144,143,144,144,145
149,147,146,145,144,142,141,141,141,143,145,145,146,147,147,147,147,147,146,146,146,145,144,145
148,147,145,145,144,143,143,143,143,145,147,148,149,150,150,149,148,148,148,147,147,146,146,146
149,147,146,145,145,144,144,144,144,146,148,150,151,152,152,150,149,149,148,148,148,148,148,147
150,148,147,146,146,144,144,144,145,146,148,150,152,153,153,152,151,151,149,148,149,149,149,148
152,149,147,146,145,145,145,145,146,147,149,151,153,155,155,154,153,152,150,148,149,150,150,150
151,150,147,146,145,146,146,146,146,147,149,151,154,156,157,155,154,153,152,150,151,151,151,151
150,149,148,146,146,146,147,146,146,147,149,150,153,155,155,154,153,152,151,152,153,153,152,152
149,148,147,147,146,147,147,146,146,147,149,150,152,153,153,153,152,151,151,152,154,154,153,153
148,147,147,146,146,146,146,146,146,147,149,151,152,153,153,152,152,152,153,153,155,155,154,154
146,146,145,145,144,145,146,146,147,149,150,151,152,153,153,153,154,155,155,155,155,154,154,154
145,146,145,145,145,146,146,147,148,150,152,153,154,154,154,154,156,156,156,156,156,155,154,153
145,145,145,145,146,146,147,148,149,151,153,155,156,156,155,155,157,157,156,156,156,155,153,152
145,145,145,146,147,147,148,149,149,151,153,155,156,157,156,156,156,156,156,155,155,153,152,152
145,146,146,147,147,147,148,149,149,151,152,153,155,156,155,155,155,155,155,155,154,152,151,151
