0,1,2,5,12,30,43,51,56,58,54,49,43,37,36,39,41,41,37,27,21,20,19,16
1,3,5,7,14,32,47,58,63,63,62,60,56,51,47,45,46,47,45,37,29,25,23,20
3,7,9,12,19,38,53,63,67,67,67,68,67,65,62,57,55,56,55,49,40,33,26,20
6,12,16,18,26,46,60,67,69,68,68,71,72,72,71,68,66,65,62,56,47,36,26,18
13,21,27,29,36,56,70,75,74,70,70,73,75,74,75,76,74,70,64,57,47,35,24,17
32,41,48,52,57,72,83,87,84,79,76,76,78,78,79,78,73,67,62,59,50,38,28,24
53,60,68,75,81,90,95,97,95,91,86,84,86,88,87,84,77,69,65,64,60,51,41,37
72,77,83,89,96,101,104,105,105,103,98,95,96,98,97,93,87,80,75,73,72,67,58,51
87,90,93,96,102,106,109,112,113,112,110,108,107,107,106,104,100,95,90,86,85,81,72,65
98,100,102,104,108,111,115,118,119,120,118,117,116,114,113,113,112,109,103,99,97,92,84,77
105,108,110,112,115,118,121,123,125,126,124,122,121,120,119,119,120,118,113,108,106,100,93,88
111,113,114,115,117,120,123,125,128,129,127,125,124,124,124,125,126,124,121,117,114,109,104,99
115,116,116,115,116,119,123,126,129,130,129,128,127,126,128,129,129,130,128,125,122,119,116,113
118,118,116,115,115,120,124,127,130,130,130,130,129,128,128,130,132,133,133,132,130,128,127,126
121,120,119,118,118,122,126,129,131,130,130,130,130,130,130,132,133,135,136,137,136,135,135,135
123,123,123,122,122,125,129,131,132,131,131,131,132,134,134,135,136,137,138,138,139,139,140,141
126,126,126,126,126,128,131,133,134,134,134,134,136,138,138,139,139,140,141,141,142,142,143,144
129,130,130,129,129,130,132,135,136,137,137,137,139,141,141,142,142,143,144,144,145,144,145,147
135,135,134,133,133,133,134,137,139,140,140,139,140,141,142,143,144,145,146,146,146,146,146,148
140,140,139,137,137,137,138,139,141,143,142,142,142,143,143,144,146,147,148,148,147,147,147,148
144,144,143,143,142,142,142,143,144,144,144,143,144,144,144,145,147,148,149,148,147,147,147,148
146,146,147,148,147,146,146,146,146,146,146,145,146,147,146,147,148,149,148,148,147,147,147,147
148,148,149,150,150,149,148,147,147,147,147,147,147,148,147,148,149,149,148,147,147,147,147,147
149,149,150,151,151,151,150,148,147,147,147,147,147,148,148,150,150,149,148,146,147,148,148,147
