38,39,39,39,38,36,37,38,38,37,38,38,38,38,38,39,39,39,38,36,36,35,36,37
39,39,39,39,37,37,38,38,38,38,37,37,38,38,38,39,39,38,37,36,36,36,37,38
39,39,39,38,38,38,38,39,39,38,37,37,37,38,38,38,38,37,36,36,37,37,38,38
39,39,38,38,39,38,39,39,40,39,37,37,37,38,39,39,39,38,36,37,38,38,38,39
39,38,38,38,38,39,38,39,40,38,37,37,37,38,39,40,40,39,38,38,39,39,38,39
40,39,39,39,39,39,38,38,39,38,38,38,38,38,39,40,40,40,39,39,40,39,39,39
40,40,40,40,39,39,39,40,40,39,39,40,40,39,40,40,40,40,39,39,40,40,39,39
40,39,39,39,39,39,40,40,40,39,40,42,41,40,40,40,40,40,39,39,40,40,40,39
39,38,38,38,39,39,40,40,40,39,41,42,41,40,40,40,40,40,39,39,40,41,41,40
40,39,39,39,40,40,40,40,40,40,41,41,41,40,40,40,41,40,39,39,40,41,40,40
42,41,41,42,42,42,41,41,41,41,40,41,41,40,41,41,41,40,39,39,40,40,40,41
43,42,42,42,42,42,41,41,41,41,40,41,41,41,41,41,41,41,40,40,41,41,41,42
43,42,42,42,42,42,42,41,42,42,41,41,41,41,41,41,42,42,42,41,42,42,42,42
42,42,42,42,42,43,43,42,42,43,42,41,41,41,41,42,43,43,43,42,43,43,43,43
43,42,41,41,42,43,43,43,43,43,42,41,41,41,42,42,43,43,44,43,43,43,43,43
44,43,41,41,43,43,42,43,43,44,43,42,42,42,43,43,43,43,44,44,44,44,44,43
44,43,42,42,43,43,42,42,43,44,44,43,43,43,44,44,44,43,43,43,44,44,44,44
44,44,43,43,43,43,43,43,44,44,44,44,44,44,44,45,45,44,43,43,44,45,45,44
44,44,44,44,44,44,44,45,45,44,43,44,44,44,45,46,46,45,44,44,44,45,46,45
46,45,45,45,44,46,46,46,46,45,44,44,44,45,45,45,45,45,44,45,45,45,44,45
47,46,45,45,45,46,46,47,47,45,45,45,45,46,46,46,46,46,46,46,45,45,46,46
47,46,46,45,46,46,46,46,46,45,45,45,45,46,46,46,46,46,47,46,46,46,46,47
46,46,46,46,46,47,47,46,46,45,46,45,45,45,46,46,46,46,47,46,46,46,47,47
46,47,47,47,46,47,47,47,46,46,46,45,45,46,45,45,46,46,47,47,47,47,47,48
