93,96,96,92,86,77,62,55,59,70,72,74,78,84,90,93,93,93,94,97,100,104,110,114
98,99,98,95,92,85,72,67,71,81,82,83,85,90,97,98,97,97,99,104,108,111,115,118
103,103,101,99,99,95,86,81,84,92,94,94,96,101,105,103,102,104,108,114,117,118,120,123
108,107,104,103,106,106,100,95,95,100,103,105,108,113,114,111,111,114,118,123,123,123,125,128
112,111,109,109,113,115,113,110,108,108,111,114,118,122,123,121,121,123,126,128,128,129,130,131
118,115,115,117,121,124,123,121,118,116,117,120,124,127,127,128,129,130,132,133,134,134,136,137
125,123,123,125,129,132,131,129,126,124,123,125,127,130,130,132,135,137,138,138,139,141,143,145
134,133,132,134,137,139,138,136,134,132,129,129,131,133,134,138,141,143,144,144,146,149,152,154
143,143,141,141,143,145,145,143,142,140,136,135,136,139,141,145,149,151,151,151,153,156,159,161
150,149,148,146,147,148,149,149,148,147,145,143,144,147,150,153,156,157,158,159,161,163,165,165
153,153,152,151,151,151,152,153,153,153,152,151,152,155,157,158,160,161,162,164,166,167,168,167
157,158,157,156,155,154,154,155,156,157,158,157,157,159,161,162,162,163,165,167,168,169,170,170
160,161,161,159,158,156,156,157,159,159,161,161,161,163,164,165,165,166,168,169,170,170,171,172
162,163,162,160,159,158,158,159,161,162,164,165,165,165,167,168,169,170,171,172,172,171,172,173
163,162,161,160,158,159,159,160,162,163,166,167,168,168,170,172,173,174,175,174,174,174,174,175
163,162,161,160,160,161,162,163,165,168,169,171,171,171,173,174,175,176,176,176,176,176,177,177
163,162,162,162,163,164,165,166,168,170,172,173,173,174,175,175,176,176,176,176,177,177,178,179
166,165,165,166,167,167,168,168,169,171,173,174,174,174,175,175,175,175,175,176,177,178,179,180
169,169,169,170,171,170,170,170,170,171,171,173,174,175,174,174,174,174,174,176,177,179,180,181
172,172,172,173,173,172,171,170,170,169,170,172,174,174,174,173,172,172,174,176,178,180,181,180
173,173,173,173,172,171,171,171,170,169,170,171,173,172,172,171,172,173,174,175,177,179,180,180
173,173,172,172,171,170,171,171,170,170,169,170,171,171,171,172,172,172,173,174,175,177,179,179
172,171,171,170,170,169,170,170,170,170,169,169,169,171,173,174,173,172,172,173,174,176,177,178
171,170,170,169,169,168,169,169,169,169,169,168,169,171,175,175,173,171,171,174,175,176,176,177
