158,158,158,157,157,157,157,158,161,163,166,167,168,169,169,171,171,170,169,167,166,164,161,159
159,159,158,158,159,160,160,161,163,166,168,169,169,170,170,171,171,170,170,170,169,167,164,162
160,160,160,160,161,163,163,164,166,168,171,172,171,171,171,172,172,171,172,174,173,171,169,167
162,163,163,163,163,166,167,168,169,170,173,174,174,173,174,174,174,174,176,177,176,175,173,171
166,167,167,167,167,169,171,172,173,173,175,177,177,177,176,176,176,177,180,180,179,178,175,173
169,170,170,170,170,171,173,175,177,177,179,180,179,179,179,179,180,182,184,183,181,179,178,176
173,172,172,173,173,173,175,177,179,179,181,182,182,182,182,183,184,186,187,186,183,181,180,179
175,174,175,175,175,175,176,179,180,181,182,183,184,184,184,185,186,187,188,187,185,183,181,181
177,177,177,176,176,176,178,180,182,182,183,184,185,185,185,185,186,187,187,187,186,185,183,182
179,179,178,178,177,179,180,181,183,183,184,185,185,185,185,186,187,187,188,188,187,187,186,184
180,179,179,179,180,180,181,182,183,183,184,185,186,187,187,188,188,188,188,189,188,188,187,186
179,180,180,180,181,182,182,182,184,184,185,186,187,188,189,190,190,190,190,190,189,188,188,188
179,180,181,182,181,182,182,183,185,186,188,189,189,190,190,192,192,192,192,191,190,189,189,190
178,180,182,183,182,182,183,184,186,187,190,190,190,191,191,193,194,194,194,192,191,190,191,191
180,182,183,183,184,184,184,185,187,189,191,192,192,193,193,195,196,196,194,192,192,191,191,192
182,183,184,185,186,186,186,186,188,190,192,193,194,195,195,196,196,195,194,193,193,193,192,192
181,182,184,186,187,188,187,188,190,191,192,194,194,195,196,197,197,196,195,195,195,194,193,194
181,182,184,186,187,188,188,189,190,191,192,193,194,194,196,198,198,197,197,197,197,196,195,196
182,183,184,186,187,188,189,190,191,190,192,193,193,195,197,198,199,199,199,199,198,198,198,199
184,184,185,186,186,188,190,191,192,191,192,193,194,195,197,198,199,199,200,199,200,200,201,202
185,185,186,186,187,188,190,191,191,191,192,193,194,196,198,199,201,202,202,202,201,202,203,203
186,186,186,186,188,189,190,191,191,191,192,193,195,198,199,201,203,204,204,205,204,204,204,204
186,186,186,187,188,189,190,190,191,191,192,194,196,198,200,202,204,205,205,206,206,205,204,204
187,186,186,188,189,190,189,189,190,191,193,195,196,197,199,201,203,205,206,206,205,204,204,203
