156,154,153,153,154,157,157,158,161,163,164,164,164,165,167,169,170,171,172,173,173,174,174,175
160,158,157,157,159,161,162,164,166,166,165,165,167,169,170,171,171,172,173,174,174,174,175,176
165,164,163,164,165,166,167,169,170,170,169,169,171,172,172,172,172,173,174,176,176,176,177,178
169,169,169,170,170,171,172,172,173,174,174,174,174,174,173,173,173,174,176,177,178,178,179,180
173,174,175,175,175,175,175,175,176,178,178,177,176,176,175,174,175,176,178,179,180,181,181,181
176,177,179,179,178,178,178,178,179,180,181,178,177,177,178,178,177,178,179,181,182,183,183,183
178,179,181,182,182,182,181,181,182,184,183,181,180,180,181,181,181,181,181,182,183,185,185,185
179,180,181,182,184,184,184,184,186,188,186,184,183,183,183,183,183,183,183,183,184,184,186,186
180,181,181,182,184,185,185,186,188,190,188,186,185,185,185,185,185,185,184,184,183,184,185,186
182,184,184,184,185,186,185,186,187,189,189,188,187,186,188,187,187,186,185,184,184,184,186,187
185,187,188,188,187,188,187,187,187,189,189,188,188,188,189,189,188,187,186,186,186,185,185,186
188,190,192,192,190,190,190,189,189,190,190,190,189,189,190,190,190,189,188,187,187,185,184,184
191,192,194,194,193,192,193,192,191,192,192,191,191,191,190,190,190,190,189,187,186,184,182,181
193,193,194,195,195,194,194,194,193,193,193,193,192,191,189,188,188,188,187,184,183,181,180,180
195,195,195,197,198,197,197,196,194,194,194,193,192,189,186,185,185,185,184,181,180,179,178,179
196,196,197,198,199,199,199,198,196,196,195,194,191,188,185,184,183,182,181,180,179,178,177,177
196,197,197,199,200,200,200,199,198,197,196,194,191,188,186,183,182,181,180,179,178,177,176,176
198,198,198,199,200,200,200,200,199,199,198,195,192,190,186,184,182,180,179,178,177,176,176,176
200,200,200,200,201,201,200,200,200,200,199,197,194,191,187,184,182,181,179,177,176,176,176,176
203,201,201,201,200,199,200,200,199,199,198,196,194,192,188,186,184,182,179,177,177,176,176,177
202,201,200,199,199,198,199,199,199,198,196,194,193,191,189,186,185,183,180,179,178,178,178,178
202,200,199,198,198,198,198,198,198,197,195,193,192,190,189,187,186,184,182,181,180,180,180,180
203,200,199,198,198,199,198,197,197,196,194,193,191,190,189,188,187,186,185,183,182,182,181,181
202,201,199,199,199,199,198,197,197,195,194,193,192,190,188,188,188,188,187,185,183,182,182,182
