167,169,171,171,170,172,174,173,173,174,175,175,174,173,172,170,169,168,168,168,168,168,168,168
166,167,167,167,167,168,169,169,170,173,173,173,172,171,170,170,169,169,169,169,168,167,166,166
165,165,164,164,164,164,164,165,167,170,170,169,169,168,168,168,168,168,167,168,167,166,165,164
165,164,163,162,161,161,161,163,165,167,167,166,166,166,165,165,165,165,164,165,166,165,164,163
165,163,162,161,160,160,160,161,163,163,163,163,164,165,164,163,163,163,163,162,163,163,163,163
162,162,161,161,160,160,160,160,160,160,160,162,163,163,163,163,163,163,162,160,161,162,163,164
160,160,160,161,160,160,161,160,159,159,160,161,162,162,162,163,164,163,162,161,161,162,164,165
159,159,160,160,160,160,160,160,159,159,161,162,162,162,162,163,164,164,163,162,163,163,164,165
160,159,159,159,159,160,160,160,160,160,162,162,162,163,163,163,164,164,164,164,165,165,165,166
160,159,159,159,160,160,160,161,161,161,163,164,164,165,165,165,166,166,166,166,166,166,167,168
159,159,159,160,160,160,161,162,163,163,164,164,166,167,167,167,167,168,168,168,167,167,167,167
158,159,160,159,159,161,163,165,165,165,165,166,167,169,170,170,170,169,169,169,168,168,167,167
158,159,160,160,160,162,165,167,167,167,167,168,169,170,172,173,172,171,170,170,170,170,169,170
157,159,161,161,162,164,167,168,169,169,170,170,171,172,173,173,173,172,172,172,172,172,173,173
159,161,163,163,164,167,169,171,172,172,173,172,172,172,174,174,174,174,174,175,175,175,175,175
161,163,164,165,167,170,173,175,176,176,176,175,174,174,175,176,177,177,178,178,178,178,178,178
164,165,167,169,172,175,177,179,180,180,180,179,178,178,179,180,181,182,182,182,182,182,182,182
167,169,171,174,177,181,182,183,184,184,185,185,185,184,185,186,187,188,188,187,187,187,187,187
172,174,177,180,183,186,188,189,189,189,190,191,192,193,193,194,195,195,194,193,193,193,193,193
180,182,185,188,190,192,194,195,196,196,197,198,199,200,201,201,201,201,200,200,200,200,200,199
190,192,195,197,198,199,201,201,202,203,203,204,205,205,205,205,205,205,205,205,205,205,205,205
199,200,202,204,204,204,205,205,206,207,207,206,206,206,206,206,206,206,205,205,205,206,206,206
204,205,205,206,206,206,205,205,206,206,205,205,204,203,203,203,203,203,202,202,202,202,202,202
204,204,204,205,205,204,203,202,202,202,201,200,200,199,198,198,198,198,198,198,197,197,197,197
