176,177,177,175,175,174,173,171,170,169,169,170,170,171,172,172,171,171,172,174,174,175,175,175
174,174,174,173,173,172,171,170,170,170,170,170,170,171,171,172,172,173,173,174,174,174,174,174
173,172,171,171,171,171,170,170,170,170,170,171,171,171,171,172,173,174,174,174,174,173,173,173
173,171,170,170,170,170,170,170,170,170,171,172,172,172,172,172,173,174,175,174,173,173,173,173
171,170,170,170,169,169,170,171,172,171,172,172,172,172,172,173,173,174,174,174,173,173,173,173
168,167,167,168,169,169,170,171,173,171,171,172,172,172,172,172,172,173,173,172,172,172,172,172
167,167,167,167,169,169,170,171,172,171,171,172,172,172,172,173,172,172,171,171,171,172,172,173
167,167,168,168,169,169,170,171,171,172,172,172,172,172,172,173,173,172,172,172,171,172,172,173
168,168,169,169,169,169,170,171,172,173,173,173,173,173,173,173,173,173,173,173,172,172,173,174
170,170,170,170,171,171,172,172,173,173,173,174,174,175,175,173,173,174,174,172,173,174,174,174
171,171,171,171,172,173,173,173,174,174,174,175,175,175,175,173,173,173,174,174,174,174,175,174
172,172,172,172,173,174,174,174,175,175,176,175,175,175,175,174,174,174,175,175,175,176,176,175
172,173,173,174,175,175,175,175,176,176,176,176,175,176,176,176,176,176,177,177,178,178,179,178
173,174,174,175,177,177,177,177,177,177,177,177,177,177,178,178,179,179,179,180,181,183,183,182
175,175,176,178,180,180,180,180,180,180,180,179,179,179,180,181,181,182,182,183,185,186,186,186
178,178,178,179,181,182,181,181,181,181,181,181,181,182,182,183,184,185,185,185,186,188,189,188
179,179,180,180,181,182,182,182,183,184,183,183,184,185,185,186,187,188,188,188,188,190,191,190
179,180,180,182,183,184,184,186,188,189,188,187,187,188,189,191,191,191,192,192,191,192,193,193
180,181,183,185,187,188,189,191,194,195,194,192,191,192,193,196,196,196,196,196,195,196,196,197
184,186,189,191,193,193,194,195,198,199,199,198,198,198,199,202,202,202,200,200,200,201,201,200
194,196,198,199,199,199,198,199,200,200,200,200,201,201,202,203,203,202,201,201,202,201,200,198
201,203,203,202,201,202,202,202,202,202,201,201,202,202,202,201,200,199,198,202,202,201,198,194
203,204,202,199,196,200,203,204,204,202,201,201,201,201,201,198,196,193,190,193,191,185,177,171
201,202,199,193,188,196,202,204,203,201,199,199,199,200,201,197,193,187,180,177,170,158,144,135
