201,200,200,199,199,198,198,197,196,194,194,194,192,190,188,188,189,190,189,188,187,186,185,185
201,201,200,200,199,199,199,199,197,195,195,195,194,192,192,191,191,191,190,191,191,190,188,188
202,203,203,203,202,201,201,200,199,198,197,197,196,196,196,194,194,194,193,194,195,194,193,192
205,206,206,206,206,205,204,203,203,201,200,199,199,199,199,198,198,198,198,197,198,198,197,196
207,208,208,208,208,207,207,207,206,204,203,203,203,203,203,203,202,202,202,201,200,200,200,199
210,210,210,210,210,210,210,209,207,207,206,206,205,205,205,205,205,205,204,203,202,201,200,199
211,211,211,211,211,211,211,210,208,208,208,208,207,205,204,204,205,204,203,202,201,200,199,199
212,212,212,211,211,211,211,210,209,209,209,208,206,204,203,202,203,202,201,199,197,195,195,196
213,213,213,212,212,212,212,211,210,209,209,207,206,204,203,202,202,203,201,197,195,193,192,193
214,214,213,213,212,212,212,211,211,210,209,208,207,206,205,206,206,206,205,202,200,198,197,198
213,213,212,211,210,211,210,209,210,210,210,210,210,209,209,210,210,210,210,209,207,206,206,206
211,211,210,209,209,210,209,207,207,208,208,209,209,208,209,209,210,210,210,210,209,209,210,210
209,208,207,207,207,207,207,206,205,206,206,206,206,206,207,207,208,209,209,209,209,210,211,212
207,206,205,205,205,205,205,204,204,205,205,205,205,205,206,206,208,209,209,209,210,211,211,212
207,206,204,203,203,202,202,202,202,203,204,206,207,207,208,208,210,210,210,208,209,211,211,211
206,206,204,202,199,196,194,195,196,196,199,202,204,204,206,206,204,202,200,197,199,204,208,208
200,199,197,192,186,178,177,182,187,187,192,195,197,197,197,195,195,196,197,199,202,204,206,207
183,182,180,175,168,162,166,176,184,186,190,191,192,191,189,187,189,193,198,202,203,200,198,199
157,157,156,154,152,155,164,175,182,186,187,186,184,182,181,180,183,186,189,191,188,183,179,179
137,138,138,138,140,145,151,156,157,158,159,161,160,159,161,162,161,160,160,161,159,156,156,156
137,135,134,133,132,134,135,136,136,136,137,138,139,141,142,143,141,140,140,141,141,140,140,141
141,139,138,138,136,136,137,137,136,136,137,139,142,145,146,146,145,144,143,142,140,139,139,139
143,144,144,143,143,142,142,141,141,142,143,146,150,153,154,155,155,155,154,152,149,148,146,145
145,148,147,145,144,141,138,136,137,140,142,144,147,149,151,153,155,156,157,157,155,154,152,149
