150,149,148,147,147,149,150,150,151,150,152,153,153,152,151,151,151,151,150,151,152,152,152,151
150,149,147,145,145,147,149,150,151,150,151,152,152,151,150,150,150,150,149,150,150,151,151,150
149,148,146,145,145,147,149,150,151,151,152,152,152,151,150,149,149,149,149,149,150,151,151,151
149,148,147,146,147,149,150,152,153,153,154,154,154,153,152,152,151,150,150,151,152,152,152,153
152,151,150,149,151,152,154,155,157,157,158,158,157,156,156,156,156,155,154,154,155,155,155,155
158,157,157,157,157,158,159,160,162,163,163,162,162,161,160,160,160,159,159,158,159,158,157,157
162,162,162,163,162,162,163,164,165,167,167,166,165,165,164,164,163,162,162,162,163,163,161,160
165,165,166,166,166,166,167,168,169,170,170,169,169,169,168,168,167,164,162,163,164,164,163,163
169,169,169,169,169,169,168,168,168,166,166,166,166,164,163,163,160,156,151,151,152,152,151,151
172,171,169,167,164,161,159,157,154,149,146,146,145,141,137,135,132,127,122,121,122,121,118,116
145,142,137,131,125,122,122,122,121,117,114,113,112,111,106,102,97,92,89,90,93,94,93,90
112,110,104,98,96,95,94,93,91,87,83,81,79,77,75,78,75,72,74,79,85,88,87,85
94,91,86,82,84,88,85,81,80,80,75,74,75,76,80,87,92,95,100,106,111,112,113,115
91,87,84,84,90,97,93,90,92,94,86,89,98,108,121,129,140,148,153,156,157,156,158,164
87,87,91,100,110,116,113,110,111,107,98,104,118,137,163,174,183,187,186,186,187,187,189,192
104,108,120,135,143,147,142,134,128,124,122,129,144,164,183,192,198,201,200,197,194,192,193,196
126,134,152,167,170,172,168,163,162,165,170,175,180,184,184,183,184,185,183,176,172,174,180,184
147,153,167,179,182,188,188,190,194,199,194,186,178,171,163,162,164,168,168,163,162,168,174,176
166,164,168,176,182,195,202,207,210,205,180,155,142,137,136,143,152,160,165,169,175,181,183,180
181,181,183,186,189,197,204,209,210,204,177,154,147,147,143,139,139,141,148,163,172,178,183,187
169,174,184,194,196,202,206,209,210,209,200,192,188,187,181,174,170,170,176,181,184,182,177,172
178,182,192,201,202,206,208,210,212,213,213,213,212,209,203,198,194,194,196,195,194,191,184,175
186,191,198,203,206,208,210,210,211,211,212,214,215,213,208,206,204,202,201,199,196,195,192,187
174,184,194,201,207,208,208,207,205,205,206,210,212,210,207,209,207,203,199,196,193,190,189,190
