56,55,55,62,79,91,83,75,75,79,78,70,65,65,69,76,90,99,100,103,95,85,80,83
59,61,59,59,68,73,70,66,67,74,74,72,70,69,71,68,76,85,88,89,84,77,73,76
57,59,58,57,61,60,60,61,66,75,73,72,71,70,70,66,73,83,88,85,82,75,69,69
49,51,53,55,60,58,55,58,66,70,67,66,67,68,68,72,79,88,94,90,85,77,70,66
44,47,51,54,56,56,51,51,55,55,57,59,62,65,69,76,80,84,87,87,82,75,70,68
45,50,57,61,60,59,57,54,53,59,68,67,65,69,71,72,73,75,76,77,74,72,69,66
44,50,61,70,70,63,61,62,65,68,74,72,71,76,78,74,72,74,78,81,75,71,69,69
40,45,56,67,70,62,59,63,69,67,69,69,72,77,77,71,70,73,78,83,79,76,75,75
31,37,45,54,60,57,55,59,63,61,64,68,74,80,82,77,76,78,79,81,83,86,85,82
19,26,36,47,55,57,56,58,62,65,74,81,90,101,109,106,102,97,90,85,87,91,92,90
11,15,28,44,60,74,76,76,75,69,72,82,98,117,129,120,106,99,99,93,85,84,89,92
5,7,15,25,36,55,69,80,80,67,61,63,73,91,108,108,100,98,102,96,78,67,64,62
2,2,5,8,12,26,41,54,58,49,44,41,45,63,92,111,111,104,96,83,74,65,54,46
2,2,1,2,5,12,16,19,23,24,28,28,31,47,79,113,124,114,94,73,78,81,75,66
10,8,4,3,8,19,22,18,13,16,26,28,26,26,35,59,90,109,107,93,93,96,100,104
45,39,22,10,19,42,47,35,19,14,22,35,40,38,39,50,62,74,86,96,94,86,88,101
52,49,32,16,19,40,46,37,25,27,37,53,63,63,64,69,71,73,79,86,88,84,81,81
41,42,33,21,19,29,37,41,46,59,73,84,86,84,86,93,94,93,93,93,98,95,82,67
36,37,34,29,27,30,42,59,75,92,104,108,103,95,92,103,105,104,109,114,117,105,84,67
39,46,47,43,43,49,65,76,79,82,88,97,102,99,88,97,96,92,96,102,103,93,78,68
22,29,38,45,47,45,51,56,56,54,59,68,80,87,88,93,84,81,90,92,94,89,82,79
30,34,40,44,44,37,38,43,49,51,54,59,66,73,77,78,72,69,74,78,80,81,83,86
50,51,52,52,49,43,44,50,58,62,62,63,66,69,73,73,70,63,56,58,61,70,84,97
58,59,61,64,65,61,62,65,69,68,65,66,70,77,85,87,79,63,47,42,46,62,89,114
