214,208,203,188,162,161,153,149,164,201,221,225,223,220,213,198,180,180,198,208,206,201,191,178
172,161,157,150,133,139,151,161,167,175,187,191,189,183,168,156,155,165,178,179,169,154,132,110
113,102,101,102,98,111,129,142,140,124,128,135,131,115,97,92,104,122,135,131,115,103,87,68
67,61,66,77,84,94,99,102,95,71,70,82,78,56,44,51,61,76,92,92,75,70,70,65
50,49,61,81,94,92,84,77,64,41,37,47,47,35,35,51,53,57,74,83,70,62,65,69
64,66,69,75,86,89,91,91,77,48,34,33,32,28,33,46,51,61,83,105,104,89,79,84
119,119,106,90,87,87,97,98,82,59,50,50,48,41,41,46,61,74,86,112,140,136,123,123
158,151,122,93,87,98,122,132,123,109,99,96,85,66,55,57,77,101,124,153,185,188,170,155
161,153,124,96,99,123,159,183,188,178,165,155,135,105,82,86,106,141,182,210,223,223,202,172
153,158,147,134,139,154,186,213,223,217,214,206,189,162,137,136,156,184,209,224,229,227,208,180
180,190,187,177,179,193,209,222,227,226,228,226,221,213,206,204,210,217,223,227,224,205,177,155
191,195,192,185,182,195,203,208,212,218,224,226,228,229,228,228,229,230,230,229,207,160,121,112
190,188,185,181,179,193,197,197,199,207,212,214,216,217,217,220,222,223,223,225,200,148,107,102
183,185,183,176,172,190,198,197,195,200,200,199,195,189,186,194,198,196,197,208,200,171,143,134
164,184,182,156,137,158,180,192,196,196,191,188,176,157,146,158,162,156,156,178,184,180,171,163
121,161,177,152,113,106,129,161,184,188,184,185,184,175,158,156,164,165,154,154,154,152,151,151
100,153,187,173,126,95,93,121,159,183,179,177,179,179,168,159,163,167,161,145,143,141,140,141
86,147,197,200,163,127,103,108,141,178,181,179,180,182,180,170,164,166,167,142,132,139,150,152
68,126,185,208,194,176,154,142,150,174,183,190,195,197,200,193,181,177,172,138,109,123,156,171
63,92,139,179,194,201,203,199,189,176,164,179,197,206,215,217,215,207,183,136,93,85,113,149
104,103,120,149,173,193,197,184,170,166,149,151,162,174,186,198,206,196,166,128,94,73,77,96
122,117,129,151,167,179,176,159,142,141,129,117,112,117,128,144,152,144,123,104,84,66,58,60
110,114,130,148,156,156,148,131,113,104,96,82,70,65,70,80,82,78,72,67,58,49,43,39
94,99,111,124,133,130,120,105,88,72,63,58,52,45,39,40,38,36,36,36,33,28,25,25
