47,65,93,104,86,78,93,107,109,104,103,118,124,112,96,88,103,121,122,112,112,123,124,110
60,65,78,88,84,69,76,94,103,89,84,87,85,75,69,71,85,94,90,87,95,105,100,81
72,71,70,71,74,66,73,84,86,76,79,81,81,79,76,83,88,84,72,68,70,68,57,43
70,75,74,70,72,72,79,79,73,74,86,94,101,106,103,113,114,104,86,71,61,44,30,28
59,69,80,87,88,81,77,73,73,81,90,95,98,102,110,130,140,138,123,102,87,66,51,51
67,63,67,79,89,80,59,51,65,91,109,102,90,89,107,131,152,161,159,154,146,125,104,98
106,89,75,68,61,54,39,33,41,58,74,80,79,82,100,128,154,168,171,173,165,148,127,112
135,115,95,79,58,48,39,31,28,34,50,63,69,73,88,111,129,135,134,136,127,114,97,82
146,131,119,109,94,85,73,60,52,56,75,81,75,68,77,91,96,90,82,84,79,72,62,54
153,149,142,141,147,149,136,121,115,119,139,133,106,78,72,89,95,85,75,83,85,82,77,73
150,156,155,157,170,173,167,160,157,159,169,152,114,78,74,109,129,128,117,115,97,80,68,63
148,159,163,165,170,168,163,159,159,164,170,156,129,107,108,137,156,156,145,132,98,73,57,48
148,156,159,156,152,145,140,137,139,150,158,154,144,138,138,148,156,155,142,121,95,79,65,49
145,145,142,138,131,125,122,122,126,138,145,145,144,143,132,124,124,121,109,92,91,95,86,66
137,131,128,127,126,127,131,133,136,142,137,130,124,113,92,74,66,63,61,62,78,95,94,75
160,150,139,131,127,125,131,136,142,150,141,129,120,110,93,73,56,44,39,42,51,65,67,55
174,167,157,142,120,99,101,109,114,119,118,112,110,112,111,103,89,75,65,59,54,56,60,59
137,135,130,115,89,70,83,93,84,70,70,71,78,89,97,99,93,86,82,77,66,61,65,73
59,59,57,51,41,51,89,100,74,37,25,25,34,44,47,48,48,50,56,63,61,55,58,67
11,11,10,10,15,36,76,89,69,38,20,15,18,20,17,17,15,13,14,19,23,23,25,29
1,0,0,1,7,22,45,64,66,46,22,15,14,12,7,7,8,6,3,4,5,7,13,22
0,0,0,0,4,10,20,37,51,45,21,13,13,10,5,6,9,8,3,1,1,2,8,19
0,0,0,0,1,3,7,18,30,33,17,12,15,16,13,11,13,13,9,3,1,1,7,15
0,0,0,0,0,1,3,9,16,20,14,14,21,28,26,19,17,18,15,7,2,3,8,13
