93,77,62,57,59,58,67,66,69,97,99,97,98,106,120,110,96,93,104,128,133,142,153,158
69,57,47,58,90,103,106,91,73,76,69,67,71,82,104,100,86,81,89,102,105,114,122,121
42,37,39,67,118,131,115,92,77,75,64,63,65,70,83,88,84,83,92,99,106,116,111,92
35,37,48,77,118,120,92,76,79,86,82,85,85,78,70,71,75,82,94,107,124,135,119,85
58,64,71,83,98,94,79,73,80,88,95,105,108,97,72,50,45,52,66,87,114,127,116,95
100,105,107,109,115,111,98,88,88,96,102,111,120,116,87,54,36,30,32,42,60,82,100,111
99,108,114,113,110,107,106,106,107,110,109,105,102,95,77,59,47,39,33,30,36,54,79,100
67,76,83,82,78,78,83,89,91,92,90,86,82,80,81,81,80,77,68,54,45,51,68,80
49,53,53,50,51,54,57,56,56,63,69,73,76,82,90,91,95,97,91,74,59,61,69,71
76,74,68,62,63,67,65,54,50,69,79,82,80,77,69,58,54,56,57,54,51,60,73,79
70,73,73,72,73,70,64,56,56,66,64,61,59,57,52,49,47,46,46,48,46,51,58,61
49,56,60,64,70,73,69,64,60,60,58,60,64,63,56,54,48,43,44,49,50,54,58,58
34,37,41,47,57,68,70,65,58,53,54,59,63,63,55,52,47,44,47,54,62,65,61,55
36,32,29,32,42,57,62,57,50,49,49,48,48,46,43,40,46,51,52,58,70,70,58,44
53,44,34,29,35,45,46,44,45,50,50,44,37,36,39,39,51,63,63,57,64,65,52,36
58,56,45,35,38,41,39,37,38,40,41,35,28,27,31,34,47,61,66,59,60,62,53,38
74,71,57,43,40,36,33,29,27,27,27,24,20,19,21,24,34,50,64,65,62,61,55,42
88,78,60,43,33,28,24,18,14,15,17,17,16,15,14,16,23,37,55,63,59,54,47,39
77,65,49,33,20,17,13,8,5,7,12,16,17,15,15,18,20,28,41,51,45,37,30,25
29,26,21,15,8,8,5,3,2,6,14,20,20,19,22,25,23,23,30,37,30,21,14,11
17,11,6,4,2,2,3,4,8,17,30,34,29,25,30,28,19,17,26,35,31,26,19,14
21,10,2,1,1,1,2,11,28,48,51,42,34,33,32,25,18,19,26,30,31,31,30,30
24,12,4,3,5,6,10,28,58,82,67,42,32,36,34,26,24,25,27,24,25,27,32,39
21,12,5,5,12,14,22,49,85,100,71,38,26,33,38,34,31,29,26,20,19,18,23,34
