29,30,32,34,36,48,63,83,109,135,143,135,125,117,110,99,87,73,58,49,46,44,46,51
30,28,30,35,42,49,61,74,89,103,112,112,113,113,109,102,98,93,84,74,63,54,53,58
33,29,28,35,47,58,69,74,74,74,78,83,92,99,98,95,94,94,94,86,68,53,53,62
35,31,30,35,47,61,73,76,71,62,60,62,68,74,76,73,69,71,76,73,57,47,52,66
35,36,37,40,45,53,63,69,68,62,56,51,49,49,49,47,45,47,50,50,46,49,61,74
44,45,48,55,62,67,69,68,64,58,51,48,47,48,52,57,61,62,61,57,54,56,63,72
53,52,55,62,71,78,84,87,87,81,71,66,65,66,68,69,67,66,66,66,65,65,66,65
60,61,66,74,82,91,101,112,119,117,112,113,115,114,111,103,94,90,93,95,92,88,81,75
67,72,79,86,93,103,112,124,135,139,142,154,163,164,159,149,137,131,131,131,125,116,107,98
73,80,87,92,99,107,113,119,123,125,131,146,163,174,177,174,167,159,151,145,137,130,122,113
66,83,99,107,112,113,114,114,113,113,116,126,142,159,170,174,176,175,170,159,143,125,104,85
66,88,109,121,128,128,124,121,120,120,118,123,134,149,167,182,192,195,188,171,143,111,79,57
78,95,116,132,142,144,142,141,138,131,120,118,122,130,145,164,179,186,182,163,129,93,64,52
87,98,117,135,145,148,149,150,145,128,107,100,98,99,104,117,130,141,144,131,101,76,66,70
71,85,107,123,125,124,121,119,114,98,79,74,75,74,74,78,79,83,89,84,71,66,74,90
51,61,76,84,80,80,80,76,73,74,70,66,66,66,64,63,62,67,75,72,66,68,78,88
49,57,63,61,55,57,59,57,57,67,70,63,57,55,52,48,51,59,67,67,63,66,73,78
60,70,69,59,55,64,64,62,62,65,65,58,52,50,49,51,56,66,78,85,79,73,70,70
67,81,79,66,66,81,79,77,75,64,58,56,54,56,69,84,90,95,108,123,115,93,72,65
54,64,68,63,61,76,84,86,83,78,70,63,58,66,103,139,141,129,127,144,138,103,70,62
54,50,45,41,42,59,84,97,94,87,76,68,62,66,95,131,133,109,90,106,106,97,83,73
60,52,43,36,35,46,69,88,93,86,69,64,62,62,77,103,107,89,70,79,79,87,94,92
64,60,52,45,41,44,51,63,72,69,51,46,45,45,50,62,67,61,52,54,51,59,71,76
66,62,57,52,49,48,43,41,44,47,33,24,20,19,21,22,24,24,23,23,20,21,24,26
