51,43,36,34,40,51,67,88,106,115,119,118,112,104,96,86,75,63,53,48,52,65,85,105
60,50,42,40,43,45,51,64,84,107,125,135,133,123,113,97,81,69,60,54,58,69,82,92
90,92,93,93,90,80,71,70,78,95,113,121,122,121,124,117,109,101,96,95,99,102,101,99
114,136,150,152,147,130,116,105,100,102,104,102,100,103,114,119,118,114,114,119,125,122,115,109
108,136,156,158,151,143,136,133,132,129,123,115,106,97,94,90,82,75,74,80,88,90,90,91
83,96,107,108,99,95,99,108,117,121,123,124,119,108,96,82,71,60,51,45,45,48,56,66
61,59,58,56,53,56,70,87,102,109,112,112,108,100,89,76,64,52,43,41,43,50,72,102
59,49,38,31,31,37,52,70,85,92,95,90,81,73,69,63,56,50,50,57,65,73,95,125
74,58,39,27,25,31,44,58,68,73,75,69,60,55,57,58,57,57,63,75,85,93,105,118
87,65,39,23,20,29,45,56,59,56,56,58,63,68,72,77,76,73,72,80,90,98,104,109
57,48,43,39,35,42,56,63,61,56,54,54,61,71,77,83,89,87,81,84,94,100,103,106
47,51,54,52,46,51,62,70,72,74,69,59,56,64,73,75,84,95,102,102,98,94,94,97
57,61,61,57,52,53,58,61,64,68,63,50,45,52,61,61,68,86,107,115,107,98,94,94
71,65,60,60,62,58,52,47,45,44,41,37,39,47,54,53,57,71,92,111,113,114,112,107
77,63,61,71,80,74,62,54,51,50,49,52,58,63,65,63,65,74,87,96,107,125,136,132
78,70,66,69,72,67,65,65,67,70,80,85,90,96,103,98,91,91,94,95,108,128,140,138
71,65,58,55,57,55,59,64,68,73,82,90,102,120,144,148,141,129,117,110,121,135,141,139
63,59,57,59,60,60,64,68,70,73,74,79,90,110,142,161,166,158,146,144,147,143,138,138
65,67,77,84,82,81,86,89,87,84,79,73,71,80,106,130,151,161,162,172,164,143,130,133
83,93,102,102,95,93,101,113,117,106,96,81,75,85,103,113,135,150,147,142,135,127,120,119
95,114,123,116,103,96,101,116,123,110,105,98,94,96,108,110,119,125,123,120,124,127,117,97
107,117,119,107,89,83,87,96,99,86,80,80,79,77,79,77,76,73,70,72,84,95,92,78
82,82,79,68,52,51,54,57,53,44,37,39,40,38,35,31,28,23,20,23,34,44,50,52
27,27,26,23,17,17,18,18,15,11,8,9,10,9,8,5,4,4,4,4,6,9,14,21
