99,106,114,115,106,112,126,130,123,116,125,133,136,135,131,117,103,97,103,125,152,155,135,111
97,95,105,118,121,124,134,135,128,125,140,143,144,147,143,134,118,106,102,105,119,118,107,99
118,102,101,118,137,147,160,163,158,155,160,155,154,159,157,149,138,127,117,108,102,89,85,95
132,114,103,111,135,148,164,176,179,172,158,144,139,142,144,141,135,129,124,124,109,85,77,92
106,109,109,109,114,115,120,136,150,145,119,98,87,86,95,102,97,90,93,115,113,89,71,74
74,96,120,131,130,121,100,86,85,92,77,62,49,43,45,53,54,48,46,62,76,66,49,42
76,82,105,134,152,149,122,85,57,49,44,37,30,24,22,25,26,24,22,28,38,34,23,17
81,78,81,99,130,153,145,110,67,40,33,31,26,17,13,11,11,11,11,14,21,18,9,4
72,81,70,60,81,118,138,127,94,59,43,37,28,15,9,6,5,5,7,11,21,17,7,2
56,78,80,64,55,69,98,116,110,79,57,42,29,17,7,4,2,3,4,7,17,17,8,2
48,67,84,78,50,48,60,80,92,82,69,49,32,19,10,4,1,1,3,5,11,12,7,2
42,53,78,86,58,40,41,54,68,72,66,51,34,22,14,6,2,2,2,4,9,9,6,2
38,42,64,82,71,41,34,40,51,61,57,47,36,27,20,10,4,2,2,4,9,9,5,2
38,36,49,70,78,47,33,34,43,55,53,46,40,35,28,16,7,4,4,6,10,10,7,5
44,36,39,57,74,53,37,33,39,50,57,56,51,44,36,24,15,11,11,12,14,12,12,13
48,39,37,50,70,60,40,33,38,44,51,59,61,55,45,37,30,25,23,19,18,17,18,21
46,41,37,45,64,69,46,34,38,41,46,54,59,58,52,50,45,38,31,22,21,20,21,25
44,44,40,41,57,78,57,37,33,37,41,46,50,55,59,61,59,50,37,24,22,20,21,25
47,48,44,41,52,83,72,44,25,27,33,36,39,48,62,68,69,61,42,24,21,19,19,24
55,56,52,44,46,74,86,59,22,18,22,26,29,37,54,64,71,66,47,26,21,18,20,26
65,58,51,43,39,56,82,70,31,14,14,18,23,29,41,49,59,63,53,30,23,20,23,31
79,60,46,38,33,40,66,67,41,17,10,12,17,24,33,38,46,55,55,35,24,20,25,33
92,67,46,36,33,32,47,56,48,25,11,8,12,18,27,33,38,47,52,38,24,19,24,31
100,77,52,40,37,32,36,48,52,33,16,8,7,13,23,32,36,41,47,39,24,18,22,27
