51,62,66,56,40,35,47,56,57,51,32,14,4,3,1,0,0,0,0,0,0,0,0,0
33,34,32,25,18,14,18,20,20,18,11,6,3,2,1,1,1,1,0,0,0,1,1,1
23,16,9,5,3,1,1,0,0,0,0,0,1,1,1,1,2,2,3,4,5,8,12,15
24,14,5,1,1,0,0,0,0,0,0,0,1,2,3,6,10,13,13,13,14,20,27,31
24,13,4,1,0,0,0,0,0,0,0,1,3,6,10,18,28,32,29,23,24,30,33,31
16,8,3,2,1,0,0,0,0,0,0,1,6,14,23,35,43,40,30,31,36,34,25,15
7,3,1,1,0,0,0,0,0,0,0,1,6,16,27,37,39,32,27,35,37,26,12,5
1,0,0,0,0,0,0,0,0,0,1,3,9,21,34,42,39,32,30,37,30,16,4,1
0,0,0,0,0,0,0,0,1,3,5,8,18,33,44,53,51,45,41,39,22,9,2,0
0,0,0,0,0,0,0,0,2,8,13,17,30,47,54,59,64,61,53,46,25,8,1,0
0,0,0,0,0,0,0,0,3,10,19,25,35,48,59,59,64,68,68,66,42,18,5,5
0,0,0,0,0,0,0,1,3,9,19,26,34,41,47,45,52,62,72,78,60,33,16,18
0,0,0,0,0,0,0,0,2,7,14,20,24,29,34,31,34,48,67,82,70,43,25,28
0,0,0,0,0,0,0,0,1,4,10,10,10,15,25,24,23,34,56,77,70,46,28,30
0,0,0,0,0,0,0,0,1,3,6,5,3,5,13,21,25,30,41,62,61,45,30,28
0,0,0,0,0,0,1,0,0,1,2,2,1,1,4,10,22,29,29,33,33,26,21,21
0,0,0,0,0,0,1,1,0,0,0,0,0,0,1,3,11,17,16,13,11,9,10,16
0,0,0,0,0,0,0,0,0,0,0,0,0,0,0,0,2,5,6,4,2,1,4,10
0,0,0,0,0,0,0,0,0,0,0,0,0,0,0,1,1,1,1,2,2,1,2,4
0,0,0,0,0,0,0,0,0,0,0,0,0,1,3,4,2,1,0,2,2,2,3,4
1,1,1,2,1,1,0,0,0,1,2,2,2,3,5,6,5,3,3,4,7,10,14,18
1,1,2,3,2,1,0,0,0,2,3,4,5,6,7,9,10,10,11,13,17,22,28,32
3,2,2,2,2,0,0,0,1,3,4,5,6,9,9,11,14,17,18,21,26,31,35,38
4,4,3,2,1,0,1,1,2,4,6,5,6,9,10,11,15,19,21,24,28,32,35,37
