0,0,0,0,0,0,1,5,9,12,13,18,27,38,47,45,35,27,23,13,6,11,21,25
0,0,0,0,0,0,1,3,7,10,11,15,21,30,39,48,42,33,26,14,7,14,29,40
0,0,0,0,0,0,1,2,5,7,8,10,13,18,27,45,48,39,27,16,10,15,34,55
0,0,0,0,0,0,1,2,4,6,6,6,7,9,17,36,46,42,29,21,17,22,41,66
0,0,0,0,0,0,0,3,7,9,9,8,7,7,10,24,36,39,34,26,27,39,58,72
0,0,0,0,0,0,0,4,11,15,15,13,11,8,7,13,20,26,26,23,30,51,66,64
0,0,0,0,0,0,0,5,14,20,22,24,25,22,17,13,13,15,16,16,26,52,70,65
0,0,0,0,0,0,0,4,12,21,33,43,48,47,40,32,25,18,14,16,27,55,73,68
0,0,0,0,0,0,0,1,8,22,49,63,69,69,61,52,41,30,21,23,36,59,69,60
0,0,0,0,1,0,0,1,8,29,65,78,77,71,61,47,38,32,29,31,47,59,55,40
0,0,0,1,1,0,0,1,10,33,72,88,84,72,59,35,24,24,31,40,62,63,47,31
0,0,0,1,1,0,0,1,9,28,62,81,81,70,58,32,17,16,26,43,70,74,63,55
0,0,1,2,2,1,0,2,9,24,46,59,60,52,43,25,13,15,30,59,90,102,101,100
0,0,1,2,3,2,1,3,11,23,30,32,29,25,20,14,14,28,55,90,119,132,134,135
0,0,1,2,3,2,2,5,11,17,17,14,11,10,11,13,26,55,92,118,130,131,130,132
0,0,1,1,1,1,1,3,6,11,12,10,6,5,9,19,40,71,99,109,112,111,110,110
0,0,0,1,1,2,2,2,4,8,13,11,7,6,12,28,52,75,88,90,89,89,91,91
1,0,0,1,1,3,4,4,5,9,14,13,9,9,18,36,56,67,69,69,70,72,74,75
2,1,1,1,3,4,5,7,9,12,14,12,10,13,26,39,50,53,50,53,57,59,59,60
2,2,2,3,5,8,9,10,12,14,13,10,10,17,31,39,43,42,40,45,49,49,47,48
8,8,8,9,10,10,10,11,14,17,12,7,8,18,31,38,40,39,37,40,43,45,48,49
16,16,15,13,10,9,9,11,15,17,9,4,8,18,29,36,39,38,36,35,41,47,49,46
17,18,17,14,11,10,11,15,18,14,6,3,8,18,28,33,35,36,35,34,42,48,46,40
13,14,14,13,14,15,19,22,20,11,4,2,7,18,27,31,31,31,32,35,42,44,41,35
