52,57,55,46,37,38,41,43,46,48,51,56,62,67,69,66,61,56,56,60,68,72,66,53
61,61,56,47,39,38,39,39,40,40,41,45,50,54,57,57,54,51,50,52,57,63,63,58
54,47,38,35,38,45,47,46,45,41,38,37,39,42,43,43,42,40,38,38,39,42,44,44
36,28,19,20,35,49,53,53,52,47,42,38,35,34,32,31,29,28,28,26,25,24,24,25
26,24,18,18,29,39,44,45,45,45,44,39,33,30,27,24,23,26,29,29,27,25,25,26
25,23,19,17,20,27,31,30,27,27,29,32,33,31,30,30,35,45,55,59,58,55,50,47
25,20,14,12,16,25,33,31,21,16,15,19,27,38,49,58,67,77,88,99,108,110,101,87
28,20,12,9,13,24,37,36,24,17,14,18,28,44,67,83,85,84,88,101,117,128,131,130
30,23,14,9,12,24,39,43,36,30,32,41,49,58,75,89,84,74,72,75,88,102,122,143
25,23,17,12,12,23,41,51,51,48,63,81,90,84,74,78,78,78,78,70,74,79,90,106
13,15,15,13,13,18,36,50,50,43,64,86,90,76,65,67,67,67,73,84,103,101,89,86
5,7,10,14,19,23,37,45,41,33,48,63,65,56,56,61,57,53,60,79,111,121,109,93
1,2,5,10,16,22,32,36,32,30,35,39,38,37,45,52,48,43,47,57,80,96,101,99
0,1,2,3,6,12,19,23,24,26,28,23,20,24,32,40,41,41,40,37,34,40,59,81
1,3,2,1,2,3,7,9,10,11,13,10,7,10,18,30,37,42,42,32,20,15,26,42
4,7,6,2,1,1,2,4,5,5,4,3,3,5,15,28,37,43,45,31,19,21,35,46
9,16,14,5,1,1,3,5,5,4,2,1,0,2,10,22,30,38,44,36,33,50,64,62
10,19,19,9,4,5,12,16,12,5,2,0,0,1,4,11,16,24,31,30,37,63,75,58
5,13,17,14,10,14,26,31,23,9,2,0,0,0,0,1,4,7,10,11,21,43,50,31
1,6,13,18,18,22,32,34,25,10,5,2,1,0,0,0,1,2,2,1,3,10,14,10
0,2,9,15,17,20,26,27,20,12,11,9,5,2,0,0,0,0,0,0,0,1,3,3
0,1,6,11,12,14,24,31,32,27,20,14,9,5,1,0,0,0,0,0,0,0,1,1
0,1,4,8,8,9,19,33,44,46,33,19,11,6,1,0,0,0,0,0,1,0,0,1
0,1,5,8,8,6,10,23,42,57,46,24,9,5,1,0,0,0,0,0,0,0,0,0
