170,157,144,140,148,158,157,152,147,138,108,67,40,42,66,85,89,83,70,51,42,55,85,113
169,156,140,130,130,137,139,139,133,113,85,57,37,32,42,50,51,47,40,33,36,52,77,98
158,145,129,115,107,109,114,118,114,92,70,54,41,31,29,29,28,26,23,23,30,47,67,83
137,126,116,106,97,95,99,104,102,88,75,64,53,41,34,31,29,28,28,26,31,43,61,75
119,115,114,113,107,103,105,106,103,96,90,78,63,50,43,38,36,37,39,38,40,47,60,71
139,136,135,136,132,125,122,120,115,104,94,79,63,51,48,46,46,50,56,56,56,59,67,73
143,143,144,144,138,128,121,117,110,97,88,77,62,51,48,49,49,52,59,63,63,66,71,73
146,148,152,152,146,138,126,115,103,91,87,81,72,65,65,65,61,56,54,56,56,60,66,69
148,150,156,160,158,156,144,127,111,103,104,103,101,99,98,94,84,67,51,44,41,46,55,60
133,135,143,152,157,160,159,151,140,136,139,141,142,140,132,119,104,84,60,41,34,39,48,53
90,87,95,109,117,121,130,139,143,144,148,153,153,147,133,118,105,93,78,54,47,55,68,75
64,60,64,77,89,92,106,124,135,135,137,141,142,137,129,118,102,86,70,50,47,63,89,107
65,69,77,89,103,109,124,141,148,140,136,136,137,136,135,131,116,98,80,63,55,63,84,105
95,112,126,137,149,153,161,165,160,146,138,136,138,142,145,146,140,128,115,102,85,70,65,72
146,161,171,174,176,163,148,134,119,105,107,115,124,133,141,144,144,142,138,134,123,99,71,52
147,154,153,150,149,119,83,62,56,53,60,76,94,109,121,130,133,132,127,120,115,108,94,77
139,130,113,101,96,76,50,37,35,31,28,37,52,68,87,103,108,103,95,84,80,87,92,90
125,104,81,69,66,67,66,63,57,44,28,23,26,36,57,76,78,71,63,57,56,64,75,83
105,84,70,67,69,86,104,109,99,81,62,49,42,42,55,68,66,59,57,60,61,62,64,66
87,82,73,66,69,88,116,135,138,129,118,110,102,95,95,102,101,98,94,91,83,74,64,54
102,98,82,70,81,105,135,159,171,170,167,161,154,147,140,142,143,140,130,113,85,64,51,44
131,126,113,107,124,148,168,181,187,189,190,186,183,180,176,174,169,159,146,128,96,73,61,56
162,159,155,159,174,187,193,192,189,190,190,190,192,194,192,183,172,161,151,144,125,107,96,91
183,181,184,192,198,198,195,189,184,183,184,187,192,195,189,174,164,159,156,160,154,141,130,125
