55,62,71,77,78,69,54,42,37,38,41,39,37,37,35,32,28,30,41,51,45,38,38,43
29,32,37,45,60,83,78,63,54,54,59,54,53,57,52,51,49,48,53,67,63,60,54,44
12,13,16,26,52,95,109,102,89,81,77,73,75,78,69,65,72,72,64,71,74,75,70,58
14,12,18,33,60,95,122,131,122,109,89,86,91,91,79,65,78,88,75,62,71,77,77,75
24,21,29,49,73,82,105,127,136,127,100,92,97,98,84,61,68,87,90,62,66,73,77,80
51,42,43,57,73,77,82,106,135,141,124,99,95,103,87,64,56,73,96,80,62,66,75,73
67,60,58,64,73,75,70,85,119,147,141,114,96,94,95,73,54,59,82,95,69,60,68,73
66,69,69,69,74,78,75,75,94,134,148,130,100,86,100,82,59,49,62,89,78,61,61,77
59,69,75,74,74,82,88,77,73,105,145,141,110,87,95,88,66,46,45,67,81,66,58,73
57,67,75,76,73,78,91,82,62,71,130,146,124,95,86,90,70,46,38,44,73,73,61,58
59,62,69,73,72,71,81,78,58,46,94,132,131,102,85,87,75,53,36,36,60,77,70,48
58,57,60,65,67,65,72,75,62,37,64,110,129,113,93,85,78,60,36,33,46,71,75,53
53,53,54,57,61,59,63,71,65,35,40,78,112,117,98,81,77,66,41,31,33,55,69,60
48,49,49,51,55,55,57,67,67,39,25,45,81,104,95,77,72,66,48,29,25,38,55,64
46,45,44,45,50,53,53,64,72,56,27,24,44,70,84,75,67,61,51,31,25,29,44,62
46,45,43,43,47,52,51,55,66,72,40,23,28,49,75,75,67,60,54,39,30,32,45,61
44,42,39,38,41,47,48,46,52,69,52,31,26,40,68,77,72,63,58,51,38,38,48,59
43,39,35,32,32,38,40,36,37,54,58,40,28,36,59,76,78,71,62,58,44,41,46,52
45,40,34,29,26,28,30,29,29,38,55,45,31,32,51,73,83,79,66,58,45,39,39,42
50,45,40,37,34,30,30,29,28,32,47,45,35,34,51,74,86,85,74,60,47,39,37,40
49,45,43,43,42,38,38,42,44,43,48,49,42,38,53,76,85,80,68,58,51,44,41,43
50,43,38,39,41,37,39,47,57,57,55,56,51,43,49,67,78,76,66,60,55,47,42,43
55,45,35,30,32,32,35,45,58,65,62,62,57,48,44,56,72,79,75,71,65,54,46,46
62,52,35,23,25,30,35,41,52,65,65,63,59,52,43,51,69,85,90,86,77,63,55,56
