54,48,31,16,16,28,41,45,49,62,69,62,55,53,52,54,65,81,93,97,93,81,75,79
43,40,29,16,15,23,38,46,49,53,61,55,47,44,49,57,71,84,92,97,97,89,80,79
34,39,34,23,16,17,31,47,54,51,53,48,38,32,38,52,70,85,95,99,99,99,98,97
31,43,47,37,22,15,23,44,60,56,51,46,40,34,38,51,70,91,105,108,107,118,132,137
30,44,58,57,40,27,27,44,64,67,59,58,60,63,70,77,90,108,123,123,128,147,168,180
31,39,61,83,88,75,65,70,85,94,89,95,110,127,134,136,140,145,146,138,140,151,164,171
30,36,52,81,115,122,125,128,134,138,134,134,141,148,147,144,144,145,142,135,134,135,136,136
24,32,40,56,86,109,129,141,145,144,138,132,132,138,141,142,145,148,149,148,145,138,130,124
17,26,30,29,33,54,79,98,106,105,100,96,100,112,127,137,147,153,157,162,163,158,146,134
15,19,22,21,16,19,32,45,52,54,57,65,71,79,96,109,124,129,127,139,157,162,151,133
16,16,17,15,12,10,16,21,21,19,22,28,33,40,56,70,82,84,81,95,113,123,118,106
16,17,18,18,16,11,11,12,10,6,6,7,10,18,37,60,78,85,84,86,86,85,83,81
12,15,19,21,20,15,12,12,12,8,6,4,5,15,38,67,85,93,92,83,71,61,57,60
5,10,15,18,19,18,16,16,16,15,13,10,11,22,47,67,74,74,70,61,50,42,38,39
1,3,6,10,14,18,21,21,19,19,19,19,22,30,47,47,39,32,27,21,17,16,19,22
0,0,2,4,8,13,21,25,24,22,21,26,33,38,37,31,24,19,16,11,11,16,27,40
0,0,1,2,3,6,13,20,26,33,33,42,49,44,27,24,30,41,45,35,35,43,55,65
0,0,0,1,1,2,5,10,19,32,36,48,53,43,23,22,41,67,80,66,64,74,84,86
0,0,0,0,1,1,1,2,6,15,22,32,38,34,24,24,47,80,98,87,86,97,106,102
0,0,0,0,0,0,0,0,1,2,5,8,14,22,27,31,55,87,108,104,106,113,117,114
0,0,0,0,0,0,0,0,0,0,0,1,3,8,16,25,52,83,103,105,108,112,116,118
0,0,0,0,0,0,0,0,0,0,0,0,0,2,7,20,53,84,95,96,101,107,111,115
0,0,0,0,0,0,0,0,0,0,0,0,1,2,6,22,56,78,77,76,90,109,122,126
0,0,0,0,0,0,0,0,0,0,0,1,1,3,11,31,55,61,52,55,81,118,146,152
