69,65,70,79,80,68,55,51,54,59,60,51,39,30,26,23,20,23,29,35,37,37,38,41
68,61,62,68,70,62,54,50,51,53,51,45,36,28,22,18,17,22,31,38,41,42,44,46
93,84,77,76,74,70,66,63,62,61,61,57,50,42,36,32,32,34,38,44,47,48,50,52
120,112,102,94,88,86,84,81,79,80,87,84,75,66,63,63,61,57,52,51,52,52,52,54
115,116,113,104,94,93,92,91,91,94,103,102,93,84,83,88,88,80,67,57,55,54,54,56
107,114,116,107,93,92,96,97,95,93,92,90,85,81,84,92,93,84,67,52,49,56,65,69
100,102,105,106,105,110,121,125,121,110,101,96,92,90,97,109,107,93,71,48,41,53,64,64
98,95,99,110,120,126,134,137,133,121,110,100,90,86,97,114,116,106,90,67,54,55,55,47
94,92,98,113,124,124,123,123,123,118,111,98,83,77,92,112,121,122,117,100,82,67,49,33
77,81,88,97,105,104,98,101,108,111,111,102,92,93,110,125,134,137,135,122,106,83,55,32
44,49,52,57,69,86,93,100,107,111,116,119,122,127,133,137,140,140,136,127,117,92,57,32
42,39,36,42,63,94,109,113,114,116,125,134,141,146,146,145,145,144,142,140,134,107,67,38
76,66,59,65,86,114,125,121,113,115,131,142,149,152,152,151,152,151,150,150,147,127,97,73
122,113,106,106,115,126,130,121,110,114,134,146,151,152,154,156,157,156,155,153,153,146,134,122
142,139,131,122,117,121,129,131,128,130,141,151,154,153,156,157,157,156,156,153,155,155,151,146
137,137,132,125,120,121,127,132,134,136,142,150,155,156,158,160,161,160,159,156,154,156,155,152
136,137,137,136,135,134,132,131,132,134,138,148,158,162,161,161,162,162,161,157,152,151,152,151
146,147,150,153,151,144,136,132,134,137,141,151,162,168,165,157,156,160,162,158,150,144,141,141
162,164,166,165,157,146,137,137,144,151,152,156,164,169,166,147,144,152,158,156,147,136,129,128
172,174,173,166,156,148,142,145,154,160,159,156,154,155,153,137,133,139,144,139,135,130,127,128
166,169,167,160,155,155,154,156,161,166,168,163,156,152,153,147,143,140,136,129,133,138,142,144
146,154,158,157,159,163,162,162,164,167,169,166,158,153,156,157,148,132,116,112,118,127,136,141
138,148,156,160,165,164,160,159,161,160,159,155,148,142,145,149,138,115,92,90,90,91,96,104
150,156,162,168,170,159,151,151,153,149,144,138,130,123,123,130,122,100,77,75,67,54,49,56
