135,138,143,148,152,151,150,147,145,142,139,136,134,132,133,130,127,131,139,137,137,130,124,125
147,148,148,147,148,153,154,156,157,156,151,149,148,149,153,149,143,144,153,154,155,147,139,137
164,164,161,157,156,160,163,165,165,163,159,157,157,158,160,151,141,140,147,150,158,161,160,157
176,175,175,172,170,170,169,167,165,162,159,155,154,155,157,148,139,135,136,136,149,162,168,168
172,175,176,177,178,176,168,163,163,161,157,151,149,155,163,165,160,152,145,143,146,155,162,163
159,157,153,155,165,172,168,164,165,167,166,162,161,163,168,175,174,168,163,161,160,161,160,158
168,163,158,158,163,166,165,165,166,166,164,164,163,160,162,170,173,174,173,174,176,177,173,164
172,167,166,170,176,176,172,170,171,171,168,169,169,164,160,168,174,178,180,181,184,185,180,172
160,159,164,173,184,191,180,173,174,176,172,174,176,171,167,171,174,177,181,180,180,179,178,178
139,145,152,157,166,179,172,165,165,163,162,167,167,164,168,165,160,162,171,168,168,170,175,181
127,135,141,140,139,154,163,165,159,149,156,165,152,129,131,127,132,148,163,152,149,155,162,164
142,146,149,142,123,121,130,145,155,156,156,158,147,132,134,128,129,142,156,150,147,155,161,156
169,166,163,154,132,114,112,128,152,164,159,155,151,147,147,147,147,151,156,156,158,165,165,155
190,182,175,167,156,138,128,134,153,167,164,160,157,155,153,163,168,165,161,164,174,177,171,162
191,188,183,177,170,168,165,163,165,173,168,162,159,158,163,172,174,168,162,169,182,183,177,172
188,187,184,180,183,190,191,181,167,162,157,150,148,155,166,173,167,154,144,148,155,156,153,151
170,172,173,176,180,178,170,158,147,139,139,137,139,149,161,162,158,154,152,150,143,143,145,145
154,159,167,175,178,169,153,142,134,125,126,130,138,148,154,149,152,162,170,166,155,154,156,155
150,157,169,180,185,180,170,160,151,140,135,138,147,153,150,141,148,161,168,168,165,166,166,161
152,157,165,173,178,181,186,188,187,182,175,169,163,155,148,141,138,137,134,127,127,135,138,132
152,160,168,172,172,169,168,170,174,175,171,163,154,146,143,142,139,135,129,117,108,102,98,93
133,148,159,163,164,166,164,164,166,167,161,153,150,153,156,156,155,154,151,143,135,130,127,126
131,146,155,156,160,169,171,169,166,162,150,144,150,162,167,165,164,166,169,168,167,168,168,167
160,164,162,158,161,171,174,172,166,155,139,134,145,160,164,158,154,158,165,167,167,168,166,160
