10,14,18,23,32,41,44,43,41,41,46,52,60,71,81,87,91,87,78,75,77,78,80,83
9,12,17,24,33,42,45,44,42,44,47,53,61,70,75,80,84,81,74,74,78,82,84,87
15,20,28,38,47,50,47,45,45,47,49,54,61,68,70,73,75,72,68,73,81,85,86,87
29,36,47,58,66,63,51,44,45,48,49,54,62,67,67,67,68,66,64,72,79,79,79,81
42,47,56,67,75,72,55,44,43,44,48,55,62,64,61,60,62,63,63,69,70,66,65,71
31,34,39,50,66,72,62,52,48,45,48,53,56,57,54,55,58,60,62,65,65,61,58,58
27,31,34,39,49,59,62,59,54,49,45,43,45,49,46,46,48,53,60,64,63,60,58,60
36,39,37,33,34,44,61,64,54,46,36,32,34,38,35,35,39,47,58,64,63,61,63,69
49,51,47,36,29,38,59,63,50,40,28,26,28,29,29,32,37,46,56,63,63,64,70,78
45,59,61,49,35,38,54,57,47,41,32,29,27,28,35,42,45,48,53,59,64,69,75,78
25,40,45,36,32,41,56,61,58,53,39,30,25,26,34,44,46,43,45,54,60,59,57,57
15,23,30,33,34,32,41,53,59,53,35,23,17,17,26,35,33,26,25,33,40,41,39,39
11,12,19,28,30,20,25,38,46,39,22,13,8,8,15,21,17,11,10,15,22,26,30,34
8,6,10,16,16,10,15,22,23,17,8,4,3,3,5,8,7,5,5,8,13,20,29,35
2,2,3,4,3,3,4,5,5,3,2,1,1,0,1,3,3,3,4,5,7,14,24,31
1,1,1,1,1,1,1,1,0,0,0,1,1,0,1,2,2,2,3,4,4,8,14,18
1,1,1,1,1,0,0,0,0,0,0,0,0,0,0,1,1,0,1,2,1,3,5,7
10,6,3,2,1,0,0,0,0,0,0,0,0,0,0,0,0,0,0,0,0,0,1,1
34,21,8,2,1,0,0,0,0,0,0,0,0,0,0,0,0,0,0,0,0,0,0,0
72,46,18,3,1,0,0,0,0,0,0,0,0,0,0,1,2,2,2,2,0,0,0,0
77,52,21,2,0,0,0,0,0,0,0,0,0,0,0,1,4,5,5,3,1,0,0,0
60,44,20,2,0,0,0,0,0,0,0,0,0,0,0,2,5,7,5,3,1,0,0,0
44,38,20,3,0,0,0,0,0,0,0,0,0,0,0,2,4,5,3,2,0,0,0,0
44,40,22,4,0,0,0,0,0,0,0,0,0,0,0,1,2,2,1,1,0,0,0,0
