196,202,199,193,199,207,179,153,158,195,212,221,223,212,189,179,186,195,199,196,185,164,157,173
187,198,203,205,211,216,199,187,191,207,211,219,224,218,197,175,173,184,196,202,202,193,191,199
184,194,201,207,215,219,215,214,216,215,212,216,221,222,213,197,193,198,206,212,215,213,212,214
196,198,199,203,213,219,220,220,216,211,211,214,219,222,224,223,222,219,214,209,208,207,207,208
215,209,204,205,214,220,221,216,208,203,210,217,220,221,221,222,220,213,201,190,188,189,193,196
215,206,197,195,201,216,219,217,214,214,218,221,223,223,223,222,217,206,194,189,194,198,200,199
220,214,206,200,201,213,218,220,221,222,223,224,224,224,223,222,220,216,212,213,216,217,218,217
223,220,214,207,203,205,208,212,215,217,212,208,208,212,215,213,212,216,221,224,225,224,223,224
219,215,210,206,202,198,199,203,208,208,196,186,187,196,205,203,202,206,214,219,221,220,219,218
210,202,201,204,205,203,206,214,217,213,200,189,187,195,207,209,206,203,205,214,220,221,218,217
204,199,202,211,215,216,219,223,224,222,216,212,212,216,219,216,208,198,191,198,209,212,213,217
209,205,207,214,219,223,225,226,227,226,222,219,218,219,221,219,217,211,202,199,204,209,213,217
211,210,210,214,219,223,223,223,224,223,222,219,216,216,219,220,219,215,208,204,207,211,216,220
206,209,210,211,216,217,215,216,218,218,219,217,214,213,216,218,215,209,204,207,211,213,215,218
201,203,204,205,209,207,208,210,213,215,217,212,206,206,211,215,216,217,216,216,213,207,204,207
178,180,184,191,200,198,196,190,188,196,207,207,207,212,216,218,219,220,218,215,213,210,209,211
185,189,196,203,207,205,200,187,177,187,207,212,213,218,220,221,221,220,217,215,214,215,215,215
209,213,218,222,221,217,213,201,191,197,214,218,217,219,221,219,219,219,218,220,217,218,219,219
227,226,227,229,228,224,222,220,217,217,221,221,219,217,219,215,215,218,221,224,220,220,223,225
226,224,225,227,225,224,224,224,223,223,225,227,226,221,217,217,214,214,216,218,217,221,228,231
228,228,228,227,226,228,228,227,226,226,225,226,226,224,222,223,222,220,221,220,218,221,226,229
225,227,228,228,227,226,226,226,226,226,225,224,225,226,227,228,227,225,224,221,218,219,221,222
219,222,224,224,222,218,217,219,221,224,224,225,226,228,229,229,225,223,224,224,220,217,215,214
212,217,219,216,211,208,208,211,216,221,225,226,227,228,229,227,219,217,224,229,226,218,210,208
