183,174,162,156,165,188,201,203,202,204,182,168,173,186,185,176,166,157,150,150,154,157,164,174
204,196,187,183,184,187,187,183,183,191,167,157,171,196,207,204,194,184,180,188,196,197,195,191
217,213,207,200,191,178,180,184,188,193,174,169,184,208,222,223,217,208,203,208,213,216,212,203
213,214,211,202,190,180,189,201,206,204,196,196,204,216,222,223,220,215,208,203,204,207,207,204
201,204,203,199,193,195,201,205,205,204,203,204,207,210,212,214,212,208,201,196,194,196,196,194
197,195,189,179,168,169,175,183,184,176,172,173,176,182,192,201,201,194,187,182,179,180,177,167
214,210,205,198,190,187,190,196,199,193,189,188,188,191,198,198,188,176,172,179,190,196,192,182
222,217,206,197,196,203,210,215,217,216,214,209,206,205,208,203,186,171,167,180,201,214,214,207
218,211,194,179,183,205,218,223,223,223,221,213,206,206,210,208,194,179,176,186,206,220,223,219
217,213,199,186,188,208,221,223,221,218,214,206,199,198,204,206,198,191,193,202,211,218,218,211
222,220,216,214,215,219,221,218,215,216,217,212,206,200,198,195,191,191,196,203,208,212,212,210
223,222,223,225,226,225,223,219,215,214,215,209,198,188,184,180,184,190,193,195,204,203,191,180
224,223,224,226,226,225,223,220,218,214,211,201,192,187,188,188,194,198,195,190,205,205,190,176
223,223,224,223,222,221,219,216,214,210,207,199,195,202,209,209,209,208,204,199,212,216,210,203
217,220,218,214,214,215,212,207,201,197,203,201,201,207,211,203,199,205,215,219,220,218,212,208
215,211,207,205,207,209,209,208,205,202,202,202,204,206,206,205,204,206,212,216,215,206,195,191
213,206,200,200,204,203,203,204,205,204,203,203,203,203,206,212,214,213,213,212,208,196,184,180
215,209,204,205,210,207,204,205,205,205,206,207,204,199,200,209,217,217,212,206,204,198,193,192
222,218,216,217,221,217,214,212,211,210,211,212,208,198,190,201,213,216,207,198,203,210,214,215
229,225,220,219,221,217,214,216,220,220,217,213,207,201,200,209,217,217,210,200,205,211,213,212
224,220,214,210,211,211,210,212,216,218,216,213,211,211,212,217,218,216,212,206,208,209,207,203
216,212,206,201,199,201,203,205,208,211,212,211,210,212,215,217,214,211,209,210,209,205,198,193
208,205,202,200,200,202,204,207,211,214,213,212,210,209,213,215,211,205,205,210,211,205,196,188
204,200,201,207,212,212,212,217,224,226,222,217,213,210,211,215,211,204,202,209,214,211,201,192
