168,171,172,172,175,184,188,188,179,159,131,119,125,140,154,162,161,155,148,143,150,154,152,149
168,163,156,153,159,174,184,190,192,187,168,151,142,143,149,160,167,169,162,151,148,146,143,140
180,171,159,153,156,167,174,179,182,182,178,171,167,164,162,170,182,188,180,163,156,150,144,139
178,171,161,155,157,162,160,155,149,144,149,158,170,178,177,181,192,196,186,166,158,151,142,135
150,145,139,140,150,158,149,134,122,114,115,126,144,161,173,181,187,185,173,155,145,135,124,117
160,161,160,159,160,160,152,142,133,127,125,132,147,165,176,180,178,174,168,157,149,142,134,128
174,179,182,180,174,167,160,152,147,145,152,161,171,177,176,170,162,156,155,157,153,143,134,129
170,177,181,178,171,162,158,160,164,170,179,187,188,181,171,162,158,154,151,156,150,138,130,130
159,163,166,165,160,154,156,165,176,182,186,188,183,170,157,154,158,160,158,159,151,141,139,145
161,160,161,164,164,163,167,171,171,167,163,163,158,147,137,136,144,152,159,166,166,166,168,172
168,162,156,154,158,164,174,185,189,182,170,161,151,138,127,127,135,143,149,153,157,161,163,163
169,167,163,162,165,171,177,183,183,178,168,162,159,156,149,145,141,139,138,134,140,149,152,146
165,165,166,170,181,190,191,184,175,165,160,162,168,174,173,167,155,145,139,135,146,158,158,148
163,158,156,167,190,205,201,188,173,159,160,165,171,176,179,174,163,153,149,149,166,174,168,158
164,155,148,155,176,188,181,173,168,163,174,175,168,163,165,162,156,150,147,148,157,156,149,145
172,169,167,168,170,171,170,172,173,170,176,168,154,146,147,145,139,135,138,145,148,144,140,141
182,182,181,178,173,165,166,173,179,175,172,168,163,161,161,154,146,142,144,149,152,147,138,135
188,190,191,189,184,174,170,177,185,181,173,173,177,181,185,174,162,159,161,161,165,164,156,149
185,193,199,199,193,184,178,183,191,185,177,173,177,186,193,182,170,167,171,170,170,178,181,175
176,187,192,185,174,172,177,188,193,183,174,167,171,181,182,171,163,159,157,150,146,153,164,167
176,181,181,174,165,164,174,182,179,167,169,165,160,161,168,165,159,151,139,126,114,119,139,158
179,180,175,164,154,152,160,164,160,154,156,155,150,150,161,162,160,152,138,126,119,124,138,152
176,176,172,163,152,149,152,154,153,152,151,152,153,153,158,163,164,159,149,143,147,153,157,157
166,167,169,169,162,157,159,160,159,158,159,164,165,161,158,163,166,162,157,158,167,173,174,172
