150,151,146,136,129,130,132,138,143,142,138,132,126,127,135,141,145,147,147,150,154,151,143,135
142,140,138,137,135,134,136,140,144,144,145,142,134,124,125,130,143,155,164,170,174,174,169,163
146,151,158,161,156,148,151,159,163,158,154,152,146,138,136,143,158,175,188,191,190,188,182,174
146,157,170,174,166,157,162,172,175,165,154,149,149,149,151,156,166,178,187,184,177,169,160,150
123,131,140,145,145,145,152,156,154,147,140,135,136,140,142,143,143,145,149,147,141,132,123,115
123,123,124,127,130,135,139,139,137,137,139,141,143,147,147,144,138,134,135,140,149,153,149,143
134,140,138,132,130,133,134,136,140,144,148,150,151,151,151,149,144,139,139,144,152,155,150,142
147,158,156,145,138,138,138,140,144,146,148,150,149,147,147,150,148,145,142,142,145,147,144,138
163,172,171,160,151,148,146,144,143,143,146,150,152,150,149,153,156,155,151,148,149,152,153,151
181,186,183,173,162,156,151,146,144,148,155,164,171,174,171,169,171,174,176,175,175,177,177,175
169,173,170,159,149,146,142,136,132,135,140,144,150,159,170,172,173,175,177,173,163,153,146,145
138,139,133,123,120,127,134,135,133,134,138,141,146,156,174,170,158,150,152,151,143,130,123,126
138,136,127,116,111,116,126,133,136,138,144,147,149,154,164,155,137,124,122,123,124,124,126,131
169,169,159,143,131,125,126,132,139,142,145,146,144,142,142,140,131,120,112,111,121,132,141,146
184,193,183,163,152,148,143,146,150,146,138,132,129,128,132,148,153,147,140,136,141,141,139,141
180,189,176,151,137,138,139,140,145,153,147,142,141,143,144,155,164,167,165,163,160,149,140,143
165,173,167,148,133,132,136,139,146,159,159,157,155,153,153,161,171,175,173,168,159,145,140,147
160,169,173,164,151,148,151,154,160,171,172,167,163,162,162,169,173,172,167,164,152,142,143,152
163,172,178,174,166,171,172,172,175,184,180,167,162,169,172,171,167,160,156,159,151,145,146,153
153,148,137,130,136,150,159,161,164,173,170,156,152,162,165,151,144,141,140,147,142,139,139,140
160,149,123,98,92,97,108,115,121,128,125,121,129,143,145,134,137,140,135,130,128,129,132,136
163,160,143,123,115,114,124,136,142,140,131,134,144,152,150,149,157,163,158,148,139,136,141,150
167,172,170,164,161,158,164,173,176,169,160,162,165,162,155,158,160,161,158,150,139,130,131,140
176,178,179,177,173,170,170,170,169,166,166,165,161,152,141,139,132,123,116,114,111,103,97,97
