145,152,152,154,168,179,181,178,171,164,157,151,146,146,149,151,142,130,124,127,131,138,150,162
168,172,171,170,172,168,163,158,154,151,145,139,135,136,136,139,139,136,135,138,144,153,163,171
162,156,150,147,141,131,127,127,129,132,133,130,129,129,128,131,136,140,141,142,143,149,159,166
127,117,112,111,109,107,114,124,132,139,145,146,145,143,142,143,145,147,149,148,145,146,154,164
104,105,108,114,119,131,147,161,170,176,180,179,176,173,173,172,168,165,164,166,166,164,168,176
138,141,145,147,149,148,149,150,152,154,158,159,157,156,157,157,159,160,157,152,148,145,146,149
140,145,146,146,149,143,136,131,128,126,127,125,121,119,124,131,145,154,152,146,140,136,135,138
134,139,142,145,152,151,147,143,140,140,140,138,135,134,140,149,161,168,165,159,152,148,147,149
144,147,151,157,165,171,171,168,168,171,171,170,169,171,176,180,183,182,177,170,165,163,164,166
169,168,168,169,171,173,171,165,161,159,158,157,155,156,159,164,166,166,166,161,156,158,163,168
148,152,157,159,159,160,158,153,148,140,136,134,134,135,139,146,152,159,162,159,158,163,168,170
135,141,145,146,144,145,143,142,144,146,148,148,146,144,141,146,156,165,169,166,167,172,172,166
144,149,150,144,140,140,141,144,152,164,170,168,165,162,157,160,164,168,169,167,172,177,176,168
161,164,157,143,137,141,148,154,162,172,173,166,163,164,164,166,164,159,159,162,170,178,181,177
157,158,140,119,118,130,143,156,162,157,144,137,137,140,142,147,149,149,151,159,167,177,183,183
154,160,153,138,132,138,146,152,153,146,134,131,133,132,125,129,133,135,138,147,156,163,166,165
153,157,152,141,138,151,162,166,162,156,151,148,144,138,128,134,143,149,151,155,159,161,162,163
157,151,141,134,140,159,173,177,172,166,165,161,155,148,141,146,159,169,170,168,167,168,169,169
159,147,138,140,151,163,172,173,167,161,161,160,156,151,148,149,159,169,171,165,164,167,168,164
154,152,157,168,176,177,174,165,155,152,158,163,157,145,140,141,143,145,145,141,143,147,146,140
160,169,180,183,176,165,158,151,145,140,142,144,139,133,137,141,140,139,140,141,143,144,145,148
171,172,170,162,150,136,129,127,125,119,114,120,132,145,155,161,160,161,165,164,154,143,140,145
154,146,136,127,124,119,115,117,123,125,118,125,144,166,175,176,174,176,182,183,168,154,147,148
110,110,107,108,117,125,126,131,146,161,159,156,163,176,180,172,165,165,173,179,177,173,170,169
