29,27,22,13,7,11,15,15,14,16,14,15,21,28,26,31,27,17,13,22,29,35,34,27
35,35,28,16,5,7,11,16,19,17,13,14,25,37,33,26,17,9,6,11,18,22,21,16
32,33,26,13,4,4,8,15,20,16,12,14,22,30,29,22,15,10,6,5,7,10,11,10
20,20,14,7,4,4,7,13,17,16,15,16,17,17,18,17,17,16,12,7,5,5,7,9
7,7,5,4,5,5,7,11,15,17,17,17,16,13,12,10,13,17,16,11,6,5,6,7
6,5,6,8,8,8,8,10,12,11,8,7,7,7,7,7,9,12,12,7,4,3,3,3
11,10,12,14,15,14,11,8,7,5,2,1,2,3,4,4,5,6,5,3,1,1,1,1
17,15,14,16,16,15,11,6,3,1,0,0,0,1,2,2,1,1,1,1,0,0,0,0
20,17,13,12,11,9,7,4,1,0,0,0,0,0,0,0,0,0,1,2,2,1,0,0
19,16,12,9,7,5,3,2,2,2,2,1,1,1,1,3,4,4,5,7,4,2,0,0
16,14,15,18,17,13,12,13,14,14,16,13,9,9,11,20,22,21,20,19,12,5,2,2
23,19,20,25,28,29,34,40,46,53,70,66,51,37,30,38,40,36,30,26,18,13,13,15
35,31,30,35,39,46,52,59,68,82,108,108,87,59,42,43,43,39,34,32,28,28,31,34
43,40,40,45,50,55,56,57,63,79,105,112,94,64,45,38,33,31,33,34,36,40,46,50
37,36,39,47,53,53,48,42,42,56,82,95,87,67,51,39,29,25,26,27,29,34,43,53
37,36,38,45,50,49,43,37,39,51,73,93,103,100,84,59,40,32,29,22,21,24,33,42
50,47,47,48,48,45,40,38,42,54,73,92,108,119,117,102,88,76,62,40,27,25,29,33
62,58,52,48,45,42,39,41,47,59,79,94,106,117,126,123,118,109,91,63,42,36,36,36
65,58,49,42,40,40,40,43,50,63,83,95,99,102,107,104,100,95,86,69,53,49,50,50
64,51,42,41,44,42,40,42,52,66,74,78,79,79,79,73,65,58,53,49,46,49,55,60
76,51,40,45,47,40,38,43,52,62,69,76,75,64,53,49,46,44,43,39,39,45,49,47
92,62,46,47,44,39,41,46,49,52,60,78,79,57,37,33,35,37,38,34,36,44,46,39
83,60,46,45,44,42,43,44,43,39,44,62,64,45,28,28,30,31,30,30,34,43,46,41
52,41,36,42,50,48,39,35,35,30,27,32,32,26,23,29,31,28,25,27,33,41,45,45
