19,14,6,1,0,0,0,0,0,0,0,0,0,0,0,0,0,0,0,0,0,0,0,0
9,5,2,0,0,0,0,0,0,0,0,0,0,0,0,0,0,0,0,0,0,0,0,0
3,1,0,0,0,0,0,0,0,0,0,0,0,0,0,0,0,0,0,0,0,0,0,0
2,1,0,0,0,0,0,0,0,0,0,0,0,0,0,0,0,0,0,0,0,0,0,0
1,0,0,0,0,0,0,0,0,0,0,0,0,0,0,0,0,0,0,0,0,0,0,0
0,0,0,0,0,0,0,0,0,0,0,0,0,0,0,0,0,0,0,0,0,0,0,0
0,0,0,0,0,0,0,0,0,0,0,0,0,0,0,1,1,1,0,0,0,1,1,2
0,0,0,0,0,0,0,0,0,0,0,0,1,2,2,2,1,1,2,2,3,5,7,10
0,0,0,0,0,0,0,0,1,2,3,3,5,6,7,6,5,4,5,8,10,13,17,21
0,0,0,1,3,4,3,4,5,8,10,12,14,16,18,19,16,13,13,16,18,22,24,24
2,2,2,5,11,16,16,15,17,23,26,29,34,39,42,46,38,28,24,26,25,24,22,21
13,11,10,12,19,28,31,31,32,37,39,42,45,47,48,50,47,43,41,42,38,33,29,28
30,26,24,27,32,38,42,44,47,53,56,58,58,55,50,45,46,48,50,53,51,47,44,44
47,43,42,43,43,45,48,52,59,69,73,75,73,67,58,44,42,44,49,56,59,61,61,60
61,58,53,47,43,46,52,58,65,75,81,82,78,71,62,45,37,38,46,54,61,67,70,67
60,60,53,45,44,45,51,59,68,77,79,79,72,60,49,39,36,40,47,53,61,68,69,67
45,49,48,45,48,49,52,59,68,76,75,72,67,59,51,43,42,46,53,58,67,72,71,67
37,43,46,48,52,59,65,70,75,80,74,67,65,67,65,57,53,53,56,60,66,69,70,68
47,48,48,48,52,67,80,86,87,88,74,61,61,72,79,70,60,54,52,53,52,55,63,69
54,48,44,43,47,60,69,77,82,79,58,43,47,64,76,66,54,46,44,43,36,41,56,69
42,46,49,45,37,38,41,44,46,44,34,30,38,52,59,50,42,39,39,37,32,33,39,44
31,37,41,36,23,19,19,26,34,37,29,27,35,44,44,40,37,37,38,35,31,29,29,28
26,24,23,19,12,10,12,22,36,40,29,27,32,36,34,32,32,34,35,32,28,26,26,27
25,15,9,8,8,10,13,22,31,30,22,23,27,30,27,24,25,28,31,27,24,24,27,31
