168,163,159,160,164,171,174,170,162,155,152,145,141,140,134,131,135,149,164,164,160,150,141,138
155,150,145,144,148,156,161,159,155,153,147,137,131,130,130,131,140,156,173,180,176,168,162,161
154,152,151,150,149,153,151,144,136,134,131,126,123,122,122,123,129,141,157,169,168,159,151,148
159,159,160,160,159,158,150,137,125,122,122,125,126,125,124,123,124,129,139,150,152,143,132,127
153,151,150,149,151,152,147,141,137,136,137,139,140,138,138,141,143,145,148,154,156,149,141,137
149,150,148,142,136,132,128,126,129,137,146,150,146,138,136,136,135,133,134,142,145,137,126,120
150,152,150,142,134,131,129,124,121,125,140,151,155,152,148,147,152,159,160,158,150,137,128,125
154,156,155,151,147,147,147,141,133,133,144,149,147,142,139,142,153,164,166,158,147,137,132,133
155,158,160,161,162,163,162,158,155,156,160,152,139,127,121,120,125,132,135,131,129,129,132,135
150,156,163,166,166,163,157,153,155,162,166,164,158,149,134,113,102,100,104,108,117,126,132,136
150,161,173,179,178,167,146,131,129,137,148,166,181,184,174,164,163,164,162,160,161,156,144,130
134,147,166,179,179,168,153,141,136,135,148,168,181,182,178,181,186,189,186,177,168,159,146,135
132,144,163,176,175,169,164,163,160,152,161,171,172,166,167,172,176,179,180,173,165,159,153,150
147,154,165,170,168,166,167,172,174,165,167,167,161,156,158,159,160,164,169,167,165,165,164,163
148,151,155,156,155,156,157,161,163,156,150,149,149,149,151,157,162,166,166,159,158,158,158,159
157,156,155,158,162,162,158,154,149,144,141,144,146,146,147,154,159,162,163,159,151,146,145,148
159,154,148,147,152,154,152,145,137,134,135,137,137,135,133,137,142,146,150,150,141,130,127,131
158,153,147,144,146,149,150,146,140,137,139,136,134,132,128,128,132,136,140,145,143,137,135,137
158,157,155,155,155,155,157,156,153,150,149,145,144,144,141,139,138,138,140,147,155,161,162,161
155,155,157,161,161,156,154,152,151,151,152,152,154,158,160,156,146,137,135,141,150,154,156,158
151,152,155,158,158,155,155,156,158,159,154,145,143,149,154,149,138,130,131,139,144,141,138,142
139,140,142,144,146,146,149,153,157,160,156,150,149,152,153,146,138,132,132,138,140,138,139,147
128,127,126,126,127,130,136,143,147,150,152,156,157,155,150,147,144,138,134,137,141,142,147,156
127,124,118,113,113,118,127,135,138,139,142,151,153,147,141,146,147,142,134,137,145,146,146,152
