166,180,185,177,168,165,164,162,164,177,175,162,154,156,158,150,148,152,158,163,161,153,141,134
166,163,157,150,145,145,142,139,142,154,157,153,151,156,163,168,176,181,181,175,167,157,149,148
147,137,128,124,124,127,128,129,134,142,148,155,160,163,165,174,185,188,184,178,171,165,166,171
135,129,122,120,122,129,135,139,142,144,151,163,170,168,161,161,164,163,159,162,160,156,160,168
144,144,139,133,136,148,154,153,150,149,151,159,164,162,155,147,140,134,130,137,132,124,122,125
126,131,131,130,134,145,147,146,145,146,140,143,148,152,155,157,155,147,140,138,134,130,129,131
135,136,134,134,140,147,150,155,162,165,155,150,152,156,159,162,165,163,156,149,147,147,149,151
143,141,136,134,138,144,151,164,178,182,169,158,155,159,163,170,177,180,177,167,159,155,155,156
145,144,139,136,137,143,151,166,180,184,170,161,158,160,167,179,185,189,189,178,163,151,144,144
150,152,150,148,153,160,162,164,167,169,164,163,164,163,162,169,173,176,178,170,159,145,133,128
128,131,128,126,133,149,155,152,144,139,140,141,137,129,121,132,142,148,150,154,155,147,135,127
126,123,118,118,129,150,163,163,152,141,141,145,142,133,123,126,132,136,140,147,151,147,137,129
143,137,134,135,141,161,179,185,179,169,164,167,169,165,157,155,154,153,152,149,147,141,133,129
160,158,158,157,155,169,186,195,194,187,179,180,183,183,178,174,172,170,165,152,143,135,130,128
157,155,154,152,150,162,175,177,169,158,154,158,158,150,139,136,139,146,151,146,143,144,142,135
138,137,136,136,140,152,158,156,145,128,124,134,139,132,127,133,141,141,134,126,138,150,150,138
131,131,127,124,130,140,143,143,135,119,116,130,139,132,121,123,134,138,133,129,147,163,162,150
141,141,136,132,136,141,147,151,149,137,136,150,159,154,135,120,122,130,135,144,162,174,170,159
158,158,156,154,155,157,166,174,174,166,166,174,182,181,165,139,129,131,142,162,178,181,172,163
162,163,162,160,159,159,167,174,176,172,172,172,172,173,174,170,171,173,178,188,197,193,183,174
151,156,158,153,144,136,137,143,145,142,149,160,170,173,169,164,167,172,175,181,186,180,169,161
152,151,148,142,133,124,124,129,132,132,140,153,164,166,159,155,157,158,154,156,162,161,158,157
162,158,152,147,143,136,137,141,144,146,152,158,163,164,161,162,164,160,151,152,158,162,166,171
171,171,170,168,167,160,159,160,161,165,168,170,172,173,176,181,183,178,172,174,180,182,185,190
