125,132,151,173,186,185,177,172,170,169,172,178,181,179,178,177,177,175,169,155,141,139,144,148
135,128,132,144,152,153,154,151,147,144,149,152,147,139,141,142,147,152,148,132,123,123,126,128
166,152,142,141,144,149,158,163,162,162,164,159,147,137,137,136,139,145,145,131,124,122,121,120
172,163,154,148,144,145,154,164,170,173,171,164,154,147,148,144,145,150,154,143,136,130,124,120
130,131,133,132,121,109,108,113,119,124,127,129,129,128,134,135,139,145,148,137,131,125,117,109
137,143,148,147,141,129,124,122,120,123,135,145,153,161,166,155,142,134,130,122,116,105,95,89
150,151,153,154,156,158,158,151,139,130,133,140,152,168,178,174,161,150,143,138,132,121,112,109
157,158,161,166,169,167,160,153,145,133,124,118,123,138,152,161,163,160,154,145,137,129,125,123
152,159,169,176,175,161,145,141,144,138,124,109,105,111,119,135,148,156,155,144,134,130,126,122
137,148,160,166,163,158,153,155,158,153,142,135,134,133,126,126,135,145,152,153,148,142,134,127
126,132,142,148,149,159,159,160,163,159,144,140,142,141,128,112,106,109,115,119,121,122,119,114
133,135,136,137,142,157,157,143,125,115,102,109,133,156,157,146,138,136,134,134,129,121,111,105
144,150,145,137,138,150,151,135,112,97,89,99,125,151,158,154,151,149,150,157,153,131,107,97
144,155,152,139,136,142,145,141,129,118,116,120,128,136,136,134,135,132,131,151,159,141,117,107
121,133,137,135,135,139,140,132,122,122,129,134,139,147,153,155,153,136,112,114,130,143,151,155
122,132,138,142,152,167,168,151,134,142,155,149,147,159,173,169,159,148,136,121,103,110,134,154
147,154,157,158,166,182,180,156,131,130,145,139,134,145,164,160,155,156,160,151,129,124,132,141
160,163,158,151,152,161,159,144,126,121,130,125,117,122,143,149,153,158,165,164,155,148,144,142
152,152,143,132,131,132,133,134,137,140,139,130,119,117,137,151,152,149,149,149,149,150,152,154
163,162,162,165,172,170,158,154,160,168,167,160,151,147,153,152,139,126,125,138,144,146,146,146
157,151,148,155,173,183,174,165,162,162,158,157,153,144,134,132,129,127,128,136,141,147,147,139
160,157,156,159,166,174,174,170,164,155,150,152,150,141,130,125,122,119,117,115,110,110,108,101
177,178,177,171,162,161,165,169,165,152,147,152,157,154,150,144,137,130,125,120,108,99,94,91
194,191,185,175,163,156,161,165,161,148,143,154,167,175,177,174,170,166,164,164,153,141,132,129
