92,101,109,104,84,81,82,85,85,78,65,56,53,51,45,54,68,71,63,66,75,79,66,45
87,97,103,96,82,84,91,93,93,95,94,79,67,63,57,56,65,67,57,50,57,65,60,42
88,97,102,96,86,86,91,92,92,100,107,95,81,75,71,64,64,61,52,42,42,49,48,37
89,93,99,101,95,88,86,84,83,88,96,94,89,84,81,75,68,60,54,49,43,43,43,37
83,85,91,98,100,92,85,77,71,71,77,83,88,90,87,83,75,65,61,64,55,52,50,43
91,95,97,96,91,81,76,71,65,63,67,70,77,88,92,86,75,66,64,73,66,57,47,38
97,103,107,102,90,82,83,80,71,63,65,68,76,86,86,79,75,71,66,67,66,62,52,40
95,101,105,102,92,83,85,85,78,66,62,65,73,81,79,73,75,73,64,59,61,64,56,42
87,92,95,95,92,82,82,82,78,68,62,62,68,73,72,70,71,69,60,55,57,60,53,40
82,85,88,90,92,87,84,80,75,70,69,69,67,64,64,63,60,58,56,54,52,50,43,33
101,91,87,92,97,94,86,77,73,74,72,69,64,58,56,57,57,56,53,51,50,48,42,31
105,98,101,109,110,103,92,83,79,84,88,86,76,64,58,58,59,57,52,49,52,53,45,33
103,104,109,114,111,104,93,85,84,88,93,91,81,70,63,62,61,58,53,52,55,55,46,32
104,108,111,110,104,99,89,84,86,89,88,83,77,71,66,64,61,58,57,59,62,61,50,35
101,112,122,123,114,102,89,85,90,97,96,89,80,72,65,62,59,59,65,72,77,80,69,50
82,93,105,109,104,94,81,74,76,82,83,79,73,67,62,64,62,60,62,67,76,86,82,62
73,77,78,77,74,66,56,53,57,63,64,62,61,59,58,59,56,51,49,51,57,68,66,52
83,80,65,49,44,35,28,30,39,48,53,55,56,58,60,58,52,44,38,37,41,46,45,35
101,94,67,38,26,14,8,11,24,42,58,62,62,64,67,64,57,48,41,39,41,42,37,28
100,94,67,33,15,6,3,6,20,46,69,70,65,64,67,67,65,62,60,57,58,57,47,32
107,101,78,50,31,19,15,21,40,68,79,73,65,61,60,61,61,60,60,58,60,60,51,36
119,110,90,68,58,56,56,59,68,84,86,78,70,65,58,57,56,55,55,52,51,50,42,30
117,109,95,84,82,83,88,88,87,90,86,80,77,74,65,60,56,54,54,52,50,47,39,27
98,96,94,95,94,84,84,89,91,89,82,78,81,84,73,66,60,57,57,59,60,58,47,32
