28,23,15,7,3,1,1,1,1,1,1,2,2,1,0,1,2,2,3,5,4,3,4,5
22,22,21,18,12,10,7,6,7,7,4,3,2,1,1,2,3,3,3,5,4,3,4,5
11,13,16,17,17,21,19,17,15,11,5,2,1,1,4,7,7,5,6,8,9,9,9,9
1,2,5,8,13,25,27,24,19,11,5,2,1,4,9,13,13,12,13,17,21,21,19,18
0,0,0,1,6,18,25,24,17,10,6,5,6,10,16,21,22,21,24,28,35,33,29,27
0,0,0,1,5,16,24,25,20,15,14,12,11,15,24,36,36,33,33,38,39,33,30,34
0,0,0,1,4,12,21,24,21,19,19,16,15,20,33,52,50,40,37,40,33,25,23,27
0,0,0,1,4,11,19,21,19,16,15,13,14,21,34,48,45,36,32,32,22,15,13,14
0,0,0,2,6,13,17,19,16,11,7,5,8,15,23,27,25,22,21,17,10,5,4,4
1,2,2,4,8,12,16,17,14,8,2,1,2,4,6,6,5,6,6,5,2,1,0,0
1,2,2,4,6,8,9,9,7,5,2,0,0,1,2,2,1,2,3,2,1,0,1,1
0,1,1,2,3,3,3,2,2,2,1,1,0,0,0,1,1,1,1,1,0,1,3,4
0,0,0,0,0,0,0,0,0,0,0,0,1,0,0,1,0,0,0,0,0,2,5,7
0,0,0,0,0,0,0,0,0,0,0,0,0,1,1,1,0,0,0,0,0,2,5,8
0,0,0,0,0,0,0,0,0,0,0,0,0,1,2,2,1,1,0,0,0,1,2,4
0,0,0,0,0,0,0,0,0,0,0,0,1,3,4,4,2,1,1,1,1,2,3,3
0,0,0,0,0,0,0,0,0,0,0,0,1,2,2,2,1,1,3,7,9,12,15,17
0,0,0,0,0,0,0,0,0,0,0,0,0,1,1,1,1,3,10,19,29,38,44,47
0,0,0,0,0,0,0,0,0,0,0,0,0,0,1,2,4,9,18,32,53,69,78,81
0,0,0,0,0,0,0,0,0,0,1,1,1,1,2,5,8,13,19,30,52,71,84,90
0,0,0,0,0,0,0,0,0,1,2,2,1,0,1,2,6,10,14,22,34,46,54,57
0,0,0,0,0,0,0,0,1,2,3,2,1,0,0,0,2,5,8,14,22,29,33,35
0,0,0,0,0,0,0,1,2,4,5,3,2,1,1,1,1,2,5,8,16,21,24,24
0,0,0,0,0,0,1,1,3,7,9,7,4,4,4,3,3,4,5,6,12,16,17,16
