20,26,34,48,66,60,40,28,24,15,11,11,14,20,32,43,38,28,22,21,23,23,21,18
19,26,33,41,52,51,43,40,39,25,18,15,16,21,30,33,27,20,17,16,18,18,16,12
19,25,32,37,43,46,48,54,59,49,42,38,36,33,30,23,19,16,14,13,15,16,14,11
24,29,35,39,40,43,48,60,71,72,69,64,55,42,28,19,18,19,16,15,17,19,19,18
31,36,39,37,32,31,37,50,65,71,73,65,49,32,20,17,22,24,21,23,25,26,27,28
28,27,22,16,12,10,12,21,32,37,35,29,21,12,6,8,15,20,25,34,34,27,23,25
16,13,8,4,2,1,2,5,10,13,11,9,6,3,1,5,12,20,25,27,22,16,13,15
5,3,2,0,0,0,0,1,1,2,2,3,6,9,12,14,17,19,18,13,10,10,11,11
1,1,1,1,1,1,1,1,0,1,3,9,19,30,35,31,24,18,11,6,10,16,17,14
1,1,1,2,3,2,2,3,5,7,13,24,42,57,59,47,31,18,10,9,20,28,26,15
6,7,9,9,7,7,10,17,24,32,43,56,68,71,62,54,46,35,23,21,38,56,54,34
25,30,39,38,21,24,40,54,61,67,82,101,112,104,74,52,40,33,29,30,41,57,60,45
38,47,58,54,34,40,61,78,85,92,109,131,144,136,103,69,45,34,33,35,39,49,51,45
42,47,54,53,46,52,65,78,88,99,116,134,147,149,136,107,75,54,45,40,40,43,42,39
45,46,50,58,64,70,73,78,88,99,110,120,131,142,146,133,111,88,68,48,43,40,38,38
55,55,59,67,74,78,79,83,91,100,101,98,101,110,117,110,98,84,71,57,49,44,43,45
65,66,70,76,84,90,91,89,88,88,86,79,76,78,82,79,74,68,62,55,50,45,42,41
94,94,91,90,96,111,117,108,90,78,73,68,61,55,52,50,48,47,49,48,47,45,42,39
136,132,119,107,107,128,138,125,99,78,69,62,52,42,32,27,26,30,36,40,42,43,45,46
139,142,133,116,108,111,115,108,95,81,70,58,47,37,27,20,20,25,31,34,32,33,38,46
77,91,110,126,133,127,117,101,86,79,73,63,51,39,28,22,21,24,26,25,21,19,21,27
40,51,79,111,128,127,125,119,110,104,101,96,84,64,44,34,34,38,39,38,32,24,21,23
44,47,64,88,105,112,126,140,147,140,133,132,127,111,86,69,63,65,68,67,60,49,40,37
62,63,69,80,93,102,119,145,164,160,146,146,153,153,133,110,94,90,92,90,83,74,64,55
