80,80,77,72,66,65,73,83,88,89,91,90,90,92,93,87,85,94,107,109,105,105,107,109
92,83,75,70,66,67,72,70,68,77,93,95,90,86,86,89,97,105,108,112,115,117,118,119
85,73,65,64,65,69,67,57,51,64,86,91,85,78,76,84,97,104,103,111,121,126,126,123
64,58,55,58,63,67,60,51,49,60,76,82,80,75,76,85,97,101,98,106,118,126,127,122
48,51,54,57,61,62,57,56,61,70,76,80,82,82,87,103,114,113,103,98,107,119,124,121
44,48,54,58,61,61,60,66,80,93,98,100,100,97,100,116,125,117,97,83,92,105,113,112
58,60,63,66,69,69,73,84,98,105,104,100,97,96,96,104,109,108,102,96,99,103,106,111
78,79,79,79,81,80,86,97,103,101,95,87,80,78,79,85,87,89,96,104,108,108,112,123
86,93,97,96,95,94,97,99,97,87,81,74,67,61,66,78,82,80,83,94,99,104,119,138
72,93,108,113,114,110,102,96,89,80,76,77,76,74,80,94,100,94,82,76,72,84,113,142
59,74,90,101,107,105,97,90,88,90,98,105,110,115,125,134,126,107,88,80,78,87,107,127
57,64,73,80,83,77,67,60,61,74,95,109,117,127,143,151,140,116,94,84,87,98,112,122
66,68,69,68,64,59,51,45,43,53,73,84,93,108,133,145,139,117,94,84,89,102,116,126
86,85,81,75,69,68,66,59,51,47,49,49,56,78,112,128,126,111,93,84,90,101,117,131
108,107,104,101,98,97,96,88,73,56,42,32,37,61,98,112,108,102,101,96,100,110,121,127
112,118,121,121,122,128,126,118,105,91,69,48,38,45,67,81,86,93,103,102,104,108,108,103
103,114,120,118,119,125,127,128,130,128,115,89,63,47,48,60,70,82,92,91,91,91,93,96
94,102,106,106,108,115,122,133,145,151,149,127,95,66,55,60,69,80,88,88,84,80,86,100
94,95,96,99,106,114,126,140,150,152,148,132,111,93,82,77,79,87,99,106,95,81,84,102
105,102,101,103,104,107,120,136,144,136,114,98,98,106,104,89,81,88,107,126,109,82,77,96
121,113,102,89,76,70,89,122,145,132,93,81,96,118,114,93,80,83,100,118,105,88,86,99
140,136,126,106,76,53,69,108,137,123,94,89,104,119,113,104,101,103,107,116,108,96,95,106
142,151,157,143,106,67,70,98,120,112,105,108,112,109,98,106,117,119,114,117,105,90,88,98
125,146,171,172,136,92,84,94,103,105,113,119,114,97,80,93,107,111,110,113,93,72,68,77
