182,172,165,163,167,176,187,187,180,178,188,191,187,184,188,191,181,166,156,152,152,153,152,150
171,164,159,161,165,162,164,168,169,171,176,176,173,176,187,188,169,143,122,108,111,128,146,152
158,161,165,168,164,144,139,150,164,168,167,164,161,161,167,173,165,145,122,101,91,108,138,159
143,155,169,171,159,134,123,135,155,162,160,163,162,155,149,158,164,161,150,137,117,116,138,165
126,139,153,159,153,137,119,118,130,142,149,163,170,165,155,157,160,163,168,177,165,152,152,165
130,135,142,151,158,153,136,117,109,116,126,141,156,166,169,172,170,169,174,186,188,182,179,182
132,145,151,153,160,162,150,128,116,132,133,126,135,159,173,176,172,167,168,174,180,175,169,170
133,156,166,161,159,162,159,141,126,142,150,138,137,157,175,178,170,161,161,164,166,160,154,155
135,158,169,165,157,156,160,149,135,142,162,162,155,158,171,171,161,154,156,155,150,145,142,143
139,146,153,155,152,150,153,153,151,157,166,169,163,154,150,146,142,144,148,137,124,122,126,130
130,137,142,141,136,141,154,164,168,168,167,165,160,151,135,121,121,128,131,119,113,125,142,150
123,136,147,146,137,138,145,144,141,148,161,159,154,153,150,139,134,139,142,128,114,121,136,144
113,129,143,144,138,137,135,125,117,127,149,146,138,143,164,163,158,156,150,131,111,103,103,106
104,117,131,141,146,148,145,136,128,131,142,133,118,123,157,163,159,145,124,106,89,72,58,54
111,118,139,164,180,184,183,177,168,162,162,143,119,112,135,137,122,94,66,60,49,36,25,20
126,130,148,172,186,187,189,192,195,195,190,169,140,117,110,113,123,118,91,65,37,17,8,6
143,147,151,156,163,170,175,188,204,212,205,186,151,107,70,67,92,114,112,95,60,31,15,13
156,162,160,157,163,174,175,183,199,210,206,194,159,104,53,44,79,118,130,121,95,61,35,29
167,171,176,184,198,203,194,187,190,196,195,192,165,114,71,70,116,156,157,133,115,89,65,54
186,177,174,184,203,209,203,194,186,183,180,173,145,106,90,115,162,196,189,142,111,112,119,111
189,173,164,170,185,191,191,187,182,178,170,159,140,123,132,144,158,181,195,152,121,150,186,183
167,154,148,153,164,179,184,183,183,186,177,170,165,164,174,173,162,165,180,161,146,177,212,214
146,140,136,138,145,167,181,184,186,194,190,192,196,198,195,193,181,171,172,170,167,182,202,210
145,142,135,128,130,153,177,188,189,194,198,204,208,204,195,194,197,193,183,177,174,174,185,200
