153,170,175,158,127,117,123,126,120,107,100,112,128,140,146,155,163,169,169,164,170,181,190,194
152,164,169,160,140,123,132,142,138,121,104,107,119,130,140,153,166,176,183,184,189,194,199,202
164,165,168,168,159,140,148,159,158,142,116,108,116,133,149,152,152,166,191,199,196,195,201,208
178,173,175,181,181,170,170,173,174,167,139,125,133,156,171,157,136,147,189,202,189,185,194,205
181,180,186,194,198,199,192,187,188,191,167,160,168,183,189,172,140,143,182,199,186,179,185,195
193,193,193,191,189,188,187,190,197,199,186,182,185,189,190,186,169,163,177,192,191,187,181,173
190,196,193,184,178,177,180,185,192,194,190,187,190,196,196,189,179,169,165,171,180,191,185,163
174,181,178,169,164,167,168,172,181,190,192,190,192,195,188,179,171,160,148,155,177,197,197,183
150,155,153,151,157,158,157,163,177,192,198,195,188,178,161,153,151,145,140,158,189,205,210,213
132,135,134,140,157,145,148,165,186,196,201,192,175,152,127,120,130,146,161,183,206,214,216,220
156,160,151,133,114,87,94,132,173,189,197,188,167,147,139,138,160,188,206,214,217,217,218,222
156,140,111,80,53,35,56,117,176,189,196,195,183,170,172,173,191,212,223,224,223,222,222,223
114,94,68,42,20,14,53,128,192,201,206,211,209,203,206,207,214,221,224,225,225,225,224,224
55,56,58,54,40,36,83,156,209,215,220,224,226,225,226,226,225,224,224,224,224,224,224,223
23,39,70,97,105,97,133,181,212,213,217,222,225,226,225,225,225,225,225,225,224,223,223,224
11,25,69,129,175,176,184,200,213,212,214,219,223,225,225,224,224,225,225,221,210,205,210,221
19,32,74,132,176,176,161,154,169,200,213,218,222,225,226,224,224,225,224,218,199,189,198,218
36,48,78,113,136,137,110,90,107,167,202,216,216,215,221,222,223,225,225,220,205,196,204,219
64,74,89,105,115,121,98,71,75,126,178,204,197,182,194,203,208,214,219,215,211,210,212,215
129,138,149,156,159,161,151,132,117,123,164,184,158,122,137,144,154,172,188,176,169,170,176,181
192,199,205,205,201,203,206,202,195,192,202,192,158,124,120,109,110,119,121,105,94,99,120,144
214,220,222,219,213,216,223,224,221,222,222,209,188,162,131,104,97,93,76,54,42,50,82,120
212,215,215,210,206,206,209,207,198,194,197,208,213,199,158,125,106,86,58,39,33,41,66,94
210,212,210,204,198,191,193,187,169,150,154,187,213,210,181,151,116,81,55,48,53,59,63,65
