0,0,0,0,1,3,4,4,4,4,2,2,3,5,7,6,6,5,4,4,6,10,15,18
0,1,0,0,1,2,3,3,3,4,4,4,4,5,4,4,5,6,5,7,8,12,14,15
0,0,0,0,1,1,2,4,5,7,8,8,7,5,3,3,5,8,8,9,10,12,13,11
0,0,0,0,1,1,2,4,6,8,10,11,9,5,2,2,7,10,10,10,9,10,9,8
0,0,0,0,1,1,1,2,3,6,8,8,6,3,0,2,6,9,9,9,8,5,4,4
0,0,0,0,0,0,0,0,1,2,3,4,4,2,0,2,5,6,6,6,7,5,3,3
0,0,0,0,0,0,0,0,0,0,1,2,2,2,1,2,3,3,3,4,5,4,3,4
0,0,0,0,0,0,0,0,0,0,1,1,2,2,2,2,2,2,2,3,3,3,3,4
0,0,0,0,0,0,0,1,1,1,1,2,3,3,2,3,3,2,2,3,3,3,3,4
0,0,0,1,1,1,1,1,2,2,3,4,4,4,3,3,3,3,2,2,3,4,4,4
0,0,0,1,1,1,2,2,2,3,4,4,4,3,3,3,3,2,1,2,2,2,2,2
0,0,0,1,1,1,1,2,2,3,3,3,3,2,3,2,2,2,3,2,2,2,2,2
0,0,0,0,1,1,1,2,3,3,2,2,2,3,4,3,3,4,6,5,4,4,4,5
0,0,0,0,1,1,2,2,3,3,2,2,3,4,5,4,4,5,8,7,6,6,6,7
0,0,0,1,1,1,2,2,2,3,3,3,3,4,5,4,4,6,7,6,6,7,7,6
0,0,0,1,1,1,1,1,2,3,3,3,4,5,5,4,5,7,10,10,8,6,6,6
0,0,0,1,1,1,1,2,3,4,3,3,4,5,6,5,5,8,12,14,9,7,6,7
0,0,0,1,1,1,2,3,4,4,4,3,4,5,7,6,5,7,10,12,8,6,6,6
0,0,0,0,0,1,2,3,4,4,4,3,3,4,6,7,6,5,6,6,5,4,4,5
0,1,1,1,1,2,2,2,2,2,2,2,1,3,6,7,5,4,4,5,5,5,4,4
1,1,2,2,2,1,1,0,0,1,1,1,0,2,4,5,4,3,4,5,5,6,6,6
1,2,2,1,1,1,0,0,0,0,0,0,1,1,2,2,2,3,4,5,6,7,7,7
1,1,1,0,0,0,0,0,0,0,0,1,1,1,1,1,1,3,4,5,6,6,6,6
1,0,0,0,0,0,0,0,0,0,0,1,1,2,2,1,1,2,3,4,4,3,4,5
