200,202,203,204,208,212,211,208,209,211,214,215,211,207,210,216,217,217,219,219,219,219,218,217
208,210,207,205,209,215,216,215,214,212,213,216,216,215,214,217,219,221,223,223,224,224,222,220
207,206,208,213,217,221,222,222,220,217,217,219,221,222,220,220,222,224,225,225,224,223,221,220
200,195,205,220,225,226,226,225,224,223,223,223,223,223,223,223,224,225,224,219,214,210,210,214
195,191,202,218,223,225,226,226,226,225,224,222,220,220,221,223,224,224,221,211,201,194,195,204
188,203,214,217,219,223,226,226,225,225,224,222,220,220,220,220,221,222,220,216,212,207,207,213
172,204,223,223,222,225,226,226,226,225,223,222,220,220,219,218,218,219,220,222,221,220,220,222
186,211,226,227,225,226,226,226,226,225,224,223,222,222,222,220,220,221,223,224,226,226,226,226
218,223,226,226,226,226,226,226,226,226,225,225,225,225,225,225,224,225,225,225,226,226,225,226
225,225,225,225,224,225,226,226,226,226,226,225,225,225,225,225,225,224,224,224,224,224,224,224
225,225,225,225,225,225,225,225,225,225,226,225,225,225,225,224,221,220,219,218,217,216,214,213
224,225,225,226,226,226,225,225,225,226,226,226,221,213,203,193,182,175,171,168,165,157,151,151
224,224,225,225,225,226,225,225,225,226,226,224,205,170,143,132,122,115,113,111,105,94,87,89
223,224,224,224,224,225,225,225,225,225,225,220,179,114,74,73,74,74,77,79,73,65,62,66
224,224,224,223,222,224,224,224,224,224,220,208,158,87,55,62,65,65,70,77,77,74,75,79
225,224,224,224,224,225,225,225,225,223,204,164,113,71,56,59,52,43,46,64,74,78,79,80
224,224,224,225,226,225,224,221,219,216,193,127,72,54,56,51,37,27,30,46,63,74,78,76
224,224,225,226,226,225,216,204,194,187,168,102,52,44,49,40,30,28,33,40,53,67,75,74
221,222,224,222,216,213,200,183,163,143,121,81,52,45,42,36,35,40,45,46,51,61,69,71
204,214,218,203,175,172,183,187,167,122,75,58,56,53,46,44,43,43,45,46,49,53,58,61
155,176,195,186,149,121,139,167,169,127,85,80,82,72,53,42,34,29,27,30,34,38,42,46
104,106,130,156,154,119,106,113,118,104,98,103,95,71,50,45,37,24,14,13,17,22,28,31
64,46,60,99,126,105,73,52,48,55,71,80,67,44,37,48,46,30,12,6,9,17,24,27
41,27,25,39,56,54,36,19,10,11,18,21,17,13,24,47,50,34,16,10,14,22,30,34
