161,155,153,162,178,182,181,174,159,139,135,140,147,149,144,141,145,152,157,161,156,156,161,164
164,153,146,152,169,174,175,163,138,110,109,123,142,157,161,164,166,165,161,156,147,140,137,138
148,137,129,133,147,154,156,146,123,102,107,123,143,157,161,165,162,155,147,138,128,117,109,106
115,110,107,110,116,119,122,118,109,103,110,120,129,133,131,130,125,119,113,106,99,90,81,77
85,86,89,89,84,80,79,79,80,81,83,87,89,87,84,81,78,75,73,69,66,61,55,52
85,83,81,78,71,66,63,61,63,66,67,65,64,64,63,60,58,58,59,56,53,51,50,50
106,101,100,98,87,76,69,66,65,66,63,58,55,56,58,57,55,55,55,53,53,53,55,56
122,112,107,103,92,80,74,70,66,63,57,53,51,53,56,56,57,57,58,59,63,65,67,68
126,113,103,97,88,81,78,74,67,59,52,51,53,55,58,59,62,64,66,70,77,80,80,81
127,121,114,107,99,95,93,87,77,66,58,59,61,64,66,69,72,73,75,80,87,88,85,83
121,118,112,103,92,86,80,74,69,64,59,58,58,60,64,67,68,69,72,75,78,76,72,69
113,108,101,93,87,84,78,73,70,67,64,61,59,59,61,63,66,65,62,61,65,68,69,69
114,107,99,95,98,102,99,94,91,87,84,80,74,69,65,68,74,71,60,56,63,74,84,88
115,107,99,98,106,116,117,114,111,107,106,101,93,83,76,80,87,82,68,65,72,87,101,107
92,84,77,75,79,86,92,97,99,97,97,94,90,87,85,86,86,79,71,75,80,87,94,96
66,66,66,67,68,73,86,93,90,80,71,65,62,59,60,58,56,54,55,61,65,70,73,74
53,62,65,63,65,78,100,116,112,89,60,47,42,40,42,38,36,39,43,46,47,49,52,53
53,66,71,69,72,84,106,125,125,94,52,36,34,38,44,41,46,55,57,48,41,42,45,45
55,67,75,80,87,90,99,111,110,79,38,28,35,43,51,52,65,81,82,62,49,47,50,51
51,53,65,83,100,111,115,115,103,71,39,34,37,36,34,37,46,59,69,62,48,43,50,61
73,77,90,103,105,97,89,88,86,72,54,50,49,48,52,58,49,42,44,46,41,38,45,59
104,103,106,105,95,77,64,64,71,71,62,59,58,61,71,79,68,56,56,59,56,50,49,56
128,122,112,102,91,82,74,76,81,80,70,68,69,72,84,98,93,85,86,90,86,77,70,69
135,131,120,107,103,108,111,114,111,96,83,81,81,83,93,114,113,103,101,109,110,103,96,95
