138,141,139,133,127,124,123,127,131,129,132,133,135,138,139,136,134,133,130,123,118,116,115,116
130,134,136,134,131,130,130,132,132,130,130,130,129,127,120,114,110,106,97,86,81,81,86,96
128,133,136,135,131,126,123,123,121,116,114,113,111,103,86,71,63,59,51,43,40,42,57,78
132,135,135,132,126,114,107,104,100,95,96,96,96,89,72,53,45,44,44,43,43,46,62,86
133,130,126,123,119,108,100,94,89,87,93,97,100,101,98,89,87,92,98,99,100,101,106,113
125,124,122,121,121,122,122,119,112,107,112,119,120,117,118,119,124,133,141,139,136,132,123,110
112,110,108,106,105,108,111,107,99,93,95,101,100,94,95,107,118,123,123,123,125,122,105,84
88,86,83,80,77,78,79,78,74,72,71,76,77,75,77,90,95,87,77,86,102,104,87,66
64,62,60,57,52,50,50,51,53,55,54,58,62,65,68,75,70,52,40,58,85,89,75,61
56,54,52,49,41,37,35,35,36,38,37,39,42,44,45,48,43,34,32,50,68,70,61,54
55,51,46,41,34,30,27,25,23,22,22,22,23,24,25,28,27,25,26,33,40,41,37,35
71,62,51,44,39,34,31,27,24,21,20,18,17,17,19,22,24,25,26,28,31,31,28,27
102,90,79,74,72,68,64,59,54,53,49,43,37,35,39,42,44,43,39,38,39,39,37,35
128,121,116,116,119,117,115,109,103,105,100,90,80,74,81,85,86,80,70,64,63,64,64,63
126,128,129,132,137,138,140,138,135,138,135,127,116,110,119,124,123,116,106,101,99,103,108,107
112,111,110,110,113,114,115,113,108,101,92,94,94,91,94,97,94,91,95,106,109,114,120,123
124,117,113,115,118,120,114,104,91,75,62,76,89,88,83,85,82,83,93,109,111,108,107,107
141,132,128,131,136,137,126,110,95,82,71,86,99,96,86,87,83,82,90,100,100,93,86,83
145,141,139,140,143,144,136,123,114,112,110,113,114,108,99,96,91,86,87,90,89,83,78,76
145,146,146,146,148,152,149,142,138,140,141,142,141,137,128,126,125,121,116,116,107,98,92,91
133,136,142,146,147,148,144,142,147,154,153,152,150,145,138,137,138,133,122,118,108,100,97,99
124,127,136,145,147,143,132,133,145,153,151,149,147,142,133,130,129,121,111,114,116,111,103,97
102,104,113,124,129,125,116,119,129,130,127,125,127,127,118,112,106,97,90,99,110,109,98,87
70,69,76,89,97,99,102,106,106,99,94,94,101,108,103,96,87,77,71,77,87,88,82,75
