0,0,0,0,0,0,0,0,0,0,0,0,0,1,3,4,3,2,2,0,1,1,1,1
0,0,0,0,0,0,0,0,0,0,0,0,0,0,1,2,1,1,1,0,0,0,0,0
0,0,0,0,0,0,0,0,0,0,0,0,0,0,1,1,0,0,1,0,0,0,0,0
0,0,0,0,0,0,0,0,0,0,0,0,0,1,3,1,0,0,1,1,1,1,1,2
0,0,0,0,0,0,0,0,1,1,0,0,0,0,2,1,0,0,1,2,2,3,4,4
0,0,0,0,0,0,0,0,0,0,0,0,0,0,0,1,1,2,3,4,6,8,8,7
1,1,1,2,2,2,1,0,0,0,0,0,0,1,2,3,5,6,7,10,12,11,9,5
5,5,8,12,16,14,8,3,0,0,0,0,1,5,11,14,14,14,16,23,24,20,11,5
8,8,14,23,30,26,15,5,1,0,0,0,3,10,19,23,22,20,20,30,32,24,13,5
3,4,10,18,22,20,12,4,1,0,0,0,3,9,16,19,16,13,13,18,19,14,8,3
1,1,2,4,6,6,5,3,1,0,1,1,2,5,7,7,6,5,5,7,9,9,7,4
0,0,0,0,0,2,4,3,1,0,1,1,2,3,3,2,3,3,4,5,9,13,15,15
0,0,0,0,0,2,4,3,1,0,1,1,2,4,5,7,12,14,12,12,15,20,26,31
0,0,0,0,0,1,1,1,1,1,2,3,5,8,12,17,25,28,22,17,18,22,29,37
1,0,0,0,0,0,0,0,1,3,5,8,11,14,17,21,26,25,17,10,9,11,14,17
0,0,0,0,2,2,1,0,1,2,4,6,7,8,9,12,13,11,8,7,6,6,6,7
0,0,0,1,3,4,1,0,1,1,2,2,3,3,3,5,7,10,13,16,14,11,8,7
0,0,1,2,3,4,2,0,0,0,0,0,1,1,2,3,7,14,21,23,21,16,11,10
1,1,2,3,3,3,2,0,0,0,0,1,1,0,1,2,7,14,19,19,18,14,11,11
2,1,1,1,1,1,0,0,0,0,0,1,1,1,1,2,3,5,6,6,8,8,9,12
3,2,1,1,1,0,0,0,0,0,0,0,1,1,1,2,2,1,2,4,6,7,7,9
2,2,1,1,0,0,0,0,0,0,0,0,0,0,0,2,2,3,4,7,8,7,6,6
4,5,5,3,1,0,0,1,2,2,1,0,1,0,1,2,5,8,13,16,14,13,10,6
8,11,11,7,3,1,1,3,5,4,2,2,2,1,2,3,8,15,25,28,22,20,16,7
