11,8,6,6,8,6,6,9,13,14,12,8,6,7,11,13,13,13,14,16,15,13,15,21
9,7,5,4,5,4,5,7,9,11,11,8,6,7,11,12,12,12,13,16,15,13,14,17
6,6,5,3,2,2,4,5,6,8,10,9,8,9,11,11,10,10,12,15,14,12,14,17
5,5,4,2,1,2,3,4,5,7,9,9,10,11,12,11,10,10,13,15,13,13,16,21
5,5,5,4,3,3,4,6,7,7,8,9,10,11,11,12,12,12,14,15,16,18,21,25
6,9,12,11,8,8,9,13,17,14,11,9,10,13,14,17,17,16,16,19,22,25,27,27
7,13,17,18,18,21,18,17,19,16,11,9,10,13,15,17,17,17,19,23,26,29,33,34
10,15,21,28,38,47,37,27,23,19,12,10,11,13,15,15,17,19,21,26,32,37,38,38
14,18,25,37,54,67,53,38,30,22,13,11,12,13,15,15,18,22,25,29,41,46,43,37
17,20,28,38,47,53,47,39,31,21,14,13,13,14,15,15,19,24,29,35,48,50,43,35
13,15,19,22,26,29,28,24,20,18,18,17,16,17,22,22,21,23,29,37,42,40,36,35
10,11,13,20,30,30,24,19,18,18,19,18,16,17,24,25,22,21,24,30,33,32,32,33
14,13,14,23,39,38,27,19,19,18,17,16,15,15,19,21,20,19,20,23,27,29,29,30
24,22,19,24,35,35,24,17,17,16,14,13,13,14,13,13,15,17,19,21,25,26,26,26
37,33,29,26,22,20,15,13,13,13,12,13,15,16,13,12,15,18,19,21,23,23,23,24
49,38,35,33,24,18,14,13,13,14,12,13,16,18,15,14,14,16,18,20,23,24,23,21
61,44,33,29,21,15,11,10,11,12,11,10,12,15,17,18,16,16,20,30,36,35,32,29
54,41,31,26,19,14,10,8,8,8,8,9,13,21,30,30,24,25,37,55,60,54,46,44
28,29,31,30,23,17,12,9,8,7,7,11,20,31,41,40,34,38,57,78,80,68,56,53
13,18,25,30,28,21,15,13,12,10,10,13,18,22,23,26,32,41,52,60,63,59,52,45
15,18,24,30,33,27,19,16,16,15,14,18,20,17,13,21,39,55,60,57,53,48,43,39
28,30,31,33,34,29,25,26,27,25,22,27,31,27,17,21,39,56,60,54,50,45,44,46
43,43,39,33,28,27,30,37,39,35,31,34,37,34,26,25,33,46,57,63,63,55,48,48
49,48,40,29,21,21,31,41,45,39,36,34,31,28,29,27,27,37,60,84,87,69,48,39
