27,30,33,33,34,38,39,41,44,46,49,51,51,49,45,48,47,41,33,35,39,42,48,57
24,28,30,31,32,35,38,40,41,41,42,45,48,49,44,41,37,33,32,32,37,43,51,57
23,26,29,30,33,36,41,44,42,36,35,38,42,43,40,35,33,33,32,30,32,38,43,46
25,27,29,32,36,40,47,49,43,33,31,34,36,36,36,34,35,36,35,30,31,32,34,35
29,28,31,35,38,45,51,48,39,32,31,34,34,32,35,34,34,35,37,35,37,38,36,34
28,25,24,28,37,45,44,40,36,35,36,37,33,27,25,26,27,30,35,37,41,43,43,41
36,28,22,22,29,35,34,32,33,36,39,43,39,30,25,25,24,26,32,36,41,43,43,45
41,30,21,19,22,26,26,26,30,36,42,44,42,35,30,27,24,25,31,33,37,39,42,45
39,28,21,20,21,23,24,25,28,36,42,41,39,37,34,28,25,27,31,30,31,35,42,47
31,26,25,25,23,25,30,29,27,34,39,37,35,35,33,29,28,29,30,29,27,33,45,54
31,31,32,30,26,27,32,30,25,28,33,32,29,26,25,31,37,39,37,35,31,35,46,56
30,31,32,32,29,30,32,31,29,31,32,29,26,25,25,31,38,44,47,44,40,41,47,55
27,28,31,33,33,34,35,35,36,37,35,30,29,32,31,29,34,45,54,49,46,46,50,55
25,25,29,33,34,36,38,38,39,38,36,33,34,39,39,31,32,42,51,48,46,48,52,56
24,24,25,27,29,33,34,34,32,31,32,32,35,40,43,38,36,37,41,42,44,45,49,54
19,20,20,23,27,32,31,31,31,31,36,38,40,44,50,44,37,35,37,40,46,48,51,53
24,21,22,30,41,46,41,36,36,35,42,44,44,46,55,50,42,36,36,37,41,44,46,46
40,34,32,38,47,53,48,42,42,48,55,51,43,41,48,50,46,38,30,27,27,30,33,33
55,49,43,39,35,40,41,38,42,61,69,57,42,34,35,42,46,38,23,15,15,18,22,23
49,47,40,29,18,21,26,28,36,57,66,56,45,39,33,37,40,35,25,18,21,30,34,33
36,33,31,32,33,38,46,49,48,46,39,35,36,40,40,41,37,32,29,25,31,40,43,38
36,28,27,35,42,53,67,72,62,38,21,17,24,36,48,51,47,46,51,54,57,55,50,45
37,29,29,34,36,45,60,67,56,28,12,10,19,38,61,69,69,72,81,90,87,72,59,58
29,28,32,33,24,22,31,39,34,16,7,8,22,46,75,87,89,91,98,111,104,81,67,72
