115,114,114,113,111,113,120,126,127,121,114,105,95,88,88,87,84,85,91,99,107,112,112,110
115,122,126,122,112,112,118,123,125,124,122,112,98,89,91,92,85,78,77,85,87,88,92,98
100,108,113,109,104,109,113,119,125,130,133,128,119,115,120,124,119,110,106,112,107,98,95,102
80,84,86,87,93,103,106,113,125,134,140,141,141,141,147,154,152,145,143,146,137,120,109,108
78,77,77,82,91,99,98,105,119,131,137,139,139,138,142,146,141,135,136,137,127,112,100,94
88,86,89,96,104,104,102,105,112,119,125,120,117,121,129,130,127,125,126,123,110,94,83,80
98,95,99,106,107,101,103,104,103,107,113,107,99,101,109,121,130,136,137,130,116,100,88,83
103,104,111,115,107,98,102,102,97,100,106,106,104,101,102,115,131,138,135,132,130,120,105,94
104,113,123,122,106,96,97,96,95,102,105,110,114,113,106,112,122,124,118,123,135,133,121,112
106,118,129,125,107,94,87,89,99,112,111,107,108,112,109,112,115,112,107,117,127,126,127,135
112,119,132,140,132,120,110,109,117,124,122,118,118,119,116,119,123,124,123,126,128,129,133,137
115,118,132,145,146,141,134,130,129,132,130,128,130,130,125,129,136,141,141,136,127,124,127,131
120,124,133,139,136,135,133,129,127,133,135,133,133,134,131,134,143,149,145,135,118,110,112,120
128,133,134,123,103,97,100,103,111,127,138,134,126,123,123,124,132,136,132,119,101,93,100,113
130,132,126,99,59,49,53,66,87,113,131,128,112,98,93,92,96,103,105,93,81,87,103,115
109,99,86,65,35,26,26,33,49,75,95,98,89,79,77,76,72,73,77,72,70,83,103,113
88,70,59,52,33,24,21,23,33,50,68,75,74,73,77,83,82,79,76,71,75,88,103,112
64,47,42,42,33,32,36,41,46,56,68,74,81,91,93,102,110,108,98,87,89,101,115,122
43,33,30,31,30,42,58,68,73,81,85,88,101,117,113,120,130,133,123,107,98,113,132,137
52,46,42,41,42,51,65,74,78,85,89,92,101,112,114,121,127,131,127,112,95,108,126,127
94,86,82,83,84,84,85,85,85,90,97,105,113,118,117,121,121,121,123,123,119,130,144,146
122,116,114,119,123,119,114,113,115,114,116,124,132,134,130,129,125,121,123,131,140,151,158,158
121,122,128,136,142,136,134,136,138,135,131,133,138,142,139,139,135,131,131,133,141,151,155,153
104,114,127,138,143,136,135,136,136,134,132,129,129,132,137,142,142,142,141,130,126,135,142,140
