35,37,33,24,18,19,23,26,27,29,29,24,19,18,24,28,29,33,45,63,84,86,63,34
54,46,36,30,30,37,38,31,24,26,27,22,18,17,22,31,38,43,44,44,56,66,58,39
59,48,37,32,36,49,49,39,30,33,30,24,19,18,21,31,42,48,47,44,47,55,58,52
44,39,33,30,33,43,45,40,36,38,32,25,20,18,20,28,37,42,42,44,45,48,52,54
25,26,28,30,30,30,31,33,33,31,26,24,21,17,19,25,29,29,25,23,25,29,33,35
23,25,30,37,45,54,53,47,38,29,32,39,35,23,24,33,36,31,24,20,23,26,27,26
24,26,36,49,58,79,82,71,52,39,41,47,45,41,46,46,47,50,53,48,44,42,37,29
18,22,37,53,57,71,78,70,55,45,45,44,43,46,57,49,49,61,76,76,67,61,51,37
9,16,33,47,46,46,57,60,52,43,41,38,34,37,50,43,42,54,73,77,71,65,54,40
7,16,28,36,36,43,61,70,59,39,34,35,31,28,37,36,33,36,45,48,48,46,38,30
9,17,27,29,26,40,57,62,50,31,23,23,24,25,29,29,28,24,19,17,19,23,25,23
12,15,20,20,18,28,37,38,32,26,21,20,21,22,26,27,26,19,8,5,10,16,19,19
13,13,14,14,13,18,21,20,20,23,23,23,23,23,26,26,26,20,10,7,12,16,17,16
11,11,12,11,11,14,16,17,18,21,24,26,27,27,27,27,26,22,16,12,14,16,15,13
9,9,10,10,10,13,15,17,18,19,22,26,29,29,30,31,28,23,18,14,13,12,11,10
8,8,9,9,10,11,13,16,18,20,23,27,31,33,34,32,27,22,19,16,13,12,12,12
9,8,8,9,9,10,11,13,16,19,23,28,31,33,33,30,26,22,21,19,16,16,16,16
9,9,9,9,9,10,11,13,15,18,22,25,28,29,29,28,25,23,23,23,21,19,19,20
9,9,9,9,9,11,12,13,15,17,19,21,23,24,25,26,26,25,24,25,24,22,21,22
7,8,8,8,8,10,11,12,14,14,17,18,20,23,26,26,27,26,24,24,23,22,22,23
6,7,8,8,9,9,10,12,13,14,17,20,22,24,25,27,27,26,23,23,24,24,22,20
7,8,9,10,10,10,12,13,14,17,22,25,26,25,22,24,25,23,21,21,22,22,21,18
10,10,11,13,14,15,16,17,18,23,27,30,29,24,20,20,22,22,20,19,19,20,21,20
11,12,13,16,18,20,22,22,23,28,30,30,28,24,20,19,21,21,20,19,19,20,23,25
