11,9,15,23,23,16,20,29,33,24,18,20,31,48,63,68,70,70,68,70,65,57,54,61
18,15,19,25,24,18,22,28,28,22,21,22,27,35,42,47,52,54,52,52,51,49,50,55
40,33,33,36,34,33,35,33,27,22,22,24,27,32,35,37,40,43,45,48,50,51,53,56
53,44,40,40,41,44,44,39,31,27,28,36,46,53,54,50,45,45,51,61,66,64,62,63
38,31,26,28,32,34,34,34,35,40,43,61,82,90,81,68,57,54,61,75,82,74,65,66
24,21,17,13,12,15,21,29,41,61,59,69,83,86,74,63,59,61,67,72,68,57,50,50
20,24,24,19,13,15,23,33,45,61,54,53,56,58,55,54,58,63,65,57,46,40,36,33
23,23,23,19,15,19,24,28,34,44,48,49,53,59,66,70,67,61,53,39,31,36,40,35
24,16,12,13,14,19,21,19,19,27,49,63,75,87,93,92,75,54,38,27,26,41,53,53
19,11,8,10,14,17,20,20,20,28,53,69,84,95,90,78,62,46,34,29,29,40,56,67
16,12,9,10,12,14,16,20,26,33,42,45,49,53,47,40,43,46,42,39,43,50,58,64
15,15,12,8,6,6,10,17,24,25,25,28,39,54,58,56,69,72,59,60,63,61,60,62
15,16,13,7,3,4,9,14,17,15,15,22,42,67,84,91,100,93,73,76,73,70,72,77
13,14,11,7,5,8,13,15,14,13,17,25,41,64,86,97,98,86,70,74,68,72,84,93
10,11,10,9,10,13,18,20,20,22,28,30,35,45,53,58,57,54,52,57,54,60,69,73
11,12,12,12,14,18,26,35,43,51,56,48,41,44,53,54,54,57,62,65,56,50,50,51
15,15,16,17,19,24,35,44,52,61,67,56,47,49,58,59,62,65,65,61,50,39,34,36
19,19,20,22,25,31,39,45,50,58,64,56,48,48,55,56,59,60,54,44,39,33,31,33
23,22,23,26,31,36,38,41,47,54,59,53,45,43,46,46,46,46,44,36,35,37,39,40
26,25,25,27,31,34,39,45,50,50,53,55,52,49,50,48,48,51,56,57,52,49,47,46
23,25,26,25,26,27,32,39,42,40,44,49,53,56,55,51,49,54,61,59,49,45,45,43
19,21,22,23,22,23,26,30,32,33,37,43,47,49,48,43,40,41,45,47,49,51,49,42
18,18,20,22,22,24,25,29,33,38,46,52,53,49,44,38,32,28,28,36,53,64,58,44
21,20,21,24,25,27,30,36,44,54,66,74,73,64,52,44,35,27,25,33,55,70,65,48
