77,72,63,56,54,57,58,56,56,62,67,76,86,94,96,93,80,77,88,89,81,62,48,49
64,62,60,59,61,65,67,64,63,69,70,70,73,77,78,67,57,64,83,85,69,45,29,30
64,67,71,74,76,72,71,66,62,68,68,63,63,69,73,62,56,63,77,78,67,43,24,19
76,80,82,82,83,73,68,60,54,58,60,58,60,68,75,71,68,68,72,75,71,54,39,36
78,79,74,70,72,71,65,55,49,51,54,56,58,63,67,71,70,67,69,76,67,58,61,73
54,52,51,56,70,86,77,63,56,61,71,75,73,68,65,75,82,80,75,78,61,54,67,86
28,28,31,41,59,80,74,67,68,75,84,88,87,83,79,84,95,92,78,75,55,47,59,78
24,24,26,33,46,63,63,65,74,85,91,95,101,104,100,97,103,102,90,85,64,47,46,57
42,41,40,42,50,60,61,61,65,75,83,88,97,107,106,103,104,101,93,89,72,48,34,36
60,62,65,70,75,83,72,53,40,38,49,56,64,73,79,93,99,87,67,63,57,42,27,22
57,59,64,70,72,71,52,30,16,14,24,37,44,46,50,69,87,82,56,41,37,29,18,13
54,54,54,54,54,50,34,19,12,9,13,21,27,29,32,46,61,62,47,31,23,17,11,7
50,45,42,42,41,39,30,24,24,21,19,20,23,27,34,44,52,53,45,29,19,15,12,8
51,40,37,40,39,42,38,38,41,41,36,32,32,37,46,58,62,59,50,32,23,22,21,16
58,52,45,41,41,49,49,48,51,55,47,43,45,50,54,61,60,56,52,39,32,32,32,28
60,58,47,40,46,56,54,49,47,46,38,39,46,52,54,56,53,47,39,33,29,27,30,35
49,47,38,34,46,53,49,43,39,34,28,24,30,43,54,52,50,45,35,29,23,20,24,33
41,36,30,32,45,50,47,42,39,38,35,23,21,36,58,54,53,53,48,38,28,24,32,45
45,41,37,40,53,58,55,47,46,56,58,43,30,36,59,65,66,71,73,61,42,38,54,75
55,56,53,56,74,78,60,43,44,64,72,61,44,38,52,77,89,96,98,79,50,47,66,86
49,54,51,48,58,58,42,30,36,56,62,52,38,32,43,67,79,83,80,64,48,50,63,74
40,43,39,34,38,42,38,39,51,67,64,50,34,26,31,41,45,45,43,35,38,49,59,62
30,29,25,21,25,37,48,63,77,81,74,60,46,40,41,37,34,35,36,30,44,59,61,51
24,20,16,14,18,36,59,82,93,83,77,71,67,68,71,62,58,63,68,53,66,78,66,39
