40,50,71,84,80,72,89,112,122,115,108,98,92,95,102,102,119,133,127,105,80,77,88,95
32,33,48,64,62,59,79,97,99,91,94,88,80,78,84,85,108,127,119,96,77,79,98,115
42,43,61,77,70,62,75,87,85,71,69,71,78,89,101,107,125,131,109,80,62,75,115,154
65,82,108,120,105,92,93,102,101,81,64,70,96,128,148,159,168,158,127,98,79,96,146,192
80,118,150,155,142,137,137,144,147,127,99,102,133,170,188,196,202,198,184,170,153,164,193,214
63,105,147,162,155,167,184,193,190,172,140,148,180,202,193,182,184,195,207,211,210,212,218,222
74,92,110,121,132,157,179,184,171,147,122,139,169,181,163,153,166,192,212,217,219,219,217,214
116,121,113,108,125,152,164,159,142,123,115,137,164,173,159,153,169,195,214,217,218,217,214,210
140,150,134,116,128,149,148,133,114,106,115,137,160,171,157,153,163,181,200,214,218,219,218,217
97,112,107,94,100,116,115,96,73,62,75,94,116,124,100,100,109,125,152,190,203,212,220,223
58,55,50,49,57,76,78,64,44,34,35,48,67,78,62,55,57,69,91,126,142,161,179,187
42,34,28,28,35,57,58,41,23,21,29,41,56,68,62,49,44,46,55,71,73,85,100,109
30,26,24,26,32,43,40,26,13,16,33,46,58,67,66,48,37,39,51,68,59,48,46,53
15,19,30,43,52,42,35,28,21,21,34,47,58,65,65,39,26,36,66,102,97,63,38,39
7,20,51,83,92,73,66,59,48,40,38,49,64,74,74,44,32,43,72,114,125,89,46,34
15,26,50,73,77,63,60,56,47,41,44,57,71,79,74,48,39,48,73,115,131,113,77,49
65,66,70,76,76,73,77,77,72,69,80,93,107,116,109,95,83,78,88,130,149,150,127,94
131,126,121,119,121,124,129,128,123,121,134,145,155,161,154,146,134,122,123,154,172,182,174,153
178,177,177,180,183,184,183,177,169,168,178,186,189,186,179,169,161,158,162,176,188,197,200,197
186,187,188,190,192,191,184,175,170,173,182,188,189,186,182,173,167,171,181,193,199,199,199,199
182,185,185,185,188,192,186,179,178,184,187,190,190,189,187,183,182,186,192,196,201,204,204,203
183,187,189,190,192,195,194,191,192,198,200,200,198,196,196,194,192,192,195,198,201,205,209,210
193,193,196,199,199,197,200,201,203,209,211,211,208,205,205,202,199,196,197,202,203,207,213,217
203,199,199,201,201,197,200,203,205,212,214,214,213,212,207,205,205,204,203,208,207,211,217,221
