172,182,188,187,184,173,154,136,129,138,142,151,162,168,164,153,152,159,166,165,163,165,169,169
173,183,186,177,158,130,101,80,74,86,96,110,120,128,146,157,162,165,170,172,169,170,173,176
177,179,175,155,116,79,52,35,30,39,49,57,64,81,120,150,165,171,177,181,179,178,179,180
175,169,165,148,106,71,56,46,38,41,43,38,40,65,112,140,156,168,177,183,184,184,182,177
160,156,163,165,143,116,109,100,87,82,80,70,70,93,132,140,142,149,163,172,179,182,178,171
148,149,159,162,142,118,121,123,109,89,84,93,109,125,134,135,134,138,146,155,166,173,170,163
148,150,157,158,143,127,125,123,110,93,92,110,132,147,150,148,138,131,129,120,126,143,155,155
159,161,163,161,151,141,135,129,119,107,109,125,145,158,158,153,137,123,113,97,97,118,140,146
171,174,174,169,162,157,151,144,135,125,121,127,139,146,141,144,136,126,119,108,106,119,135,143
176,179,179,175,170,170,165,153,139,125,110,107,107,104,104,129,147,155,157,154,149,146,148,154
185,183,181,177,172,175,172,152,120,96,89,98,102,97,101,129,155,168,170,171,168,168,169,169
188,183,178,175,173,176,170,147,116,95,94,104,109,106,109,129,151,163,163,161,162,166,171,172
183,178,172,167,164,167,165,152,133,121,118,122,126,126,126,134,149,159,157,157,158,158,161,164
170,168,163,155,145,146,155,159,154,147,140,139,145,150,149,148,157,163,162,167,166,158,154,157
152,152,151,142,127,127,140,149,147,143,139,145,157,169,170,166,169,169,165,172,173,167,161,162
144,140,142,144,141,145,150,149,146,145,150,154,162,172,174,170,172,171,167,169,173,172,168,167
156,153,154,157,158,161,161,156,149,146,149,151,157,165,169,168,167,165,160,157,166,171,168,161
172,173,172,170,169,168,166,161,153,148,148,151,158,164,165,162,159,156,152,148,158,167,163,150
179,183,182,177,173,168,164,159,155,154,154,161,166,167,162,155,151,151,152,151,157,165,162,150
181,182,180,175,170,162,156,156,159,161,163,164,157,148,145,147,148,152,159,165,168,171,171,166
172,176,177,175,174,169,164,164,166,166,164,152,140,135,143,154,160,160,159,163,169,173,173,171
159,165,172,178,182,178,172,169,169,168,163,151,144,147,156,163,167,166,162,164,167,170,171,170
153,160,169,177,183,180,174,169,166,166,164,161,162,167,172,169,167,166,167,168,167,167,167,167
159,164,168,173,177,174,171,166,162,164,167,171,174,178,180,172,164,164,169,172,169,165,164,167
