2,2,2,1,0,0,1,2,3,3,2,3,3,4,4,4,5,5,6,6,8,8,9,10
3,2,2,2,1,0,0,1,2,2,1,2,3,4,4,4,5,6,7,9,14,18,21,23
3,2,2,2,1,0,0,1,2,2,2,2,3,5,6,8,10,13,16,22,29,34,37,38
2,2,1,1,1,1,2,2,3,3,4,3,4,6,8,11,16,20,26,33,36,38,38,37
1,1,2,2,2,3,4,4,4,5,6,6,7,8,9,11,15,20,25,27,24,19,18,19
3,3,4,5,5,6,7,7,7,7,8,9,9,10,9,10,12,14,15,16,14,12,11,12
3,4,5,7,9,11,13,12,10,8,9,9,10,10,10,10,10,9,10,12,12,11,10,10
2,3,6,11,17,23,25,22,14,10,9,9,9,9,10,10,8,7,9,11,11,10,9,10
2,2,6,14,22,29,31,25,15,9,7,7,7,7,9,9,7,6,9,11,10,10,9,9
4,4,6,11,15,17,15,11,7,5,4,4,5,7,9,8,6,6,9,11,10,10,10,9
4,3,6,9,9,7,5,3,2,2,2,2,5,7,9,8,7,6,7,8,9,10,10,9
3,2,4,8,8,6,4,2,1,2,3,4,6,7,8,8,7,7,7,7,8,9,9,8
2,1,3,5,6,6,3,1,1,3,4,5,6,7,7,7,7,7,7,7,8,8,8,8
1,1,1,2,3,3,2,1,2,3,3,4,5,6,6,7,7,6,6,7,8,8,8,8
0,1,3,4,4,4,3,2,2,2,2,3,3,3,4,6,6,4,3,5,7,7,7,6
0,1,3,4,4,4,4,4,3,2,3,3,4,4,4,6,6,3,2,3,5,4,4,4
0,1,1,2,2,3,4,4,4,4,5,8,8,6,5,5,3,2,1,2,2,3,3,3
0,0,0,0,1,2,3,5,6,7,9,13,13,9,5,3,1,1,1,1,2,2,3,3
0,0,0,0,1,2,3,5,7,9,10,13,13,9,5,3,2,2,1,1,2,3,3,3
1,2,2,2,2,4,5,5,6,6,6,6,6,4,3,4,4,4,4,4,5,6,6,6
2,2,2,3,4,5,6,7,6,6,6,6,6,5,5,5,6,7,7,6,6,7,9,11
2,2,2,3,3,4,6,7,7,7,8,8,8,7,7,7,8,9,8,7,6,8,9,11
4,3,3,4,7,8,12,18,22,17,15,16,16,14,12,10,10,9,8,7,7,7,7,8
5,4,4,7,14,18,25,39,46,34,26,27,29,26,19,13,11,9,7,5,6,6,6,5
