100,104,112,120,125,115,109,106,107,111,119,125,128,132,137,143,148,143,127,106,100,122,149,159
88,99,116,127,128,112,101,93,86,86,97,109,120,134,153,173,185,182,158,112,77,78,98,112
87,97,112,124,125,116,111,99,83,76,89,102,118,140,168,192,202,200,184,146,103,82,85,95
92,95,99,106,115,120,125,116,99,93,104,111,120,136,161,177,182,183,184,175,151,131,123,126
81,84,79,78,93,108,115,114,113,119,124,121,115,115,127,136,145,153,159,164,166,165,164,165
47,43,34,32,49,73,84,90,99,111,116,108,97,92,99,106,114,122,132,144,151,150,148,151
55,48,38,31,35,47,59,63,66,81,89,80,70,70,77,82,86,91,101,121,134,127,125,139
88,77,64,49,35,35,47,52,56,74,91,74,52,47,59,71,80,83,87,106,126,125,127,143
112,101,91,76,52,47,54,63,77,99,119,98,65,51,67,91,102,98,90,103,127,133,133,137
102,102,108,109,93,85,79,88,109,127,137,129,111,100,118,142,140,120,103,111,130,127,110,100
79,84,99,112,112,114,109,108,110,109,112,120,126,130,140,156,154,136,118,117,132,133,120,107
60,70,85,95,98,103,103,99,87,71,69,80,93,106,120,128,121,107,100,123,155,165,154,141
50,64,76,80,81,83,89,84,67,47,48,53,58,64,78,81,72,60,61,91,131,149,145,135
61,73,81,81,79,79,83,75,55,41,46,46,38,33,37,41,37,29,26,39,63,84,92,89
103,106,103,96,89,86,81,62,37,28,28,26,21,16,17,26,31,30,26,24,29,43,59,67
150,152,147,129,100,85,74,53,29,16,13,11,12,17,26,35,43,46,44,41,39,38,42,49
161,162,159,146,124,111,95,65,33,22,26,24,20,23,36,51,59,61,60,62,59,60,65,68
159,157,153,146,138,133,123,96,65,53,69,70,62,59,67,80,84,80,78,88,91,103,113,112
158,156,149,142,139,137,140,133,111,90,110,119,116,108,107,108,108,106,107,118,123,137,147,145
145,148,148,148,148,149,160,157,126,83,95,113,114,103,95,90,98,120,142,138,122,117,120,124
147,153,152,151,156,159,165,145,97,50,57,77,80,62,46,40,49,71,92,95,94,96,104,114
149,156,150,142,147,147,143,111,63,30,37,56,58,38,21,18,30,40,43,46,52,60,72,85
137,147,144,135,128,108,94,69,39,27,39,55,51,32,17,17,28,33,27,27,30,36,45,54
119,130,141,138,114,67,47,37,30,32,50,60,50,29,18,15,23,32,36,37,38,40,42,43
