129,122,130,141,138,143,139,137,141,150,183,185,165,148,161,178,188,184,172,164,169,170,175,188
98,85,85,96,104,121,128,122,112,115,153,177,169,143,136,152,165,163,149,138,144,153,162,170
99,88,84,93,113,137,150,146,131,118,139,175,190,174,153,144,146,153,155,151,154,159,162,164
136,132,128,135,156,174,181,181,172,154,152,177,202,205,187,158,152,164,180,182,184,181,176,175
169,167,167,172,177,180,178,177,176,173,170,172,179,187,184,175,176,183,185,183,186,190,191,188
160,159,160,164,165,160,158,158,158,158,158,158,162,168,173,174,175,174,171,169,171,179,185,185
163,162,163,162,155,141,137,143,151,150,150,152,155,161,165,167,167,167,167,165,168,175,180,181
164,161,160,157,146,137,135,141,149,150,149,150,155,160,158,157,159,164,166,169,173,174,175,177
143,142,145,141,127,132,136,137,140,151,153,153,156,158,145,145,155,161,160,167,175,173,169,170
104,111,124,118,90,104,115,116,121,146,161,161,157,150,131,135,152,156,146,153,171,175,170,165
105,109,112,94,56,69,91,108,121,139,159,162,158,155,151,149,153,153,151,161,181,192,189,180
113,94,80,64,39,59,88,104,112,129,151,158,158,162,174,172,165,157,157,171,190,203,199,185
92,65,48,41,34,58,84,88,83,97,120,144,159,165,170,172,161,152,156,178,194,201,191,173
58,47,40,38,36,54,68,63,50,57,76,119,152,158,146,149,142,140,156,184,195,191,175,159
67,65,61,53,43,50,57,53,45,47,55,90,122,133,130,134,134,143,168,191,193,183,171,164
65,67,69,65,57,62,71,69,58,55,63,84,98,100,95,100,118,137,153,174,180,175,166,162
73,83,93,96,89,78,74,71,64,52,58,76,91,93,83,83,114,144,157,177,181,176,163,147
94,101,113,121,112,81,62,61,62,51,51,61,76,87,87,91,123,154,170,190,190,185,172,153
112,102,104,111,102,68,48,48,57,58,54,49,53,68,88,108,134,157,175,193,195,194,189,181
99,80,67,66,66,57,44,39,42,46,55,56,55,60,76,105,132,154,170,178,184,186,186,186
83,67,56,55,56,53,47,40,33,28,32,38,41,42,48,62,84,115,147,162,169,170,173,182
66,58,55,52,45,42,45,46,39,25,22,27,32,33,31,32,45,67,92,115,138,155,171,185
50,48,44,38,31,31,43,53,51,35,33,37,41,43,41,36,42,53,68,91,130,163,183,189
42,37,24,15,20,31,47,59,59,47,52,55,59,63,66,59,64,80,99,117,158,190,198,189
