199,189,191,197,192,190,192,192,197,211,207,200,198,204,212,218,222,222,221,222,220,219,222,226
178,170,173,177,168,173,188,192,189,192,188,190,197,207,219,222,222,217,210,211,211,211,214,220
166,167,175,176,164,167,190,199,189,176,168,180,199,215,223,223,220,211,201,206,210,209,208,213
173,181,191,193,183,179,197,207,198,179,169,182,204,218,222,222,219,212,205,212,218,215,212,213
187,192,197,200,201,198,201,203,201,197,194,199,206,213,219,223,223,220,218,221,224,224,223,221
184,182,183,188,195,196,194,191,190,191,193,200,208,214,217,217,216,214,213,215,220,224,225,224
181,181,183,188,193,196,194,192,192,192,194,200,207,212,214,214,215,215,214,213,216,219,222,223
177,178,183,186,186,191,193,195,196,193,189,194,200,202,206,212,218,221,218,215,214,213,213,215
169,172,178,182,179,185,190,196,200,194,185,189,191,188,195,209,220,224,222,219,218,213,209,208
160,168,178,184,185,189,188,196,205,202,198,200,192,182,193,207,218,223,223,224,224,223,219,215
173,183,192,197,199,203,199,198,202,203,205,209,208,206,210,215,218,220,222,224,226,225,224,223
172,186,201,207,206,201,198,194,190,189,195,207,213,213,213,214,213,213,214,217,220,221,220,218
159,171,185,195,196,187,184,181,171,156,158,175,190,197,208,208,202,198,199,201,210,217,215,209
149,144,142,150,163,162,164,168,162,135,132,148,167,183,206,207,197,191,192,194,207,216,216,210
151,118,89,87,113,134,150,172,187,173,173,184,193,203,217,218,215,213,212,213,220,223,224,224
144,100,62,68,122,170,186,194,201,201,201,203,207,211,214,218,220,220,219,223,225,224,224,226
129,99,69,74,127,175,187,191,197,198,192,189,188,191,200,211,215,212,212,220,220,215,211,213
139,129,113,110,135,158,164,176,190,192,180,172,168,172,191,205,203,196,197,210,211,198,188,188
174,176,170,162,161,158,158,174,196,200,189,178,173,179,198,204,196,187,190,207,208,190,174,173
189,191,191,190,193,192,193,201,209,211,211,208,204,204,211,213,214,213,214,219,219,210,201,200
194,197,197,194,193,194,199,204,208,210,212,212,211,211,211,212,213,212,212,213,215,212,210,214
194,195,196,197,196,197,201,205,206,207,209,209,208,208,206,208,210,211,212,213,214,214,215,218
192,191,193,197,202,203,205,207,208,208,208,208,208,207,205,207,209,212,214,217,218,218,218,220
189,190,190,194,204,207,209,210,211,209,207,209,211,212,210,209,209,210,214,218,219,220,222,224
