90,69,54,51,57,90,123,146,155,150,144,142,149,160,160,160,162,164,164,163,161,161,163,164
90,71,53,48,62,97,116,127,135,139,139,136,137,142,144,144,145,146,148,149,151,153,154,154
118,104,90,90,106,131,135,135,139,143,145,144,144,145,146,147,147,147,150,153,156,157,157,157
147,143,142,145,152,162,161,158,157,157,157,160,163,164,163,161,161,162,165,168,171,169,167,169
147,153,162,165,158,160,159,158,160,164,164,166,171,174,172,166,162,163,168,174,175,173,171,171
143,149,161,168,160,154,148,148,156,165,165,165,167,171,172,166,157,153,156,162,161,157,153,152
154,152,154,160,166,153,133,132,145,153,152,145,141,149,166,171,161,148,142,152,149,145,144,147
143,144,137,137,151,148,133,134,146,148,146,137,130,137,162,179,175,159,145,146,147,149,151,154
119,131,130,126,136,146,148,154,160,157,154,151,147,149,169,187,188,177,161,146,151,161,166,166
115,134,151,159,159,164,168,171,173,172,171,172,172,174,181,188,189,183,169,150,152,163,171,174
143,151,162,170,174,177,174,170,168,170,168,156,145,145,165,176,177,174,166,151,143,143,150,157
166,168,173,179,181,178,173,166,162,164,159,147,138,142,165,175,175,173,171,163,154,144,139,140
175,171,175,180,178,167,160,153,150,154,152,148,145,150,164,176,178,178,180,180,173,160,148,143
177,169,170,175,170,155,147,140,138,146,151,153,153,155,161,173,180,181,181,182,181,173,164,160
182,178,176,174,167,155,152,145,139,146,153,155,157,160,168,174,176,173,164,156,162,167,168,168
164,163,170,173,163,146,151,153,149,150,152,146,143,147,154,156,161,162,152,139,150,161,165,165
152,149,154,161,158,149,153,155,152,149,150,147,146,150,150,152,161,165,158,149,158,167,167,161
152,150,154,159,161,162,166,167,162,153,153,156,157,153,143,151,164,167,157,150,158,165,163,154
156,163,171,174,172,176,183,184,175,158,157,161,156,139,127,145,161,158,142,138,148,157,156,149
153,162,175,181,177,179,177,168,154,144,150,149,134,119,128,147,156,154,152,160,170,174,169,162
152,152,161,174,182,186,177,160,144,141,149,156,158,158,165,168,163,160,163,170,177,174,168,165
143,140,147,161,173,182,177,162,149,149,154,158,161,165,168,168,162,156,158,170,175,173,161,147
131,136,140,144,151,159,154,149,150,152,148,139,135,138,140,140,134,123,119,138,146,147,129,98
124,141,141,131,131,131,115,120,140,143,129,110,105,112,114,105,93,75,65,88,100,103,81,44
