144,146,149,151,153,156,161,159,149,139,145,153,160,167,172,173,173,170,164,157,158,155,156,162
129,137,146,151,153,154,162,164,155,145,151,161,168,169,168,164,166,168,163,157,161,163,166,170
136,142,151,158,160,159,163,162,155,149,155,168,176,174,166,159,160,165,168,169,175,181,184,184
167,167,170,174,177,175,172,167,162,160,165,176,183,182,174,165,163,167,175,186,192,198,201,199
199,194,191,193,196,196,192,188,184,182,184,188,192,191,189,183,176,174,181,193,200,206,210,210
199,194,191,193,198,201,198,195,192,189,191,198,202,200,196,187,179,177,184,191,196,203,211,216
187,184,183,186,191,196,197,198,199,196,195,199,201,197,191,182,177,180,184,183,186,198,209,214
186,183,181,181,184,189,195,203,206,201,194,191,189,185,180,176,177,177,170,153,159,179,196,199
184,181,175,169,169,177,187,195,195,184,172,166,163,161,160,160,162,154,132,105,116,142,161,165
154,149,140,134,137,150,160,160,147,127,119,117,119,121,121,121,117,101,76,61,73,93,108,113
95,86,75,72,81,98,111,112,95,65,54,54,57,61,63,64,67,67,64,65,75,83,83,78
58,53,45,42,50,63,74,74,56,27,18,19,22,26,31,36,39,43,46,50,53,55,52,48
61,59,53,48,52,64,73,69,47,20,14,15,16,19,30,36,35,32,32,32,31,31,31,31
96,95,87,80,84,95,99,87,61,35,29,27,25,28,43,50,44,34,27,24,23,25,28,29
132,136,132,124,121,120,109,88,64,46,41,35,31,34,47,54,51,39,27,22,24,28,29,28
119,124,121,107,87,71,59,47,38,32,29,24,23,26,35,43,45,37,24,19,22,25,29,33
111,115,111,97,76,54,42,38,40,43,42,38,36,36,38,42,46,43,31,23,23,25,30,36
120,130,134,127,115,96,84,80,84,94,97,96,93,88,83,82,87,86,75,64,61,61,63,65
120,145,164,168,168,161,149,141,143,156,166,168,165,160,154,151,156,157,149,141,138,136,132,128
68,98,126,143,154,168,169,162,159,170,182,184,182,181,182,184,190,194,195,198,199,197,194,191
82,101,124,141,152,171,181,183,182,186,187,179,168,164,170,180,192,201,205,209,210,210,208,208
134,142,155,164,166,177,186,189,190,191,190,179,163,154,163,176,187,192,193,193,199,204,206,206
176,178,183,186,182,185,188,188,188,191,193,188,177,166,173,184,189,187,184,182,191,200,206,207
185,183,187,191,188,190,191,189,187,192,195,199,195,187,188,196,198,195,190,188,194,204,212,214
