74,74,75,75,74,74,75,75,76,75,74,75,76,74,71,72,74,75,75,74,75,76,76,76
75,74,74,74,74,73,74,75,76,74,75,75,75,75,73,74,76,76,76,75,75,75,76,76
76,75,74,74,74,74,74,75,75,74,75,75,75,75,75,74,75,76,76,76,75,75,75,75
75,75,75,74,74,75,75,75,75,74,75,75,75,75,75,72,71,73,76,76,76,75,75,75
76,76,75,75,75,76,76,76,75,75,77,76,75,76,75,67,64,69,75,77,77,77,76,76
78,77,75,75,76,76,77,77,76,76,76,76,76,75,72,60,58,66,75,78,78,78,78,78
78,77,76,76,77,77,78,78,77,77,76,76,73,68,61,51,47,54,68,76,77,78,78,78
78,77,76,76,77,77,77,77,77,77,77,76,71,59,45,37,32,38,53,69,75,76,76,78
77,77,77,77,76,77,76,76,77,78,78,78,70,50,29,23,19,23,38,57,68,70,71,77
77,77,77,77,77,78,78,77,78,79,79,79,67,43,21,13,9,12,25,44,57,56,59,72
79,79,79,79,79,80,80,79,78,80,79,78,61,33,15,9,6,6,15,38,49,43,48,69
78,79,79,79,80,80,80,79,79,79,79,73,53,24,9,6,4,4,12,40,46,37,39,60
79,80,79,79,80,80,80,80,80,77,68,59,40,16,6,5,4,4,12,37,39,32,33,47
81,81,80,80,80,80,81,82,81,75,51,37,25,12,5,5,5,6,11,26,25,23,27,33
83,82,81,81,81,81,82,83,82,75,44,22,14,11,5,5,7,7,7,10,8,10,14,18
84,83,82,82,82,82,81,82,82,75,44,18,8,9,5,5,7,7,5,4,3,4,5,6
83,82,83,83,83,83,82,83,83,77,49,20,5,5,3,5,6,6,5,4,5,3,2,1
83,82,83,84,83,84,83,84,84,76,49,21,5,3,3,5,6,6,6,5,6,4,1,1
82,82,83,84,83,83,83,84,81,69,41,18,6,5,5,6,5,5,5,3,4,2,1,0
83,82,83,83,84,83,82,79,72,57,34,16,7,5,7,7,5,4,4,3,2,2,1,0
85,85,85,85,85,85,79,67,54,49,41,25,12,8,8,6,3,2,4,5,4,2,1,0
85,86,87,87,87,86,75,53,35,35,34,24,15,10,8,5,1,1,2,5,4,2,1,0
86,87,87,87,86,85,67,39,19,19,18,15,12,9,6,3,1,1,2,3,3,3,3,3
87,87,87,87,85,82,59,30,10,8,8,8,7,6,3,2,1,2,3,1,2,5,6,6
