77,76,76,76,77,76,76,76,76,77,78,79,79,79,79,78,78,79,80,79,78,78,79,80
77,76,76,76,76,76,76,76,76,78,78,79,79,79,78,78,78,79,80,79,78,78,80,81
76,77,77,77,77,77,77,77,77,78,78,78,78,78,77,78,79,80,80,78,78,78,80,81
76,77,78,78,78,78,78,78,78,78,78,78,78,77,78,79,81,81,79,78,78,79,80,81
77,77,77,78,79,78,78,78,79,79,78,78,78,78,80,80,82,82,80,78,78,79,81,81
77,76,75,76,76,77,78,78,79,79,78,78,79,80,81,80,81,82,81,81,80,81,82,82
78,73,71,72,73,74,77,79,80,80,79,80,80,81,82,81,81,81,80,81,81,81,82,82
77,69,64,63,62,68,76,80,81,81,80,81,81,81,82,82,81,81,81,81,81,81,81,82
76,65,55,49,45,55,72,81,81,80,80,81,81,81,82,82,82,82,82,82,81,81,82,83
74,60,45,33,26,37,62,78,80,79,81,82,81,80,81,83,84,84,83,82,81,82,82,83
68,51,32,20,15,19,45,67,75,77,82,83,82,81,81,83,84,84,83,83,83,83,83,82
50,33,19,14,10,9,29,48,61,72,82,83,82,81,82,83,84,85,84,84,84,84,83,83
26,15,10,11,9,6,16,28,42,64,80,83,80,81,83,84,84,85,85,85,84,84,84,84
10,5,7,10,9,5,7,13,26,54,77,77,74,79,84,84,84,84,85,85,84,84,85,85
5,4,8,11,8,3,3,5,18,47,67,62,60,72,84,85,84,85,86,85,84,84,85,87
3,3,7,10,6,2,1,3,13,35,46,39,43,64,82,84,84,86,87,86,85,85,87,88
1,2,5,8,5,2,1,2,7,18,23,19,27,52,75,79,83,86,87,87,86,87,88,89
1,1,5,7,5,2,1,2,3,6,8,7,17,40,60,70,79,86,88,87,87,88,89,89
0,1,5,7,5,2,1,1,2,3,3,3,12,29,44,61,78,87,88,88,87,88,89,90
0,3,6,7,4,2,1,1,0,1,1,3,9,21,40,67,83,88,88,89,88,88,89,89
1,4,8,9,6,6,3,1,0,0,1,3,9,24,55,80,89,88,88,90,90,90,90,90
3,6,10,10,8,7,4,1,0,0,1,4,10,27,61,83,90,89,89,91,91,90,90,91
5,7,9,9,8,6,2,0,0,0,1,3,9,23,50,69,80,86,90,91,90,90,90,91
7,7,8,8,7,4,1,0,0,0,0,2,5,14,33,48,64,80,90,91,90,89,88,88
