134,157,174,171,149,122,125,130,111,61,29,22,25,29,31,65,129,169,167,167,170,178,185,190
199,205,207,196,168,128,98,79,62,40,28,26,27,27,27,60,128,174,173,170,175,179,183,186
231,229,228,221,203,172,114,61,32,29,28,27,26,27,34,73,143,189,190,183,182,182,178,173
227,225,228,229,224,217,151,73,26,24,24,24,33,52,80,124,178,211,211,205,199,197,190,178
226,223,222,222,219,218,155,73,20,15,15,24,61,118,166,198,219,227,224,222,220,223,223,216
228,221,220,221,219,215,150,70,21,20,21,43,107,184,212,221,225,222,214,215,216,221,226,226
228,224,223,224,224,218,150,69,23,23,22,45,116,198,218,221,221,216,207,203,208,218,226,230
229,229,228,230,233,225,151,68,23,24,21,40,109,191,214,215,214,209,200,192,199,211,221,226
230,232,232,235,240,230,151,67,23,25,23,37,101,183,208,204,201,198,191,184,189,200,211,216
230,233,234,237,241,229,148,65,25,28,26,36,95,173,197,188,181,179,178,179,179,189,202,209
233,236,236,236,237,227,145,64,27,29,27,35,87,162,189,179,171,169,171,176,178,186,198,206
225,231,233,234,236,226,142,61,25,28,26,31,78,150,181,172,162,161,165,168,172,180,191,200
187,214,230,233,238,227,140,57,21,23,22,24,68,137,171,163,154,154,157,158,164,175,186,193
130,189,223,225,227,213,129,50,16,16,14,16,57,124,159,154,148,148,150,152,159,174,187,192
83,156,196,189,178,161,95,34,9,10,7,10,50,113,149,148,143,141,144,149,157,171,186,194
46,90,110,99,86,75,46,21,12,12,10,13,48,107,142,140,131,126,130,139,149,163,180,193
23,42,49,43,37,34,27,22,20,20,17,17,48,101,133,129,119,115,118,129,138,152,170,183
14,22,26,26,25,26,27,27,26,25,23,21,47,94,125,118,108,106,109,117,125,140,157,167
13,20,25,26,25,25,26,25,24,23,22,20,42,84,116,105,96,95,99,104,115,130,145,153
10,16,20,19,17,15,16,15,14,15,14,11,31,71,102,92,83,84,92,101,113,126,141,152
6,8,9,9,8,7,7,7,6,6,6,5,25,63,94,84,74,72,81,95,108,120,134,147
5,5,6,7,7,8,9,9,10,10,11,12,28,60,88,81,68,61,66,79,93,106,118,125
7,9,12,14,14,15,16,18,18,18,19,18,27,50,73,70,58,50,51,56,68,84,93,94
10,17,22,24,23,21,22,23,23,21,19,15,18,32,52,52,45,42,42,37,47,62,72,71
