189,131,62,25,27,26,26,29,42,78,157,220,246,243,238,229,230,236,237,234,235,188,105,37
187,132,63,25,26,25,25,26,33,59,147,218,246,244,239,230,230,235,239,239,238,190,106,36
167,120,59,24,24,24,25,26,29,48,140,215,246,243,237,231,232,237,240,242,242,195,109,34
161,118,61,25,23,24,25,26,28,45,134,211,243,238,229,229,234,238,240,242,243,201,115,34
196,153,82,30,21,21,22,22,22,38,124,205,238,231,223,228,233,236,237,239,243,207,123,40
224,191,110,34,14,14,16,16,17,32,115,200,240,237,232,235,235,235,238,242,245,210,128,44
232,204,121,39,15,18,20,19,19,32,108,196,242,241,236,237,235,234,238,243,246,212,130,43
229,205,126,45,21,23,24,23,21,32,103,192,242,243,238,237,235,234,236,242,245,213,132,44
226,207,132,52,26,26,25,23,22,32,100,190,240,242,239,236,233,232,233,238,242,214,136,50
223,209,137,55,26,26,24,23,22,31,95,186,238,240,237,234,232,229,228,233,239,215,141,56
223,211,141,56,19,18,17,15,13,22,82,179,236,237,236,236,237,235,232,235,239,217,145,58
218,210,144,57,14,12,11,10,9,17,74,173,231,233,234,235,239,240,238,238,238,217,148,61
211,208,146,61,16,16,16,15,14,20,73,166,220,222,224,223,230,238,241,238,233,210,142,59
207,208,150,68,25,26,25,22,20,26,66,140,187,193,194,186,196,212,222,216,209,181,118,48
208,209,154,74,28,26,24,21,19,23,41,80,116,132,131,119,124,141,153,147,143,116,70,32
204,207,157,78,26,22,22,21,21,21,23,35,49,58,56,53,56,63,67,64,62,53,39,28
198,203,158,82,27,22,22,23,24,24,22,22,24,25,25,27,30,32,33,33,32,30,29,28
187,195,156,84,27,22,22,22,24,25,24,22,20,20,21,24,26,28,29,29,29,28,26,26
172,184,152,83,26,21,18,18,20,21,20,18,18,19,20,22,23,24,24,25,24,22,20,19
161,173,146,84,26,18,14,14,16,17,16,14,15,16,16,17,17,16,15,15,13,11,10,12
155,162,137,79,22,13,12,13,13,12,10,9,8,9,8,8,8,7,5,5,4,8,18,29
142,150,126,71,16,7,6,7,7,5,4,3,3,2,2,2,2,1,1,1,5,22,43,57
112,118,97,52,10,2,1,1,1,0,0,0,0,0,0,0,0,0,0,1,9,37,65,73
75,76,59,29,5,0,0,0,0,0,0,0,0,0,0,0,0,0,0,1,10,41,68,69
