174,172,170,155,116,66,51,50,51,52,36,26,22,20,19,21,21,21,23,24,23,22,22,23
178,175,176,163,119,57,37,35,35,36,31,28,26,25,25,26,27,27,26,25,24,24,24,23
182,179,182,172,126,52,29,27,28,29,30,30,30,29,28,27,28,27,24,20,18,19,19,17
188,184,188,179,131,51,27,26,27,28,27,26,25,23,21,19,19,19,16,12,12,16,16,12
195,186,190,181,127,45,21,20,20,20,17,14,12,10,8,7,8,9,11,10,15,22,22,16
185,164,165,160,106,34,13,12,14,14,11,8,6,6,9,12,14,16,19,19,24,28,27,20
121,101,96,93,63,27,16,16,17,18,16,13,12,13,17,19,19,19,20,20,23,25,24,20
60,50,46,43,34,26,23,22,23,24,23,20,19,20,22,22,21,21,21,21,22,23,22,20
32,32,30,28,28,30,29,29,29,28,27,23,21,20,19,19,19,19,19,19,20,20,20,18
30,30,29,28,28,30,32,32,30,28,25,21,16,12,10,10,11,11,10,9,9,9,9,9
23,21,20,20,20,19,19,18,16,13,11,8,5,3,2,2,3,3,3,2,2,2,3,3
13,10,9,8,8,7,7,6,4,3,2,2,1,0,0,0,0,0,0,1,0,1,2,2
5,3,2,1,1,1,0,0,0,0,0,0,0,0,0,0,0,0,0,1,0,1,2,2
1,0,0,0,0,0,0,0,0,0,0,0,0,0,0,0,0,0,0,0,0,0,0,1
1,0,0,0,0,0,0,0,0,0,0,0,0,0,0,0,0,0,0,0,0,0,0,0
0,1,0,0,0,0,0,0,0,0,0,0,0,0,0,0,0,0,0,0,0,0,0,0
0,1,1,0,0,0,0,0,0,0,0,0,0,0,0,0,0,0,0,0,0,0,0,0
0,0,0,0,0,0,0,0,0,0,0,0,0,0,0,0,0,0,0,0,0,0,0,0
0,0,0,0,0,0,0,0,0,0,0,0,0,0,0,0,0,0,0,0,0,0,0,0
0,0,0,0,0,0,0,0,0,0,0,0,0,0,0,0,0,0,0,0,1,1,0,1
0,0,0,0,0,0,0,0,0,0,0,0,0,0,0,0,0,0,0,0,1,2,5,8
0,0,0,0,0,0,0,0,0,0,0,0,0,0,0,0,0,0,1,3,10,20,32,43
0,0,0,0,0,0,0,0,0,0,0,0,0,0,0,0,0,0,4,16,34,52,70,85
0,0,0,0,0,0,0,0,0,0,0,0,0,0,0,0,0,1,8,32,62,81,96,107
