24,25,24,21,28,74,124,136,115,101,88,73,61,53,46,48,48,69,113,140,74,31,22,23
23,25,25,23,29,71,116,123,101,88,79,70,60,52,44,47,46,66,111,135,71,31,26,28
16,17,19,21,29,63,93,94,77,70,66,62,58,52,48,49,44,64,111,136,70,32,29,30
10,11,17,25,36,55,67,65,57,55,54,55,55,55,55,53,46,65,114,138,70,31,27,28
14,17,29,45,54,56,56,53,51,50,50,52,54,56,58,58,52,70,112,131,65,27,22,21
19,22,39,58,65,63,58,53,50,50,51,52,53,55,57,58,54,68,100,113,53,18,12,11
20,24,43,64,71,68,64,59,53,50,50,51,52,54,56,57,54,58,71,75,37,16,12,11
21,26,45,67,75,72,68,62,56,50,49,50,52,53,54,55,52,47,44,40,26,18,16,14
20,24,46,70,79,75,68,62,58,52,51,51,50,50,51,52,49,40,27,20,19,18,17,17
10,16,43,72,81,76,67,62,60,56,55,52,48,46,47,48,46,36,21,13,12,13,13,14
4,11,41,72,80,77,69,65,64,61,59,53,47,44,43,44,42,32,16,7,7,8,8,8
3,10,43,77,86,83,77,73,72,68,63,57,52,48,46,47,45,34,15,4,2,3,3,2
2,11,47,86,95,91,85,80,76,71,65,59,55,52,51,52,51,38,15,2,0,0,0,0
1,11,51,93,101,96,90,83,76,70,65,60,56,53,53,53,52,38,15,2,0,0,0,0
1,10,53,95,101,95,90,85,78,72,67,63,57,52,48,47,47,35,13,2,0,0,0,0
1,11,54,97,101,94,89,83,75,70,64,60,54,48,45,44,45,35,13,2,0,0,0,0
1,11,55,100,106,96,87,79,72,65,59,54,50,46,46,47,47,36,14,1,0,0,0,0
1,11,55,100,107,95,83,75,69,61,55,50,47,46,47,50,48,35,13,1,0,0,0,0
0,11,52,94,101,87,77,70,64,59,54,50,47,47,46,49,47,34,13,1,0,0,0,0
2,12,48,86,92,81,72,66,61,56,52,49,47,46,45,47,47,34,13,1,0,0,0,0
18,29,57,84,91,85,78,73,67,58,49,43,40,37,37,40,43,33,12,1,0,0,0,0
64,77,96,113,123,125,126,126,121,109,95,77,58,39,29,29,35,29,10,1,0,0,0,0
110,121,133,143,154,163,173,180,182,176,167,147,120,87,51,27,24,20,7,1,0,0,0,0
126,133,141,147,155,166,182,196,204,210,214,209,193,158,95,37,16,11,3,0,0,0,0,0
