163,186,191,185,199,229,238,238,236,233,227,229,232,232,228,223,219,205,183,177,177,168,151,135
154,177,181,177,197,229,238,236,232,229,225,222,220,220,221,222,222,217,209,209,213,213,206,199
140,164,168,167,191,228,238,236,233,229,219,211,210,215,218,220,219,218,219,222,226,231,232,231
128,150,153,154,185,226,237,236,234,231,215,204,206,216,217,216,212,211,213,214,216,220,223,223
114,133,135,139,180,225,236,234,231,230,215,202,204,213,214,210,208,209,211,210,212,217,219,217
87,106,110,123,176,226,235,230,227,228,212,200,203,212,212,207,208,211,211,209,214,217,217,215
48,61,65,91,165,225,235,229,227,227,210,199,201,209,207,203,204,209,212,212,213,213,212,213
16,22,27,66,156,222,232,226,224,223,208,198,199,205,203,201,205,210,214,215,213,210,209,212
2,3,8,54,153,219,227,221,219,217,204,196,198,204,201,204,208,213,216,217,215,209,205,206
1,1,6,52,151,216,224,218,216,211,196,192,199,208,205,208,211,214,218,221,217,205,193,189
1,2,7,48,137,202,211,207,204,193,178,182,198,212,217,217,216,216,218,219,215,202,189,186
5,7,10,35,90,141,156,159,158,146,136,162,193,209,218,220,218,218,221,222,221,209,198,200
7,10,12,19,40,68,84,92,93,85,89,143,191,207,216,215,212,214,221,222,224,212,204,210
6,8,9,10,12,20,29,36,37,35,56,132,194,213,217,211,207,212,220,220,221,210,203,211
2,4,6,7,8,10,11,13,14,15,44,129,198,219,223,219,218,221,224,222,224,214,207,214
1,2,4,5,5,6,6,6,6,10,39,127,198,221,222,223,224,225,224,218,222,214,207,214
0,1,1,2,2,2,3,3,3,8,37,126,199,221,222,224,226,224,218,213,215,209,206,214
0,0,0,0,0,0,1,1,2,6,34,125,197,218,219,220,221,219,214,211,213,206,204,214
0,0,0,0,0,0,0,0,1,5,31,121,193,212,210,211,212,212,212,212,217,207,203,215
0,0,0,0,0,0,0,0,0,4,28,117,188,205,199,202,205,206,206,208,217,206,201,217
0,0,1,0,0,0,0,1,2,7,28,109,177,197,193,200,205,205,203,206,215,205,202,220
1,1,2,2,2,3,4,6,8,13,26,87,149,182,191,200,205,206,204,206,213,204,205,224
1,2,3,4,5,7,8,11,14,16,20,60,117,165,188,197,202,204,205,206,206,196,202,227
2,3,4,5,6,8,11,13,14,14,14,43,99,156,183,193,197,200,204,205,194,182,195,227
