11,12,12,13,14,15,16,18,21,26,33,28,21,18,20,25,27,28,29,30,24,16,14,16
11,12,14,14,16,18,19,19,21,24,25,22,20,19,19,20,20,21,21,20,17,15,16,19
13,15,16,18,20,21,21,19,17,17,16,16,16,16,15,14,14,15,14,12,10,10,12,14
16,16,17,19,20,19,19,18,17,19,22,23,24,23,21,18,17,17,15,12,9,7,6,7
13,13,14,15,17,20,26,32,41,54,64,68,68,66,58,48,39,32,26,21,14,10,9,10
7,7,8,14,27,53,86,114,136,157,171,175,171,162,147,124,96,68,46,34,26,21,17,16
5,7,20,51,98,142,175,196,208,216,221,219,214,207,199,186,164,133,97,62,34,20,16,13
4,10,49,113,176,207,223,230,231,228,223,219,217,216,215,210,199,181,153,109,51,18,8,6
4,13,75,162,220,227,228,228,226,219,209,206,209,211,212,209,203,198,187,152,72,19,1,1
5,14,78,167,224,231,232,233,228,215,205,203,206,209,213,211,205,199,189,161,80,21,0,0
8,14,75,165,228,237,237,235,229,216,206,202,203,206,212,212,205,198,190,165,83,23,0,0
9,14,73,161,228,238,237,234,229,218,202,189,190,203,211,211,203,196,187,165,86,25,0,0
10,14,68,156,225,233,232,229,225,219,201,183,185,201,208,206,198,190,183,164,88,27,0,0
12,13,62,148,221,226,221,216,214,215,204,189,189,199,197,196,188,182,178,162,91,29,0,0
14,12,56,140,218,220,210,200,196,200,199,194,189,185,177,181,176,173,174,160,94,31,1,0
12,10,51,133,216,221,212,203,198,199,199,190,180,174,172,176,170,165,166,155,95,34,2,0
9,8,47,128,214,223,219,212,206,202,196,185,176,173,178,175,168,162,160,147,96,38,3,0
9,8,44,123,213,225,224,218,209,199,188,181,177,175,180,174,167,163,159,142,99,42,4,0
10,10,42,118,209,224,221,214,203,190,179,180,181,177,174,171,166,164,161,143,104,46,5,0
12,11,39,112,203,217,215,207,195,181,178,188,191,182,172,170,166,163,162,149,113,52,6,0
9,8,34,105,196,215,217,211,197,179,175,181,184,180,174,172,169,170,173,166,130,61,8,0
7,7,31,100,195,221,226,220,207,190,182,189,195,193,188,179,175,177,183,181,147,72,10,0
6,7,28,95,193,227,232,223,210,198,192,202,209,206,198,187,179,179,186,187,156,78,13,0
6,7,26,89,188,226,229,216,203,195,195,205,208,202,196,189,181,179,184,186,156,79,14,0
