7,8,9,12,17,15,11,14,57,156,208,216,207,198,198,204,207,203,197,205,214,222,209,181
7,9,10,13,17,18,17,20,60,155,206,212,202,197,200,206,208,207,206,211,216,224,212,184
6,10,12,13,15,18,20,24,63,154,203,206,197,196,204,208,211,213,213,216,221,227,215,187
7,10,13,13,14,17,20,25,63,153,204,206,197,198,205,208,213,216,216,218,224,228,215,189
10,12,13,15,15,17,19,23,59,151,207,215,209,206,205,208,213,218,219,220,224,226,214,192
15,15,15,17,17,16,15,18,55,146,207,225,224,221,215,215,220,224,226,226,226,226,215,197
12,12,11,11,11,9,9,13,49,140,209,232,230,222,215,216,219,223,225,226,229,231,220,201
6,6,5,5,5,4,4,8,44,134,208,232,230,224,221,221,223,225,226,227,232,234,224,205
2,2,2,4,4,4,4,8,43,131,205,226,225,226,230,229,228,229,231,230,229,231,224,210
3,4,6,8,9,9,9,12,44,128,197,214,213,219,230,228,226,227,229,228,222,221,219,211
7,7,7,8,10,10,11,14,41,113,173,181,179,196,222,220,220,222,222,224,218,220,219,212
9,11,14,19,24,25,24,24,37,73,103,104,110,138,173,182,198,213,218,223,223,224,219,210
19,23,29,36,42,42,40,39,41,46,52,49,54,73,95,110,142,179,204,214,217,215,208,197
33,37,42,46,49,49,49,49,49,46,44,40,37,35,34,38,67,115,160,176,175,171,164,154
37,38,38,38,38,40,44,47,48,47,47,46,45,41,31,18,19,43,78,93,85,80,75,68
37,36,33,28,26,28,35,41,44,45,44,44,44,43,34,15,8,14,27,33,29,26,24,20
37,34,28,23,22,22,28,36,42,43,43,43,43,41,33,15,5,6,11,13,11,9,8,8
37,33,26,22,22,21,25,33,41,43,43,43,42,39,31,14,5,4,8,10,10,9,8,9
37,34,28,23,21,21,27,35,41,43,44,43,42,38,31,15,5,2,4,7,9,9,9,9
38,36,33,28,24,25,32,38,40,41,42,43,42,39,33,16,5,1,3,6,10,10,8,7
37,37,37,35,34,37,38,39,39,40,40,41,40,38,33,16,5,1,3,6,9,9,8,6
37,36,37,39,40,42,41,39,39,40,41,40,40,39,33,17,5,1,2,4,6,7,6,5
36,34,35,37,39,39,38,36,37,39,39,38,39,39,33,18,6,1,1,2,3,3,3,3
33,31,31,34,35,35,34,32,33,37,35,33,36,38,33,19,7,1,1,1,0,0,0,0
