75,78,79,80,81,82,77,79,88,99,107,110,108,91,48,12,0,0,0,0,1,3,4,5
80,81,84,87,90,91,88,88,91,96,103,109,111,96,51,13,0,0,0,0,0,1,2,2
81,85,93,99,102,101,99,98,98,98,100,105,110,99,55,14,0,0,0,0,0,0,0,1
80,89,100,107,107,104,103,104,105,104,102,101,105,98,56,15,0,0,0,0,0,0,0,1
84,93,102,106,103,98,98,102,106,108,106,104,104,94,55,15,1,0,0,0,0,0,0,1
84,94,104,104,96,90,92,98,106,110,112,112,109,94,54,15,1,0,0,0,0,0,0,0
84,92,99,98,92,90,95,99,104,109,113,113,109,93,54,16,1,0,0,0,0,0,0,0
81,86,90,92,90,91,98,101,101,106,110,109,104,87,51,15,1,0,0,0,0,0,0,0
75,76,80,85,89,91,97,99,99,100,101,99,94,79,47,14,1,0,0,0,0,0,0,0
66,68,72,78,84,87,92,96,96,92,88,86,83,71,44,13,1,0,0,0,0,0,0,0
67,69,75,82,85,85,89,92,90,85,82,81,78,66,42,13,1,0,0,0,0,0,0,0
64,64,72,80,81,79,83,83,77,73,71,70,67,59,41,13,1,0,0,0,0,0,0,0
55,57,67,77,78,77,78,75,69,66,63,58,55,52,37,12,1,0,0,0,0,0,0,0
47,50,60,71,75,76,73,70,66,63,58,51,48,46,31,10,1,0,0,0,0,0,0,0
45,42,46,53,57,62,62,60,58,57,55,50,45,40,25,8,1,0,0,0,0,0,0,0
30,28,29,32,32,37,45,51,52,51,50,44,38,32,19,6,0,0,0,0,0,0,0,0
13,12,12,12,12,16,24,30,32,31,32,29,25,19,11,3,0,0,0,0,0,0,0,0
3,2,2,1,2,4,8,10,11,11,12,12,11,7,4,1,0,0,0,0,0,0,0,0
1,0,0,0,0,0,1,1,1,1,1,1,1,1,0,0,0,0,0,0,0,0,0,0
1,0,0,0,0,0,0,0,0,0,0,0,0,0,0,0,0,0,0,0,0,0,0,0
0,0,0,0,0,0,0,0,0,0,0,0,0,0,0,0,0,0,0,0,0,0,0,0
0,0,0,0,0,0,0,0,0,0,0,0,0,0,0,0,0,0,0,0,0,0,0,0
0,0,0,0,0,0,0,0,0,0,0,0,0,0,0,0,0,0,0,0,0,0,0,0
0,0,0,0,0,0,0,0,0,0,0,0,0,0,0,0,0,0,0,0,0,0,0,0
