22,50,61,53,48,55,55,49,42,43,47,47,43,38,38,37,33,29,29,31,33,30,19,6
20,48,62,56,49,52,52,48,43,44,44,44,44,41,39,37,36,34,33,35,34,30,19,7
18,46,62,60,54,53,53,50,46,48,46,47,47,46,43,42,41,39,38,41,37,32,21,8
16,43,61,62,57,55,53,48,45,49,48,48,47,46,46,45,44,42,41,45,40,35,24,10
13,39,57,59,55,53,49,42,38,44,43,42,41,42,45,42,41,41,41,44,41,37,27,11
12,36,54,57,53,52,50,43,38,44,45,45,45,45,48,45,42,40,40,43,41,37,26,11
10,33,51,55,52,50,48,44,42,45,45,45,46,47,51,49,46,43,43,46,46,42,28,12
8,30,48,52,50,45,45,45,44,45,45,45,45,48,53,51,48,48,48,51,50,46,31,13
7,28,45,48,44,37,40,43,44,45,46,45,45,48,50,48,48,52,54,54,51,47,33,14
6,26,41,42,35,30,36,40,40,43,47,47,46,45,42,42,47,53,56,55,52,46,32,14
6,25,37,34,25,21,29,34,35,39,44,45,43,41,38,38,45,52,55,54,52,48,35,14
5,19,27,23,15,14,23,29,30,35,40,44,45,43,39,36,41,48,52,51,48,44,31,13
3,11,15,11,7,9,18,23,23,26,32,40,44,43,36,32,36,43,48,47,40,33,21,9
1,4,4,3,2,7,15,16,12,14,21,31,38,36,27,25,31,39,45,41,29,19,10,4
1,1,1,1,2,5,10,10,6,8,18,28,33,28,18,19,25,35,41,32,18,7,3,1
0,1,1,0,1,2,4,3,2,4,11,17,19,15,9,8,12,19,23,17,8,3,1,1
0,0,0,0,0,0,1,1,1,1,4,6,7,6,4,2,4,7,8,6,2,1,0,0
0,0,0,0,0,0,1,1,1,1,1,1,1,1,1,1,1,1,1,1,0,0,0,0
0,0,0,0,0,0,1,1,1,1,1,1,0,0,1,0,0,0,1,0,0,0,0,0
0,0,0,0,0,0,1,1,1,1,1,0,0,0,0,0,0,0,0,0,0,0,0,0
0,0,0,0,0,0,1,1,0,1,0,0,0,0,0,0,0,0,0,0,0,0,0,0
0,0,0,0,0,0,0,0,0,0,0,0,0,0,0,0,0,0,0,0,0,0,0,0
0,0,0,0,0,0,0,0,0,0,0,0,0,0,0,0,0,0,0,0,0,0,0,0
0,0,0,0,0,0,0,0,0,0,0,0,0,0,1,1,1,1,1,0,0,1,1,0
