15,16,16,16,18,20,19,17,14,10,9,7,3,1,1,0,0,0,0,0,0,0,0,0
17,19,19,18,18,18,16,12,8,5,4,3,2,1,0,0,0,0,0,0,0,0,0,0
17,19,19,17,14,10,9,6,3,1,0,1,1,0,0,0,0,0,0,0,0,0,1,0
14,15,14,11,6,3,2,2,1,0,0,0,0,0,0,0,0,0,0,0,0,0,1,1
8,8,7,4,1,0,0,0,1,0,0,0,0,0,0,0,1,1,1,1,0,0,1,1
2,2,1,1,1,0,0,0,0,0,0,0,0,0,0,1,1,1,0,1,2,2,2,3
0,0,0,0,1,0,0,0,0,0,0,0,0,0,0,1,1,1,2,4,6,7,7,7
0,0,0,0,1,0,0,0,0,0,0,0,0,0,0,2,4,5,8,10,11,11,11,12
0,0,0,0,0,0,0,0,0,0,0,0,1,1,2,6,9,11,14,14,13,13,14,15
0,0,0,0,0,0,0,0,0,0,1,3,3,4,6,12,14,14,13,11,10,12,14,15
0,0,0,0,0,0,0,1,2,3,6,9,11,10,11,13,14,12,9,7,8,10,12,12
0,0,0,0,0,1,3,4,5,7,9,10,11,11,10,10,8,7,6,4,5,7,8,8
0,0,0,0,1,4,6,8,8,8,9,9,9,9,8,5,4,4,6,4,3,5,6,6
0,1,1,1,2,5,7,9,10,8,8,8,7,7,5,3,3,4,5,4,3,4,6,6
0,1,1,2,4,5,5,8,9,8,7,6,5,3,2,3,2,2,2,3,3,4,4,3
1,0,1,1,2,2,2,3,4,3,2,2,2,1,0,1,1,1,1,1,1,2,1,1
0,0,0,0,0,0,0,0,0,0,0,0,0,0,0,0,0,0,0,0,0,0,0,0
0,0,0,0,0,0,0,0,0,0,0,0,0,0,0,0,0,0,0,0,0,0,0,0
0,0,0,0,0,0,1,1,1,1,0,0,0,0,0,0,0,0,0,0,0,0,0,0
0,0,0,0,0,0,1,1,1,1,0,0,0,0,0,0,0,0,0,0,0,0,0,0
0,0,0,0,0,0,1,1,1,0,0,0,0,0,0,0,0,0,0,0,0,0,0,0
0,0,0,0,0,0,0,1,0,0,0,0,0,0,0,0,0,0,0,0,0,0,0,0
0,0,0,0,0,0,0,0,0,0,0,0,0,0,0,0,0,0,0,0,0,0,0,0
0,0,0,0,0,0,0,0,0,0,0,0,0,0,0,0,0,0,0,0,0,0,0,0
