84,83,82,83,84,83,82,82,81,81,82,83,83,83,83,83,82,82,82,82,82,83,83,83
84,83,83,84,85,84,84,83,82,82,83,84,84,84,84,83,83,83,83,83,82,82,83,83
84,84,84,85,85,85,85,84,83,84,84,84,85,85,85,83,84,85,84,84,83,83,83,83
85,85,85,85,86,86,86,85,84,84,84,84,85,86,86,84,84,85,85,84,84,84,84,85
85,85,85,85,86,87,87,87,86,85,85,85,86,87,87,85,85,86,86,85,85,86,86,86
87,88,88,87,87,88,88,87,86,85,86,86,86,85,85,85,86,86,86,86,86,86,86,87
88,88,88,88,86,87,87,87,87,86,86,87,87,86,86,86,87,87,87,87,87,87,87,87
89,88,88,88,86,87,87,87,87,87,87,88,88,87,86,87,87,87,87,87,87,87,88,88
89,88,87,88,87,87,87,87,88,88,89,89,89,88,88,88,87,87,87,87,88,88,88,89
89,88,88,87,88,87,88,88,89,90,89,88,88,89,90,88,87,87,87,88,89,88,89,90
89,89,89,89,89,88,88,89,89,89,88,87,88,89,90,89,88,88,89,89,90,89,89,89
90,90,90,90,91,89,89,89,89,89,88,87,88,89,90,90,89,88,89,90,90,90,90,90
90,91,91,91,92,91,90,90,90,90,86,81,82,89,91,90,88,85,85,88,90,91,91,90
89,91,92,91,92,91,90,91,91,88,76,68,74,87,90,90,85,79,76,84,90,91,91,91
91,92,92,92,92,92,91,91,89,80,59,57,71,87,88,86,78,68,64,77,89,92,92,92
92,92,92,92,91,92,92,89,82,68,49,53,73,87,82,73,64,57,58,78,90,94,93,92
93,93,93,92,92,92,89,80,67,54,40,51,71,80,72,57,47,45,54,80,91,94,92,90
93,93,94,93,93,92,84,65,45,36,32,46,62,64,55,40,30,32,50,80,92,90,85,83
92,93,92,90,89,89,77,52,26,18,23,37,47,46,36,25,18,23,45,80,91,82,70,69
95,93,87,78,73,74,62,42,23,14,16,26,36,39,28,19,16,25,48,82,90,71,52,50
96,93,83,69,57,53,45,36,26,15,12,16,22,24,18,16,18,28,48,77,84,64,40,33
96,94,84,66,46,33,29,26,21,13,10,12,14,14,14,18,21,26,40,62,71,52,27,19
97,95,83,61,35,20,16,14,12,10,9,10,10,10,14,21,22,22,27,41,47,33,15,10
98,95,77,50,25,15,9,6,6,7,8,8,8,10,17,23,21,18,19,23,22,15,8,8
