0,0,0,0,0,0,0,0,0,0,0,0,0,0,1,2,1,1,4,12,24,37,49,58
0,0,0,0,0,0,0,0,0,0,0,0,0,1,1,1,3,9,20,34,47,54,56,59
0,0,0,0,0,0,0,0,0,0,0,0,0,1,1,2,12,26,39,50,57,58,57,59
0,0,0,0,0,0,0,0,0,0,0,0,0,1,1,5,22,40,49,52,49,47,50,56
0,0,0,0,0,0,0,0,0,0,0,0,0,1,1,6,26,42,45,44,40,35,40,51
0,0,0,0,0,0,0,0,0,0,0,0,0,0,0,4,23,38,40,38,36,31,32,41
0,0,0,0,0,0,0,0,0,0,0,0,0,0,0,4,21,35,35,33,34,31,30,34
0,0,0,0,0,0,0,0,0,0,0,0,0,0,0,3,19,31,31,29,32,32,30,31
0,0,0,0,0,0,0,0,0,0,0,0,0,0,0,2,16,27,27,25,29,30,29,29
0,0,0,0,0,0,0,0,0,0,0,0,0,0,0,2,14,24,25,23,26,26,25,26
0,0,0,0,0,0,0,0,0,0,0,0,0,0,0,2,12,21,22,22,25,23,23,25
0,0,0,0,0,0,0,0,0,0,0,0,0,0,0,2,10,18,21,21,22,22,23,24
0,0,0,0,0,0,0,0,0,0,0,0,0,0,0,1,8,17,21,20,19,20,21,22
0,0,0,0,0,0,0,0,0,0,0,0,0,0,0,1,7,16,22,20,17,16,18,20
0,0,0,0,0,0,0,0,0,0,0,0,0,0,0,1,7,17,23,20,17,15,18,23
0,0,0,0,0,0,0,0,0,0,0,0,0,0,0,1,7,17,25,21,17,14,17,22
0,0,0,0,0,0,0,0,0,0,0,0,0,0,0,1,6,17,25,21,16,15,17,20
0,0,0,0,0,0,0,0,0,0,0,0,0,0,0,0,6,16,24,22,16,16,18,20
0,0,0,0,0,0,0,0,0,0,0,0,0,0,0,0,4,14,23,24,18,16,19,21
0,0,0,0,0,0,0,0,0,0,0,0,0,0,0,0,4,11,20,24,20,17,18,21
0,0,0,0,0,0,0,0,0,0,0,0,0,0,0,0,2,8,16,22,19,17,19,20
0,0,0,0,0,0,0,0,0,0,0,0,0,0,0,0,1,6,14,21,19,18,18,19
0,0,0,0,0,0,0,0,0,0,0,0,0,0,0,0,1,4,11,19,20,19,19,19
0,0,0,0,0,0,0,0,0,0,0,0,0,0,0,0,0,3,10,17,20,22,22,21
