22,21,23,27,30,30,27,26,26,24,23,24,25,25,23,20,21,22,20,19,19,19,19,20
23,21,21,25,29,32,30,28,26,24,22,24,27,29,27,23,22,21,18,18,20,21,20,21
25,23,23,26,29,34,34,32,28,25,23,25,28,29,25,22,22,21,18,18,21,25,28,29
28,28,27,26,27,35,37,35,31,28,27,28,28,27,21,19,21,22,23,24,29,35,41,42
30,32,29,25,26,33,34,32,31,32,32,29,27,26,23,20,22,28,36,42,47,53,56,55
28,33,36,34,30,31,27,24,25,32,32,29,27,29,32,30,35,43,51,59,64,69,71,70
31,34,36,35,30,28,23,21,22,25,24,23,24,27,35,42,52,64,74,79,78,78,78,76
29,31,32,32,29,28,23,21,21,20,21,22,24,27,37,57,72,81,84,83,80,78,76,75
24,26,27,26,25,27,23,19,19,19,22,25,26,28,38,69,85,85,79,75,73,72,71,70
22,23,20,16,17,19,15,13,15,18,20,23,23,24,36,70,82,77,70,69,70,70,68,65
26,20,13,11,16,13,10,11,13,15,18,24,25,25,36,65,75,71,66,66,68,68,64,59
27,20,13,12,14,10,9,11,14,15,21,26,25,23,35,60,68,65,61,62,64,65,61,56
24,21,18,16,14,10,8,10,11,13,22,28,27,26,36,54,60,57,54,56,60,61,59,53
19,20,20,18,14,8,6,5,7,11,18,25,29,31,37,51,53,48,45,49,54,56,53,48
14,15,15,13,10,5,3,3,6,11,15,20,24,28,39,49,47,40,36,41,46,48,43,37
14,15,13,10,7,4,3,6,13,18,17,18,18,20,33,43,42,34,31,33,37,37,33,28
13,14,11,7,7,6,7,11,17,19,15,15,15,16,28,39,38,33,29,30,30,29,26,22
9,10,8,6,8,10,10,13,15,15,12,13,13,14,23,34,35,31,28,28,26,25,22,19
4,4,5,6,9,13,13,11,10,10,12,12,11,10,16,27,30,28,26,24,23,23,21,17
1,3,5,8,10,14,14,11,9,9,11,10,7,7,12,21,25,24,22,19,19,19,18,14
2,4,8,11,12,13,13,11,9,7,7,6,5,5,10,18,21,20,16,14,15,15,13,12
5,8,11,13,11,12,11,9,7,5,4,4,3,4,9,16,19,17,13,12,14,12,11,14
6,10,14,13,9,9,7,6,5,4,3,2,1,3,9,15,18,16,12,13,13,10,11,16
4,10,15,13,7,5,4,3,4,3,2,1,1,2,9,15,17,15,12,14,12,9,10,15
