16,15,14,14,15,17,16,13,10,8,9,11,12,13,13,11,10,10,11,13,13,15,16,17
14,13,12,13,14,15,16,15,12,8,8,9,12,15,15,12,10,12,15,16,16,16,17,16
10,9,8,10,12,14,15,14,11,8,7,7,11,15,16,13,10,12,17,17,17,17,16,15
6,5,5,7,10,13,13,11,9,7,6,6,9,12,13,11,9,10,14,15,16,16,14,13
5,4,4,6,9,11,10,7,6,6,4,5,6,6,8,7,7,9,12,12,14,13,10,9
7,5,5,8,8,7,5,4,3,3,4,5,5,5,6,5,6,9,11,10,12,10,6,5
5,3,4,5,4,3,1,1,2,2,4,4,4,5,6,5,7,10,11,8,8,6,3,3
3,2,2,2,1,1,0,0,1,1,3,4,5,6,7,5,7,9,8,6,4,3,2,2
1,1,1,1,1,1,0,0,0,1,2,4,5,6,5,4,5,5,4,3,1,1,1,2
1,0,0,0,0,0,0,0,0,0,1,2,3,4,2,1,1,1,1,1,0,0,1,2
0,0,0,0,0,0,0,0,0,0,0,0,1,1,0,0,0,0,0,0,0,0,1,1
0,0,0,0,0,0,0,0,0,0,0,0,0,0,0,0,0,0,0,0,0,0,0,0
0,0,0,0,0,0,0,0,0,0,0,0,0,0,0,0,0,0,0,0,0,0,0,0
0,0,0,0,0,0,0,0,0,0,0,0,0,0,0,0,0,0,0,0,0,0,0,0
0,0,0,0,0,0,0,0,0,0,0,0,0,0,0,0,0,0,0,0,0,0,0,0
0,0,0,0,0,0,0,0,0,0,0,0,0,0,0,0,0,0,0,0,0,0,0,0
0,0,0,0,0,0,0,0,0,0,0,0,0,0,0,0,0,0,0,0,0,0,0,0
0,0,0,0,0,0,0,0,0,0,0,0,0,0,0,0,0,0,0,0,0,0,0,0
0,0,0,0,0,0,0,0,0,0,0,0,0,0,0,0,0,0,0,0,0,0,0,0
0,0,0,0,0,0,0,0,0,0,0,0,0,0,0,0,0,0,0,0,0,0,0,0
0,0,0,0,0,0,0,0,0,0,0,0,0,0,0,0,0,0,0,0,0,0,0,0
0,0,0,0,0,0,0,0,0,0,0,0,0,0,0,0,0,0,0,0,0,0,0,0
0,0,0,0,0,0,0,0,0,0,0,0,0,0,0,0,0,0,0,0,0,0,0,0
0,0,0,0,0,0,0,0,0,0,0,0,0,0,0,0,0,0,0,0,0,0,0,0
