49,64,71,69,70,70,69,70,71,69,69,70,70,70,70,69,70,71,71,72,70,64,57,53
49,61,68,69,69,70,70,71,71,69,69,71,71,70,67,65,68,71,72,73,71,60,45,36
46,52,61,68,70,71,70,71,72,70,71,72,72,70,65,56,60,69,71,72,72,57,36,22
52,50,56,67,72,71,71,71,72,71,73,73,72,70,64,46,48,60,68,66,66,53,33,17
69,59,57,65,70,70,71,72,72,72,73,73,72,69,61,37,32,46,61,54,50,40,28,18
56,46,52,64,64,66,70,73,73,73,74,74,72,64,49,27,19,33,54,44,30,23,20,16
27,30,43,54,53,65,72,74,74,74,74,75,72,62,40,21,13,25,45,35,18,13,13,12
7,16,27,37,45,63,71,74,73,73,74,74,72,62,38,18,9,17,29,22,10,7,10,10
3,6,11,22,39,57,68,71,70,69,73,72,67,56,36,16,6,8,13,9,4,5,8,10
3,2,5,14,33,51,66,68,62,61,71,65,51,39,27,13,5,4,6,5,2,2,6,11
4,2,5,20,48,66,72,67,56,51,62,52,32,19,13,6,2,2,5,7,3,1,4,9
4,2,6,25,56,73,75,66,50,39,54,45,26,11,7,3,1,2,5,9,5,2,3,8
3,2,9,30,61,75,74,60,39,27,44,41,24,9,6,3,1,2,5,9,6,2,3,7
1,2,10,31,62,72,68,50,28,18,32,33,21,8,7,3,1,2,4,7,6,3,2,5
2,2,5,20,48,63,56,42,28,19,19,21,17,9,8,4,2,2,2,5,5,3,2,3
2,3,4,16,41,64,60,53,47,33,16,12,11,8,6,4,2,1,1,3,5,5,4,4
3,4,5,13,35,64,68,64,56,40,17,10,9,8,6,5,3,2,2,3,4,5,4,4
5,5,5,9,25,55,66,60,45,29,14,9,8,8,6,4,3,3,3,2,3,4,4,3
6,5,4,5,14,35,49,42,23,10,7,5,6,7,5,3,3,3,3,1,2,4,3,1
4,3,3,4,6,16,31,28,13,5,4,3,5,7,7,5,4,4,2,1,2,4,3,0
2,1,5,12,17,17,23,20,9,4,4,4,4,6,8,7,5,3,1,0,1,1,1,0
0,0,5,17,28,25,20,14,7,4,5,4,4,5,8,9,5,2,1,0,0,0,0,0
0,0,3,13,27,34,29,19,8,4,4,4,4,5,6,6,5,3,1,0,0,0,0,0
1,0,1,5,17,40,46,32,12,4,3,4,4,5,3,2,4,4,3,0,0,0,0,0
