86,85,85,85,84,84,85,87,87,85,84,85,86,86,87,86,86,86,86,85,85,85,87,89
86,86,86,86,85,83,86,87,86,84,85,85,86,87,87,86,86,86,87,86,86,86,87,89
86,86,87,87,86,84,85,87,86,85,86,86,87,88,87,86,86,87,88,88,88,87,87,88
86,87,88,87,87,86,85,86,87,87,87,88,89,89,88,87,87,88,88,89,89,89,88,88
87,88,89,89,88,88,87,87,88,89,88,88,88,89,88,88,88,88,88,89,90,89,89,89
89,89,89,89,89,90,89,88,88,88,88,89,89,89,88,89,90,89,89,89,90,90,89,88
89,89,89,88,89,90,90,89,89,89,88,88,90,90,89,90,91,91,90,90,90,89,90,91
89,89,89,88,90,91,91,90,90,90,89,90,91,91,91,90,91,92,92,91,90,90,91,93
89,90,89,89,90,91,91,90,91,91,91,92,92,92,91,91,91,92,93,92,92,92,93,93
90,91,91,90,89,90,90,91,91,91,91,92,93,93,92,92,92,92,93,92,93,93,93,93
90,91,92,90,88,90,91,92,92,93,93,93,93,94,93,93,94,93,91,91,93,93,93,92
91,91,92,91,90,91,92,93,93,94,94,94,94,94,94,94,94,93,92,92,92,93,93,93
91,91,92,93,93,92,93,93,93,94,95,95,95,94,94,95,94,94,94,92,92,93,94,94
91,92,93,94,94,93,93,93,93,94,95,95,95,94,95,95,94,95,95,94,93,94,95,95
93,94,95,96,95,93,93,93,94,95,94,94,94,95,95,95,95,96,97,97,96,95,96,97
95,95,95,95,95,95,94,94,96,96,95,94,94,95,96,96,96,96,97,97,97,97,98,99
95,96,96,96,96,96,96,97,97,96,96,95,95,96,96,97,96,96,96,96,97,98,98,98
95,96,96,96,96,97,98,98,97,97,98,97,97,97,97,97,97,96,96,97,97,98,98,98
96,97,97,96,97,99,98,97,97,98,99,99,98,97,98,97,97,97,98,98,99,99,98,99
98,98,98,98,98,99,98,98,99,99,98,98,99,99,98,99,99,100,100,99,99,99,99,99
97,98,99,100,99,98,98,99,100,99,98,98,99,100,99,99,101,102,101,100,100,100,101,100
97,98,100,100,99,98,99,100,100,99,99,99,100,101,100,100,101,102,102,101,100,100,101,101
98,99,99,99,98,99,100,101,102,101,100,100,101,102,101,101,102,103,103,102,101,101,101,101
99,100,99,98,99,101,102,103,104,102,100,100,101,102,101,101,101,103,104,102,102,102,102,102
