86,85,85,86,86,86,87,87,87,86,86,87,87,87,88,89,88,88,87,86,87,88,89,89
87,87,88,88,87,87,86,87,88,87,87,88,88,89,89,89,88,88,87,87,87,88,89,90
88,88,89,89,88,88,87,87,88,88,88,89,90,90,90,89,89,89,88,88,88,89,90,90
88,88,89,89,88,88,88,88,88,88,89,90,90,90,91,90,90,91,91,90,90,90,90,90
89,90,90,90,90,89,89,89,90,89,89,90,91,90,91,92,92,92,92,90,91,91,90,89
89,90,90,91,92,90,90,90,90,91,91,91,91,90,91,92,92,92,92,92,92,92,91,91
91,90,90,91,91,91,90,90,90,91,92,92,91,91,91,91,91,92,92,92,93,93,93,92
93,91,91,92,92,91,91,90,90,91,93,93,93,92,92,91,91,91,92,92,93,93,93,93
93,92,93,93,93,92,92,92,93,93,93,94,94,94,93,93,92,92,93,93,93,94,94,93
91,92,93,94,93,93,93,94,95,96,94,93,93,94,95,94,94,94,94,93,93,94,94,93
92,92,93,93,93,93,93,95,96,95,95,94,94,95,96,96,95,94,94,94,94,95,95,95
92,93,93,93,94,94,94,96,96,94,95,95,95,96,97,97,96,95,95,95,96,96,96,96
93,94,94,94,95,94,95,95,96,95,95,96,97,97,97,96,96,96,96,96,96,96,97,97
96,95,95,95,96,95,95,95,96,96,96,97,98,97,97,96,95,96,96,96,95,96,96,93
98,97,95,94,94,95,95,95,96,96,95,97,98,98,98,97,96,97,98,97,96,97,93,84
99,97,96,95,95,95,95,96,97,97,97,97,98,98,99,99,98,97,98,99,98,98,90,75
99,98,97,97,97,97,97,97,98,98,98,97,97,97,98,99,98,98,99,100,99,99,92,78
99,98,98,99,99,99,98,99,99,99,98,98,98,98,98,99,99,99,100,100,100,100,90,74
99,98,99,100,100,99,98,99,100,100,99,99,99,99,99,99,100,101,101,101,100,99,82,54
100,99,100,101,100,99,99,99,100,101,100,100,101,102,101,99,100,102,102,101,100,94,70,38
101,100,100,101,100,100,101,101,100,102,100,100,102,103,102,101,101,101,100,100,97,81,54,28
100,100,100,101,101,102,103,102,101,101,101,101,103,103,103,103,102,99,97,99,98,80,49,24
101,101,101,101,102,103,103,102,101,101,101,102,104,103,101,103,101,94,89,97,98,85,56,27
102,102,102,103,102,103,102,102,103,101,101,103,104,101,96,101,98,87,81,93,95,89,67,35
