56,56,56,55,54,55,56,56,56,56,55,56,57,57,57,57,57,57,57,57,57,56,55,56
56,56,56,55,55,56,56,56,56,56,56,56,57,57,57,58,58,57,57,58,57,57,56,56
55,55,56,56,56,56,56,56,56,56,56,57,57,57,57,58,58,58,57,58,57,57,57,56
55,55,56,57,57,56,56,56,56,56,57,57,57,57,58,58,58,58,58,58,58,57,57,57
56,56,57,57,57,56,57,57,57,57,59,58,58,57,58,58,57,58,59,59,59,58,58,58
57,57,57,57,58,58,57,57,58,58,60,59,58,57,57,58,58,58,59,59,59,58,58,59
57,57,57,57,58,58,58,58,58,59,60,59,58,58,58,58,58,58,58,58,59,58,58,59
57,57,57,57,58,58,59,59,58,59,59,59,59,58,58,59,59,58,58,59,59,59,59,59
58,58,57,57,58,59,60,59,59,58,58,59,59,58,58,60,60,59,59,60,60,59,59,60
59,59,59,58,58,59,59,59,58,58,58,59,59,59,59,60,60,60,60,60,61,60,60,59
59,60,60,59,59,58,59,59,59,60,59,59,60,60,59,60,61,61,61,62,61,60,61,61
60,60,60,60,59,59,60,61,60,60,58,56,57,58,56,59,60,61,62,63,62,61,62,62
60,60,60,60,59,60,61,61,61,60,54,49,48,50,52,58,60,61,63,63,63,63,62,62
61,61,61,61,59,59,59,60,60,59,48,41,38,39,47,56,59,59,62,63,64,64,63,62
62,62,62,62,60,54,53,57,59,56,47,38,31,29,40,49,51,53,58,61,64,64,63,63
63,63,62,62,61,51,44,49,56,51,45,37,28,23,29,35,41,47,52,56,62,64,64,64
63,63,63,62,59,49,43,48,53,42,33,25,19,17,21,29,34,37,41,50,60,64,64,64
63,63,64,62,56,42,36,41,46,32,19,11,9,10,14,22,25,25,30,45,55,61,63,64
63,64,63,60,52,30,20,24,30,23,10,4,3,4,5,11,13,15,23,39,47,55,62,65
63,63,59,55,50,30,13,8,10,10,5,2,2,1,2,5,7,11,16,22,35,52,64,65
64,63,54,42,34,20,9,4,4,3,2,2,2,1,1,5,7,7,8,11,28,45,54,57
65,65,53,35,19,10,4,2,3,2,2,2,2,1,1,5,5,4,3,5,17,26,34,41
65,65,56,36,14,5,1,1,2,2,2,3,2,1,1,3,3,2,2,3,7,11,18,26
64,64,59,41,15,4,0,0,0,2,3,4,3,2,0,2,2,1,1,2,6,9,13,17
