97,98,98,97,96,96,96,97,98,98,98,97,97,98,99,99,98,98,97,98,100,100,98,97
97,98,98,98,98,97,97,98,99,98,98,98,98,100,101,101,99,98,98,99,100,100,99,99
98,98,99,100,100,99,99,99,100,99,100,99,99,100,102,102,101,100,100,101,101,101,101,101
100,100,100,101,102,102,101,101,101,101,102,101,100,100,101,102,102,101,101,102,102,101,101,102
101,101,101,102,103,104,103,103,103,103,102,102,101,100,100,102,103,102,101,102,102,102,102,103
102,102,102,103,104,103,104,104,105,104,103,102,102,101,100,103,103,103,103,104,104,104,104,104
103,103,102,102,105,104,104,105,104,104,104,104,104,103,102,103,103,103,104,105,105,105,105,104
103,103,103,103,104,104,104,104,104,104,105,105,105,104,104,104,104,104,104,105,105,105,105,105
104,104,105,105,104,104,104,104,104,105,104,104,105,104,105,105,105,105,105,105,106,107,106,106
105,104,105,106,106,106,105,104,105,106,105,104,105,106,107,106,107,107,106,106,107,108,108,107
105,105,105,106,106,106,106,106,106,107,107,105,105,106,107,107,107,107,107,107,107,107,107,106
105,105,106,106,106,105,106,107,107,106,107,106,106,107,108,107,106,106,107,107,107,106,106,107
105,106,107,107,106,105,106,107,107,107,107,107,107,107,108,107,106,106,106,106,106,105,106,107
106,106,106,107,106,105,107,107,107,108,107,107,107,107,107,107,107,107,106,105,105,106,106,107
106,106,106,106,107,107,108,108,107,107,108,107,107,106,106,107,107,106,106,107,106,106,107,106
108,107,107,107,108,107,108,108,107,106,107,108,108,108,108,108,107,107,107,108,107,107,107,108
107,108,108,108,107,108,109,109,108,107,107,108,108,108,108,108,108,108,108,109,108,107,108,109
108,108,108,108,108,108,109,109,109,109,109,108,108,108,107,107,107,107,108,108,108,108,109,109
109,109,109,109,109,109,109,109,110,111,110,109,108,108,107,106,106,107,108,108,108,109,109,109
108,109,109,110,110,110,110,110,110,110,110,110,110,110,109,108,108,109,110,110,111,110,110,110
109,110,110,110,109,110,110,110,110,110,110,111,111,111,110,110,110,111,111,111,111,111,110,110
110,110,111,110,110,111,111,110,110,110,111,111,111,111,112,112,112,112,111,111,111,111,110,110
112,112,111,111,111,113,112,112,112,112,112,112,112,111,113,113,113,113,111,112,112,111,111,112
114,113,112,111,112,115,114,113,113,113,113,112,112,111,113,114,114,113,112,113,113,112,112,113
