99,99,84,55,24,13,6,4,4,5,5,5,6,9,14,16,17,16,13,6,3,3,4,5
99,100,93,68,33,17,9,5,4,6,7,8,11,13,15,15,16,16,12,4,2,2,3,4
101,104,100,81,45,23,14,9,7,9,11,13,13,14,13,13,15,15,10,5,2,1,5,10
105,106,102,83,50,26,17,13,11,12,15,15,14,12,10,11,13,13,9,5,3,2,7,17
106,106,96,73,42,24,18,13,10,12,13,13,14,13,9,7,10,11,8,5,3,2,5,13
107,102,81,50,27,19,14,10,8,9,9,12,14,14,8,5,10,12,7,2,1,1,3,6
101,87,60,33,19,14,10,8,7,9,10,12,12,9,5,5,10,12,6,2,1,2,2,3
85,65,40,22,13,11,7,5,6,8,10,12,12,9,6,5,8,9,5,1,2,2,2,1
60,43,26,15,10,9,6,3,3,7,8,12,14,11,7,4,5,6,3,2,3,3,3,2
34,30,22,13,10,11,7,2,2,6,8,12,13,10,4,3,5,6,4,5,7,9,8,7
16,18,16,12,10,13,8,3,3,7,9,11,11,8,3,3,7,9,9,12,15,15,13,10
10,11,11,10,10,11,7,3,3,8,11,13,14,11,4,4,7,10,12,15,18,17,16,14
8,8,8,8,7,7,5,2,3,8,13,15,15,12,6,4,6,9,12,14,17,18,16,15
6,6,7,7,5,4,4,3,4,7,13,15,13,10,6,4,5,7,10,12,17,19,17,12
5,6,8,8,6,4,5,7,7,8,11,11,8,5,5,6,6,6,8,11,16,20,19,13
4,6,10,12,10,6,8,12,13,12,12,11,8,5,5,8,8,7,8,11,15,19,18,13
5,7,11,14,11,9,14,19,19,13,10,9,8,6,4,6,9,12,13,14,16,17,15,11
6,7,10,12,11,13,19,23,21,14,10,9,8,6,3,4,9,15,17,17,17,15,14,12
5,6,8,9,11,15,20,21,19,15,14,12,8,4,2,4,9,14,16,17,16,14,14,16
3,6,9,11,11,15,17,15,13,16,19,14,7,2,2,6,11,15,15,15,14,13,12,12
4,7,11,12,10,14,15,14,13,15,15,10,5,3,3,8,12,14,14,13,13,13,11,9
6,7,10,12,9,13,14,13,13,12,11,7,3,3,3,8,13,15,14,13,13,15,14,11
7,6,9,11,10,12,12,11,11,11,10,5,2,1,2,6,12,15,15,14,14,15,15,13
9,7,8,11,12,12,9,9,11,12,11,6,2,0,1,3,10,14,14,17,16,15,13,10
