102,103,104,104,103,103,102,101,101,100,102,102,102,103,104,104,102,101,100,102,102,103,103,102
101,103,104,104,104,103,102,101,101,100,101,102,102,103,104,104,103,102,102,103,103,104,105,105
103,103,104,105,105,104,103,102,102,101,101,102,103,104,105,105,104,104,104,104,104,105,106,106
105,105,106,106,105,104,104,104,103,103,103,104,105,105,106,106,106,106,106,106,106,106,106,106
106,107,107,107,106,106,105,105,105,105,106,107,107,107,106,107,107,107,106,108,108,107,106,105
107,108,108,109,109,109,109,108,108,108,109,109,109,109,108,107,107,107,108,108,107,106,106,104
109,110,111,111,111,111,110,109,109,109,109,109,110,110,109,107,106,107,107,106,104,105,105,104
110,110,111,111,111,111,109,107,107,107,107,108,108,108,107,106,106,106,106,105,104,104,105,104
108,109,108,108,109,108,107,105,104,104,104,105,106,106,105,105,105,105,106,105,105,105,105,105
106,106,104,104,106,106,105,105,105,104,103,104,105,105,104,104,105,105,105,105,105,105,105,105
107,105,103,103,104,105,106,105,105,105,105,104,104,105,105,104,105,105,105,105,105,105,106,106
107,105,105,105,105,105,106,106,105,106,106,105,104,105,106,105,106,106,107,107,106,107,108,107
107,106,107,107,107,106,106,106,106,106,106,106,105,106,106,106,107,108,108,108,108,108,108,107
107,108,108,108,108,107,107,106,107,107,107,107,107,107,107,107,109,109,108,108,108,108,108,107
109,108,108,108,109,109,108,108,109,108,107,108,109,109,109,110,110,110,109,109,109,109,108,108
111,111,110,111,111,110,110,111,111,110,110,110,111,110,110,111,111,111,111,111,110,110,111,112
112,112,112,112,112,111,111,112,112,112,112,112,112,112,111,111,112,112,112,112,111,111,112,113
112,112,112,112,111,110,111,112,112,112,113,113,113,112,112,112,112,113,113,112,111,112,112,112
112,111,111,111,110,109,111,112,112,111,113,113,113,112,112,112,112,112,113,112,112,112,112,113
111,110,111,111,111,110,111,112,111,111,113,113,112,111,111,112,112,112,113,112,113,112,112,113
112,111,112,112,112,112,112,112,112,113,114,114,113,112,112,112,112,113,113,113,114,113,112,112
112,112,113,114,114,113,113,113,113,115,115,115,115,114,114,113,114,114,114,114,114,114,113,113
114,114,114,115,115,114,113,114,115,115,115,117,117,116,115,115,115,116,116,116,116,115,116,115
115,115,115,115,115,114,113,114,115,115,116,118,119,118,116,115,115,116,117,119,118,118,119,118
