111,111,111,111,112,111,111,112,113,113,113,113,113,113,113,114,114,114,113,113,113,113,114,115
112,112,111,111,112,111,111,112,113,114,114,113,113,114,113,114,115,115,114,113,113,113,114,115
113,113,112,112,113,112,112,113,114,115,114,113,113,114,114,115,116,116,116,114,114,114,115,115
113,114,113,113,114,113,113,114,115,114,114,114,113,114,115,116,116,117,117,116,116,116,116,115
113,114,114,115,115,114,114,114,114,114,115,115,114,114,114,116,117,117,118,118,117,117,116,115
115,115,114,115,116,116,115,115,116,116,116,116,116,116,115,116,117,117,117,116,117,118,117,116
118,117,116,115,116,117,117,117,117,117,117,117,117,117,117,117,117,118,118,117,118,119,118,117
119,118,117,117,117,118,119,118,117,118,118,119,119,119,118,118,118,119,119,119,119,119,119,119
118,118,119,119,119,119,119,118,118,118,119,119,119,120,119,118,119,120,120,119,119,119,120,120
116,119,121,121,120,120,119,118,118,119,120,120,119,119,120,119,120,120,121,120,119,120,120,121
116,120,122,122,121,120,119,119,119,121,121,121,121,121,121,121,120,120,121,121,121,121,121,121
111,117,121,122,122,121,120,119,120,121,121,121,122,122,122,122,121,121,122,122,122,122,122,121
108,116,122,122,122,122,121,121,121,121,120,121,122,123,122,122,122,122,122,122,122,122,122,121
110,119,123,122,123,122,122,123,123,123,122,122,123,123,122,122,122,122,122,123,123,124,123,122
114,119,122,123,124,123,123,124,125,125,123,124,124,123,122,123,123,123,123,124,125,125,124,124
116,120,123,123,122,123,123,123,124,125,123,125,125,124,124,124,125,124,124,125,125,125,124,124
119,122,124,124,123,124,123,123,125,126,124,125,126,126,125,126,126,125,125,126,125,125,125,125
117,122,125,125,125,126,125,125,126,127,126,126,126,127,126,127,127,126,127,128,127,126,126,127
112,120,126,126,127,127,127,127,127,127,126,126,127,127,126,127,127,127,128,130,129,128,128,129
114,122,127,127,127,127,128,129,129,128,128,128,128,128,127,127,127,128,129,131,130,129,129,129
124,126,128,128,128,128,128,129,130,129,129,129,129,129,129,128,127,128,129,131,131,131,130,130
128,129,129,129,130,130,128,129,129,129,129,129,129,129,130,129,128,129,131,130,131,131,130,129
129,129,129,130,131,131,129,128,129,129,130,130,129,130,131,130,130,131,132,131,131,130,130,130
130,129,129,130,131,131,130,129,129,130,131,130,130,131,131,130,131,132,133,132,131,130,131,133
