115,114,112,113,114,115,114,114,114,114,114,113,113,112,114,114,113,113,113,113,114,113,113,114
115,114,113,114,115,114,114,114,115,115,115,114,114,114,115,115,114,114,115,114,114,115,114,115
115,115,114,115,116,114,113,114,115,115,115,115,115,115,115,115,115,115,116,115,116,116,115,116
115,115,115,115,116,114,114,115,116,116,116,116,115,114,115,116,116,116,116,116,116,116,115,116
116,117,117,116,115,115,116,117,117,117,117,117,116,115,115,117,118,117,118,117,116,116,115,116
118,118,117,117,119,119,117,118,119,119,118,117,116,115,116,118,118,118,117,119,117,116,116,117
119,120,119,118,120,120,119,119,119,118,117,117,117,116,117,118,119,118,117,119,118,116,116,117
120,121,120,119,120,121,120,119,119,118,118,118,118,118,118,119,119,118,118,119,118,117,118,119
120,120,120,120,120,120,120,119,119,119,120,119,119,120,120,120,120,120,120,120,118,119,121,121
120,120,120,121,121,120,121,121,120,121,120,119,120,121,122,121,121,121,122,120,119,120,122,122
121,121,121,121,120,120,121,122,121,121,121,121,122,122,123,122,121,121,121,121,120,121,121,122
121,122,122,121,121,121,123,123,122,121,121,123,123,123,124,123,122,122,122,122,122,122,121,121
122,123,122,121,121,122,124,124,123,122,122,123,124,124,124,123,124,124,124,123,123,123,121,121
123,124,123,122,122,123,125,125,123,122,123,123,123,123,123,124,125,125,125,124,124,124,123,121
125,125,125,124,123,122,123,125,125,123,122,122,123,123,124,125,125,125,125,125,126,127,125,123
125,125,125,126,124,124,124,125,126,124,123,123,124,125,126,126,125,125,126,127,127,128,125,120
126,126,126,126,126,126,126,126,127,126,125,125,125,126,127,127,126,126,126,127,128,128,121,109
126,126,126,126,126,127,127,127,127,128,128,127,127,127,127,128,128,127,126,128,128,129,118,99
127,127,127,127,126,128,128,128,128,129,128,128,128,128,128,129,129,128,127,128,128,130,120,99
128,129,129,128,127,129,130,130,130,130,129,130,130,129,129,129,130,130,130,129,130,131,124,112
129,130,130,130,129,129,129,130,130,130,130,131,131,131,130,130,130,131,131,131,130,131,123,108
130,130,131,131,130,130,129,129,130,131,131,132,131,131,131,131,131,131,132,132,131,132,122,103
131,130,131,131,131,131,130,130,131,131,132,132,131,131,132,132,133,132,132,133,132,133,124,107
132,131,131,131,132,131,130,130,132,132,132,132,132,132,133,134,133,133,134,135,132,132,128,118
