6,3,3,7,14,30,52,69,84,103,113,115,115,115,114,114,114,116,117,114,113,114,114,114
10,6,3,5,11,24,43,57,70,87,98,107,112,114,113,113,114,116,117,115,114,115,115,114
11,6,2,3,8,21,36,44,48,61,84,101,110,112,108,109,112,115,116,112,112,115,116,115
8,4,1,1,6,19,29,28,28,43,79,103,111,106,98,100,107,111,109,106,109,115,118,118
4,2,1,2,5,11,12,11,17,42,80,106,109,96,80,83,97,101,94,98,110,116,119,119
1,2,4,6,6,5,4,3,12,36,70,94,90,67,51,65,78,79,77,98,114,120,120,119
2,5,9,10,7,3,2,3,9,28,56,70,61,41,32,41,46,51,69,102,117,121,121,121
6,10,13,12,7,4,3,4,8,21,38,43,36,24,20,20,21,32,60,98,117,122,122,123
10,12,12,9,6,5,5,4,6,14,23,24,21,17,13,11,14,24,47,85,113,123,123,123
7,6,6,6,7,8,7,5,4,8,14,16,16,13,9,13,17,21,35,72,108,123,124,124
4,2,3,5,6,8,9,6,3,6,12,14,14,13,11,16,19,25,45,85,112,123,125,124
3,1,2,5,6,9,9,6,5,8,11,13,14,15,15,17,19,28,54,93,116,124,124,124
7,4,4,5,6,7,6,6,7,10,11,13,15,17,18,18,20,34,64,100,118,120,120,123
16,14,9,5,5,5,5,6,10,11,12,13,14,16,17,17,23,41,68,97,110,109,111,122
29,28,20,9,5,6,7,11,14,12,10,9,10,14,18,17,26,39,52,69,82,89,102,121
25,24,17,9,6,9,12,16,18,14,11,8,11,18,22,15,18,29,39,44,56,80,107,126
19,18,13,7,8,13,18,20,19,16,14,10,11,17,21,13,14,24,32,28,34,62,100,125
15,14,12,11,14,18,20,19,17,17,16,11,9,11,15,13,13,18,23,19,20,41,79,113
15,14,15,18,21,21,18,15,15,17,15,9,4,6,11,11,9,7,9,13,13,26,57,92
18,18,18,17,16,16,14,13,14,17,14,7,4,6,10,8,4,3,5,7,8,20,47,74
18,21,18,12,10,13,18,17,12,11,9,7,6,7,10,6,3,3,4,4,7,22,48,69
17,17,13,9,9,14,22,21,13,8,8,7,8,10,10,5,2,1,2,1,5,16,36,55
14,11,8,8,12,17,22,20,12,7,8,7,9,14,10,3,0,0,0,0,3,8,22,39
11,8,7,10,16,19,19,15,9,5,7,7,11,15,8,2,0,0,0,0,3,9,20,33
