3,2,2,6,11,12,16,20,18,11,4,1,2,5,7,5,7,11,14,18,48,78,100,115
6,5,5,7,10,10,13,16,15,12,8,3,3,6,9,8,9,11,12,12,30,61,96,121
8,7,6,5,5,5,7,8,10,11,8,4,4,7,11,10,10,11,11,13,30,66,106,129
7,6,4,2,1,1,2,2,4,7,6,5,7,10,12,12,10,10,13,27,55,93,123,134
4,3,2,1,0,0,0,1,2,4,4,7,12,14,14,14,9,7,16,47,87,117,132,134
2,2,1,0,0,0,0,0,1,1,2,7,13,17,17,19,13,9,19,57,99,124,133,134
1,1,0,0,0,0,0,0,0,0,1,4,8,11,14,20,18,15,29,73,113,131,134,134
3,1,0,0,0,0,0,0,0,0,0,2,3,6,11,19,21,25,42,84,118,132,135,135
6,2,0,0,1,3,2,1,0,0,0,0,1,4,10,15,19,27,45,76,108,127,135,137
9,4,0,1,5,9,6,1,0,1,1,1,1,3,8,9,10,15,26,51,92,123,137,139
11,4,0,3,9,13,8,3,1,1,5,5,3,2,4,4,3,7,26,68,108,131,139,140
8,4,2,3,9,15,10,4,1,2,9,11,7,2,2,1,1,13,45,98,127,135,136,140
5,3,2,3,7,14,9,3,1,2,8,10,7,3,2,2,8,29,66,107,120,125,132,141
4,3,1,2,5,9,6,2,1,2,5,5,5,4,4,8,24,47,70,82,90,108,130,143
4,2,1,2,4,4,2,1,1,3,5,5,6,7,8,22,43,52,46,45,71,108,135,144
3,2,1,1,2,2,1,0,3,8,12,11,10,8,6,19,30,27,21,42,92,128,142,144
3,3,4,4,2,1,1,2,6,13,16,17,14,9,4,8,12,13,21,59,112,139,145,144
5,6,6,6,3,2,4,7,9,12,15,17,16,10,4,2,12,31,59,93,128,143,145,146
11,9,8,6,3,4,9,11,11,9,10,12,12,9,6,9,33,74,115,130,141,145,146,148
16,12,9,7,5,6,9,10,9,7,8,8,6,4,7,27,65,108,141,146,147,146,146,146
15,11,10,9,7,7,8,10,10,9,15,13,8,8,18,63,107,135,146,148,148,147,148,148
10,8,9,12,12,10,11,12,11,7,14,15,17,22,33,80,119,139,143,148,150,150,150,151
6,7,11,15,16,13,14,12,8,9,18,19,24,37,53,88,114,131,142,150,152,153,153,154
4,9,15,18,16,13,12,8,7,18,33,28,26,42,71,98,113,127,144,152,154,154,155,156
