0,0,0,0,0,0,0,0,0,0,0,0,0,0,0,0,0,0,1,2,4,4,3,1
0,0,0,0,0,0,0,0,0,0,0,0,0,0,0,0,0,0,2,7,15,17,14,9
0,0,0,0,0,0,0,0,0,0,0,0,0,0,0,0,0,1,8,28,45,52,44,28
0,0,0,0,0,0,0,0,0,0,0,0,0,0,0,0,0,1,12,42,60,75,69,44
0,0,0,0,0,0,0,0,0,0,0,0,0,0,0,0,0,1,7,26,36,59,64,42
0,0,0,0,0,0,0,0,0,0,0,0,0,0,0,1,1,1,2,6,11,37,49,34
1,0,0,1,0,0,0,0,0,0,0,0,0,0,0,0,0,0,0,1,4,20,29,20
1,1,1,1,0,0,0,0,0,0,0,0,0,0,0,0,0,0,0,1,3,8,11,9
1,1,1,1,0,0,0,0,0,0,0,0,0,0,0,0,0,1,0,1,1,2,2,2
1,1,1,1,2,1,0,0,0,0,0,0,0,0,0,0,0,0,0,0,0,0,0,1
1,0,0,1,3,3,1,0,0,0,0,0,0,0,0,0,0,0,0,0,0,0,0,0
0,0,0,1,3,2,1,0,0,0,0,0,0,0,0,0,0,0,0,0,0,0,0,0
0,0,0,1,1,1,0,0,0,0,0,0,0,0,0,0,0,0,0,0,0,0,0,0
1,0,1,1,1,1,0,0,0,0,0,0,0,0,0,0,0,0,0,0,0,0,0,0
1,1,1,1,1,1,0,0,0,0,0,0,0,0,0,0,0,0,0,0,0,0,0,0
2,2,1,1,1,0,0,0,0,0,0,0,1,1,1,1,0,0,0,0,0,0,0,0
4,4,3,1,1,0,0,0,0,0,0,1,1,2,2,2,1,0,0,0,0,0,0,0
18,12,6,2,1,0,0,0,0,0,0,1,2,3,5,5,3,1,0,0,0,0,0,0
42,24,9,3,1,1,3,4,3,1,1,2,4,7,11,10,6,2,0,1,3,2,0,0
65,34,13,7,3,4,16,22,16,5,3,4,8,17,27,20,9,2,1,4,11,9,3,0
87,58,36,23,9,7,32,43,31,13,12,10,11,24,49,43,21,4,1,3,8,7,3,1
104,81,53,29,14,9,34,46,34,20,29,29,26,38,77,80,47,14,1,1,3,3,2,1
113,96,66,38,23,12,24,32,26,17,31,37,33,42,89,110,78,30,4,1,0,1,0,0
114,103,79,53,35,19,15,17,16,8,16,22,21,32,79,117,95,45,9,2,0,0,0,1
