2,1,1,2,5,17,16,8,1,1,1,3,3,2,1,5,6,3,0,0,1,1,1,0
2,1,2,3,3,7,7,3,1,1,3,5,4,2,1,3,4,2,0,0,0,0,0,0
2,1,1,2,1,1,1,1,1,2,4,7,6,2,1,2,1,1,0,0,0,0,0,0
3,2,1,1,1,0,0,1,1,2,4,7,5,1,0,1,0,0,0,0,0,0,0,0
5,2,1,1,0,0,0,0,0,1,2,2,2,1,0,0,0,0,0,0,0,0,0,0
6,3,1,1,0,0,0,0,0,1,1,1,1,1,0,0,0,0,0,0,0,0,0,0
4,2,1,1,1,1,0,0,0,0,0,0,0,0,0,0,0,0,0,0,0,0,0,0
2,1,1,1,1,1,0,0,0,0,0,0,0,0,0,0,0,0,0,0,0,0,0,0
1,1,2,2,2,1,0,0,0,0,0,0,0,0,0,0,0,0,0,1,0,0,0,0
1,1,2,3,3,1,0,0,0,0,0,0,0,0,0,0,0,0,0,1,1,1,1,0
1,1,2,2,2,2,1,0,0,0,0,0,0,0,0,0,1,2,2,1,1,1,1,1
0,1,1,1,2,1,0,0,0,0,0,0,0,0,0,0,2,3,3,2,1,1,1,1
0,1,5,7,5,2,0,0,0,0,0,0,0,0,0,0,2,4,4,3,5,7,5,2
0,3,16,25,14,3,1,1,0,0,0,0,0,0,0,1,1,2,3,3,9,13,11,5
0,6,33,50,29,6,1,1,1,1,1,1,1,1,1,1,1,1,1,2,6,9,9,8
0,11,43,59,30,6,1,1,1,1,1,1,1,1,2,1,1,1,1,2,3,3,6,10
1,16,49,60,24,5,1,2,3,3,2,1,1,1,3,4,4,3,4,8,7,4,5,11
1,17,43,48,15,3,1,4,8,8,4,2,1,2,8,18,19,14,12,23,21,17,19,24
1,11,24,24,6,2,1,6,13,13,8,5,3,6,22,44,48,40,36,44,39,43,54,62
0,3,5,5,2,1,2,6,12,16,24,21,13,15,44,73,81,82,83,68,55,77,109,119
0,1,1,1,1,2,5,14,31,56,82,62,29,23,61,99,115,123,127,105,90,110,137,143
1,1,1,1,2,9,31,59,84,104,107,67,34,42,81,101,105,117,138,134,127,134,145,147
1,1,1,3,11,35,72,106,128,128,89,49,46,79,106,97,85,98,133,145,147,146,145,145
1,1,1,6,25,70,103,123,132,122,60,38,69,117,126,104,88,100,132,145,147,146,145,146
