40,39,30,19,16,20,20,19,19,16,10,9,11,12,11,7,5,6,10,16,20,19,19,22
48,45,35,23,18,19,17,14,14,14,9,7,7,7,8,6,5,6,10,16,17,17,17,20
51,42,30,22,18,17,14,10,9,13,11,8,5,3,4,6,8,8,10,15,17,16,16,19
49,36,24,19,17,14,12,10,9,11,12,10,6,2,4,9,12,12,11,16,19,17,15,17
47,37,26,19,15,13,14,14,12,9,10,10,8,5,7,11,15,15,14,17,21,17,13,13
38,32,25,20,18,19,20,19,15,10,7,9,9,8,10,13,14,14,14,15,16,11,8,8
60,49,34,24,20,20,21,21,19,13,9,9,10,11,12,12,11,12,14,14,11,8,6,5
83,70,51,34,23,19,18,18,17,14,12,12,12,13,13,10,8,9,12,13,10,8,8,7
93,88,72,50,30,20,16,13,10,11,13,12,13,15,15,11,9,8,8,12,12,11,11,10
94,100,90,66,44,29,23,14,6,7,7,5,9,16,20,16,13,10,8,13,15,13,11,11
68,77,75,65,60,56,51,33,13,10,8,5,8,17,22,17,13,11,11,14,16,13,9,9
45,51,53,55,64,70,62,45,32,32,22,11,9,15,21,16,13,13,15,12,15,14,11,9
39,47,56,64,70,73,55,43,45,47,32,18,11,12,17,14,11,12,13,9,15,18,15,10
59,69,88,99,88,73,46,36,42,42,33,23,14,9,11,12,9,7,8,9,17,22,19,12
103,107,126,137,114,77,56,44,35,29,33,26,16,9,10,15,13,9,9,16,20,21,19,16
150,150,156,155,133,105,103,91,60,27,28,29,22,15,26,43,33,15,9,15,17,16,14,13
168,167,167,164,154,144,149,133,89,37,24,26,28,30,49,80,64,27,9,18,30,29,20,14
169,168,167,166,166,167,171,154,111,54,29,25,34,47,62,101,92,50,18,34,52,50,33,20
168,168,167,167,168,167,169,158,127,81,55,42,51,67,66,96,106,77,41,62,67,55,38,29
170,169,168,168,168,167,168,163,148,127,111,95,95,103,88,90,102,89,62,84,54,27,23,32
171,169,168,169,170,169,168,167,165,160,155,147,148,149,128,89,75,64,53,82,62,37,26,28
170,168,167,167,168,168,167,168,169,170,170,168,169,168,156,112,72,47,49,87,82,64,44,30
167,167,165,164,164,165,166,167,168,169,169,169,169,169,168,146,104,70,67,94,95,81,57,33
164,164,163,161,161,164,165,166,167,169,169,169,169,169,169,167,145,116,95,92,92,81,57,33
