19,16,10,4,1,0,0,0,0,0,1,3,5,6,4,2,1,1,1,1,3,4,4,3
16,12,7,4,1,0,0,0,0,0,1,2,5,7,5,2,2,3,4,5,7,7,5,2
13,10,5,3,1,0,0,0,0,0,1,2,4,6,5,2,2,6,9,11,13,10,5,2
13,10,7,4,1,0,0,0,0,0,1,1,2,3,3,2,4,8,12,16,15,9,3,1
12,13,12,7,2,1,0,0,0,0,0,0,0,2,4,5,6,8,9,14,12,7,2,2
16,18,17,10,3,1,0,0,0,0,0,0,0,1,2,4,5,5,5,7,11,10,8,6
18,18,13,6,2,0,0,0,0,0,0,0,0,0,1,3,3,3,3,7,14,17,16,14
16,13,8,2,1,0,0,0,0,0,0,0,0,0,0,1,2,5,9,13,16,17,16,15
11,9,4,1,0,0,0,0,0,0,0,0,0,0,0,2,5,11,18,21,18,14,12,12
7,6,3,1,0,0,0,0,0,0,0,1,1,0,1,6,11,17,24,27,21,15,13,14
8,5,2,1,1,1,1,1,1,1,0,0,0,0,3,12,18,21,22,26,23,17,15,16
12,7,2,1,2,2,2,5,6,4,1,0,0,1,4,13,19,20,19,25,26,21,14,13
14,7,2,0,2,2,3,8,13,10,3,0,1,1,3,11,18,19,18,24,26,19,11,7
10,5,1,0,1,2,3,10,17,16,6,1,1,2,3,11,18,21,21,21,20,13,6,3
8,3,0,0,0,1,3,9,17,17,7,2,1,3,9,16,20,21,21,17,14,9,4,1
6,2,0,0,1,1,2,6,10,11,8,4,4,8,16,21,20,19,20,16,11,6,2,0
3,2,1,1,1,1,2,6,9,10,6,4,7,13,19,19,18,18,18,17,11,6,2,0
3,2,1,1,2,2,3,6,9,8,4,3,7,13,16,15,15,16,19,20,14,7,2,0
5,4,3,3,4,4,3,4,5,5,2,2,5,8,10,11,12,16,23,23,17,9,3,1
5,6,6,6,9,7,4,2,2,2,2,4,4,3,3,8,13,19,24,22,18,10,3,1
4,7,8,10,15,16,8,2,1,1,4,11,12,5,2,7,18,25,25,20,16,9,2,1
3,7,13,21,28,26,14,4,1,2,7,15,17,9,3,6,17,26,28,19,13,6,2,1
5,11,19,27,34,28,15,5,2,4,12,20,21,14,5,6,15,26,29,18,11,6,4,5
8,17,23,25,29,22,11,4,2,6,19,28,27,17,8,8,17,26,28,17,11,7,8,14
