159,159,151,125,81,51,38,30,23,19,14,12,10,8,8,4,4,9,21,33,31,25,16,7
156,155,150,137,113,86,53,30,18,14,11,12,12,12,10,8,6,11,28,56,59,45,33,32
152,152,149,144,136,108,63,32,21,19,19,19,19,19,16,12,8,12,33,67,83,78,72,77
147,146,143,140,135,109,74,58,63,68,68,62,52,40,27,23,22,26,41,65,88,97,95,92
137,134,131,129,125,108,105,123,149,160,158,146,122,89,60,61,68,74,77,80,90,88,74,59
126,124,125,125,125,127,156,187,202,202,200,199,189,172,158,169,178,181,177,163,130,89,64,64
132,132,133,133,131,138,174,200,204,199,197,198,205,214,223,229,232,233,231,222,172,99,56,64
135,135,136,135,132,138,174,197,196,188,186,188,201,225,245,246,244,243,245,242,191,110,74,101
132,131,133,134,133,140,173,193,192,186,184,185,199,223,242,243,240,239,242,239,189,119,109,165
134,135,138,142,147,157,176,186,187,186,183,183,196,220,240,241,238,238,239,237,187,125,132,208
152,153,153,150,150,163,169,174,180,185,183,181,192,216,239,241,240,239,240,239,190,126,132,209
161,160,157,153,151,159,160,166,177,187,185,179,187,213,239,243,242,242,242,240,194,129,131,204
161,158,154,151,152,157,155,163,179,190,187,178,185,213,240,245,244,243,243,242,197,132,131,201
155,153,150,149,152,157,153,161,179,188,182,170,179,210,241,246,245,244,244,242,200,135,132,200
152,151,149,149,150,153,147,151,162,161,152,139,153,197,238,246,245,245,245,243,202,137,133,202
159,152,147,147,149,147,135,115,96,86,81,73,105,175,233,242,242,242,243,240,201,136,131,200
161,151,143,144,147,144,127,90,52,39,40,39,73,139,192,196,195,198,202,198,170,119,123,194
160,149,143,142,143,142,128,95,63,58,66,69,87,120,143,135,126,124,127,124,110,87,113,187
158,148,143,141,136,139,141,133,125,132,141,143,140,136,128,109,87,67,56,54,51,54,101,173
150,141,136,131,125,142,172,191,195,196,195,191,185,180,172,163,134,88,45,38,35,42,78,129
128,125,123,118,114,144,187,205,199,191,186,182,178,174,169,169,151,102,45,31,28,31,46,67
115,112,109,105,107,141,183,196,184,174,172,170,169,165,159,161,149,102,41,25,21,22,25,30
122,116,106,100,104,136,172,182,172,166,166,165,165,162,155,158,143,95,33,18,15,16,18,19
138,130,114,102,105,133,165,175,168,165,164,163,162,160,156,160,144,91,28,15,13,14,18,21
