231,197,143,119,154,182,198,202,200,195,193,160,105,59,50,46,43,39,33,26,27,26,22,17
226,181,136,132,173,187,195,202,206,203,198,171,119,68,54,51,48,44,41,38,40,43,41,35
221,167,123,127,163,151,156,179,204,209,206,183,135,83,67,64,59,56,56,59,63,65,62,57
215,159,111,109,134,109,115,153,194,209,208,186,141,95,82,78,72,68,69,77,83,81,73,66
206,155,111,104,122,113,118,149,187,204,200,178,137,98,90,86,79,73,71,82,89,83,68,57
191,155,135,130,118,118,132,161,193,204,188,164,131,101,93,88,78,69,68,76,72,61,50,43
180,165,164,158,127,119,136,171,203,209,190,159,126,98,84,83,80,76,76,77,68,60,54,49
164,170,179,171,135,114,134,174,208,215,202,168,130,98,75,71,74,79,80,73,68,71,73,69
145,164,177,166,134,102,123,168,206,219,214,185,146,108,76,62,68,79,81,71,69,82,92,87
133,156,168,155,123,87,103,151,198,217,218,200,168,129,92,72,76,87,91,85,81,91,96,88
126,147,159,146,118,101,100,133,181,207,216,210,186,147,107,83,83,92,95,95,98,106,98,74
102,131,152,147,126,123,107,116,151,185,205,210,196,165,120,91,87,95,101,105,114,121,108,81
96,124,149,149,130,131,109,100,121,159,186,194,190,173,135,101,93,99,105,111,120,128,121,102
117,133,149,146,123,117,100,88,99,135,158,159,162,166,145,114,99,99,104,109,115,123,124,116
134,140,148,140,109,93,85,80,87,114,121,110,119,143,140,117,100,95,97,103,107,110,109,105
120,134,146,138,106,81,67,62,69,87,78,72,89,118,120,107,96,92,94,98,100,99,97,95
104,124,139,130,99,77,62,61,68,68,50,50,71,98,106,102,97,93,91,92,98,100,99,97
99,119,134,126,98,81,69,72,77,65,46,47,65,88,102,102,100,94,88,85,95,103,105,105
107,122,134,129,109,96,85,85,88,77,64,63,74,90,105,104,101,95,86,81,91,100,107,111
123,130,131,125,120,118,108,101,101,102,100,99,101,106,112,107,102,98,96,91,93,97,104,112
137,139,125,110,112,121,117,110,109,113,115,115,115,115,116,115,110,106,103,100,99,96,98,105
148,145,122,99,101,113,112,108,108,112,118,119,115,111,111,112,110,106,101,98,93,86,85,92
157,148,121,96,93,107,110,110,111,114,117,114,107,101,104,105,103,100,97,92,83,74,75,82
162,149,123,97,90,110,118,120,122,122,117,108,99,96,102,102,98,96,96,90,79,71,74,83
