136,137,137,138,138,137,138,137,133,127,125,124,115,92,54,27,27,45,57,38,60,71,55,28
132,131,132,134,133,133,135,134,130,126,126,124,119,106,79,43,27,30,38,30,45,51,40,26
132,130,130,132,131,130,131,131,129,127,127,126,124,118,105,73,45,29,24,22,27,29,26,24
135,133,133,133,133,131,130,130,130,128,128,129,128,124,119,103,79,55,40,34,30,28,28,30
137,136,135,134,135,135,134,133,131,129,129,130,130,127,124,121,113,100,85,75,66,58,53,50
139,138,135,134,135,136,136,134,131,129,129,130,131,130,130,128,126,123,118,114,108,102,96,91
143,141,139,137,138,136,135,134,132,132,132,133,133,133,133,132,131,131,129,127,125,122,119,117
142,141,141,141,142,139,138,137,136,136,136,134,132,130,131,132,131,130,130,129,128,127,127,128
138,139,141,142,143,142,141,141,139,138,137,134,130,129,129,130,129,128,129,129,129,128,129,130
138,139,140,140,140,141,142,141,140,139,137,136,135,134,131,130,129,129,129,129,130,130,131,132
138,139,139,138,137,139,139,138,137,136,135,136,136,134,132,132,132,133,133,131,131,133,135,135
137,138,139,138,137,139,139,138,136,136,136,136,137,136,133,134,136,137,135,133,132,134,137,138
138,139,140,141,140,140,140,138,136,137,138,138,138,137,134,136,138,138,136,134,132,133,135,137
140,141,143,143,142,140,139,137,136,137,138,139,139,137,135,138,138,138,137,135,133,132,133,134
141,143,142,140,138,136,133,132,133,134,137,138,138,137,135,137,138,138,138,136,135,134,134,135
140,141,138,131,126,123,119,118,121,124,130,134,137,137,135,136,139,141,142,141,139,137,137,137
135,137,135,131,128,124,119,118,122,126,131,134,136,137,135,137,140,143,144,142,141,141,141,140
127,131,134,136,136,133,130,129,131,135,137,137,137,137,137,139,141,143,143,139,139,140,141,141
116,123,131,136,138,138,138,139,140,140,141,139,138,138,139,141,141,142,141,136,135,136,138,140
107,111,119,126,129,130,134,137,137,136,140,139,138,139,140,141,141,141,141,136,134,137,139,139
110,109,113,118,121,120,121,123,123,122,125,129,132,134,137,138,139,140,140,138,137,138,140,140
109,106,106,108,112,113,110,108,108,107,111,117,121,123,127,129,130,133,137,140,139,139,140,142
102,99,98,99,103,108,104,100,99,99,103,107,109,111,115,116,116,119,127,135,137,136,137,140
93,93,92,92,97,105,102,100,100,98,100,102,104,105,107,105,104,107,115,126,129,127,129,134
