253,253,253,253,253,252,228,188,154,142,126,101,83,80,91,117,135,118,75,63,162,234,255,253
253,253,253,253,253,252,231,193,159,146,133,115,102,100,108,128,140,119,75,63,163,234,255,253
253,253,253,253,253,253,236,202,167,151,144,142,145,148,148,149,147,122,78,65,163,233,255,253
253,253,253,253,253,253,240,211,177,158,158,171,186,194,186,169,155,125,82,67,163,233,255,253
253,253,253,253,253,253,242,217,188,170,175,188,198,201,194,174,157,126,83,67,163,233,255,253
253,253,253,253,253,253,243,220,192,172,172,173,173,173,170,160,153,129,87,70,164,233,255,253
253,253,253,253,253,253,245,222,191,165,155,147,144,147,151,150,152,136,96,75,165,233,255,253
253,253,253,253,253,253,245,221,187,158,141,128,124,129,136,138,146,139,110,85,168,233,255,253
253,253,253,253,253,253,243,218,184,156,135,119,112,115,118,123,133,137,123,98,172,233,255,253
253,253,253,253,253,253,241,214,182,157,132,110,97,94,95,102,116,130,132,113,178,234,254,253
253,253,253,253,253,253,238,211,180,156,126,99,81,72,68,76,93,117,133,129,187,236,254,253
253,253,253,253,253,253,241,218,193,169,131,95,69,55,53,60,73,94,118,134,193,238,254,253
253,253,253,253,253,253,243,227,208,187,144,101,65,42,41,48,55,71,97,128,194,239,254,253
253,253,253,253,253,253,244,231,217,201,161,115,70,36,29,33,38,52,82,123,194,240,254,253
253,253,253,253,253,253,246,235,223,212,179,132,82,41,22,17,21,42,81,125,197,241,254,253
253,253,253,253,253,253,248,240,232,224,199,154,104,61,29,15,16,39,82,126,198,241,254,253
253,253,253,253,253,253,248,240,233,227,210,172,127,85,49,29,26,44,77,116,193,240,254,253
253,253,253,253,253,253,247,237,229,224,212,185,147,107,70,46,39,47,67,101,185,239,254,253
253,253,253,253,253,253,246,235,225,218,210,194,168,134,95,62,48,46,57,90,180,238,254,253
253,253,253,253,253,253,246,233,221,212,207,206,201,181,141,93,62,50,56,88,179,237,254,253
253,253,253,253,253,253,246,232,217,204,199,201,205,201,178,134,92,66,65,93,180,237,254,253
253,253,253,253,253,253,245,227,204,181,167,162,163,162,149,124,96,74,69,94,180,237,254,253
253,253,253,253,253,253,242,213,173,137,125,121,112,96,83,79,81,79,77,100,183,238,254,253
253,253,253,253,253,253,237,195,137,92,97,107,89,52,35,46,70,86,91,114,190,240,254,253
