67,86,103,110,108,101,100,96,89,85,92,104,103,89,74,59,50,51,56,61,64,75,93,109
65,80,103,123,132,129,124,118,110,106,107,114,111,93,68,69,83,96,102,108,115,123,130,135
69,83,104,125,141,141,136,130,126,125,122,122,118,101,72,79,106,128,139,153,161,160,151,142
84,101,116,126,138,138,131,127,127,129,125,120,116,104,82,84,109,135,153,173,180,171,151,135
108,127,138,140,142,138,129,122,120,120,117,110,103,97,87,86,106,134,158,175,179,170,154,141
131,139,143,143,144,142,135,127,122,124,120,109,97,86,81,86,108,131,145,154,168,170,160,149
144,145,146,145,145,145,140,132,127,131,131,117,96,78,73,86,115,141,151,143,145,147,144,137
145,146,146,146,145,145,141,133,126,128,132,120,95,74,74,95,126,158,176,163,149,143,140,135
140,142,144,145,146,145,141,132,123,122,125,112,89,73,81,108,136,169,197,195,177,163,155,148
139,140,142,144,145,143,140,133,126,124,119,100,81,73,85,114,139,166,194,202,195,183,168,158
141,140,140,141,142,140,139,136,132,127,118,99,83,78,90,117,138,160,185,195,195,185,169,155
143,140,138,138,139,137,136,136,137,140,134,116,96,87,95,118,137,156,177,187,190,183,167,153
146,143,141,140,142,139,137,137,145,158,161,142,114,96,100,118,135,153,171,181,183,178,165,149
148,148,146,146,147,145,143,144,154,175,185,165,130,103,102,119,135,150,167,180,181,175,162,147
145,145,147,148,149,149,147,148,159,183,197,179,140,107,103,119,136,152,168,186,186,178,164,149
132,133,135,136,137,139,138,138,149,179,199,185,150,115,105,117,133,151,171,195,198,189,172,155
114,115,115,116,116,119,117,111,123,166,193,188,158,121,101,107,122,141,167,199,208,199,178,156
100,100,99,99,100,101,94,81,93,153,190,193,166,125,95,98,113,135,164,201,215,205,179,153
95,93,92,92,92,91,76,57,73,147,193,202,178,136,101,102,118,142,172,204,213,200,170,142
94,89,85,85,85,83,63,44,69,154,200,210,190,158,137,135,145,164,186,204,190,165,137,117
107,90,80,80,79,78,60,49,80,164,206,210,194,176,171,169,171,181,194,188,150,119,103,95
139,107,83,78,77,76,65,66,101,175,207,207,196,192,195,189,188,195,199,171,121,93,85,84
168,131,96,80,76,75,72,80,115,177,202,201,197,201,204,197,199,205,198,156,106,83,81,83
178,148,111,85,76,73,73,82,115,170,192,195,197,203,203,199,205,209,192,145,100,80,80,85
