155,146,127,100,82,108,121,123,122,124,113,102,100,103,101,91,86,89,97,94,88,81,79,81
159,151,125,92,77,106,119,119,117,120,115,110,111,113,102,91,90,95,100,98,94,88,84,82
167,154,113,74,73,114,125,120,116,119,115,112,114,115,103,94,96,99,97,97,98,97,94,93
157,141,94,55,69,121,133,127,121,122,117,115,115,114,106,102,103,100,95,100,106,108,110,111
114,110,75,45,65,116,133,133,130,127,123,126,128,124,116,112,109,104,102,115,122,126,127,127
76,84,71,57,76,117,135,139,134,127,130,135,137,133,127,128,124,119,119,127,128,132,134,133
81,91,96,97,107,125,134,135,131,126,128,130,130,129,128,131,129,126,127,129,133,139,142,139
104,112,119,120,113,117,121,124,125,125,124,120,118,120,122,125,127,129,131,132,137,141,140,137
121,125,126,116,98,100,107,117,124,127,121,114,112,115,116,118,123,128,130,133,136,132,126,123
119,122,120,108,92,98,109,122,132,134,124,115,115,117,114,116,121,123,120,124,122,114,106,105
105,113,118,114,104,110,115,120,124,127,128,126,124,120,110,113,114,111,108,112,112,105,99,99
102,120,129,121,108,106,106,108,112,118,124,126,122,113,100,105,108,108,106,108,115,114,108,103
111,135,141,125,107,102,99,102,107,110,115,117,113,105,98,103,107,107,105,107,119,122,116,110
126,148,146,124,106,104,101,102,105,104,107,109,107,104,105,111,111,106,102,107,118,120,117,115
137,152,144,119,103,105,102,97,93,97,106,114,113,109,112,118,118,111,104,110,115,116,116,120
140,149,134,107,93,95,97,95,94,98,105,115,117,111,109,112,117,118,114,115,114,108,107,112
141,146,131,109,99,97,96,94,93,95,96,103,107,105,101,101,106,111,113,113,107,104,107,113
142,145,135,121,114,105,99,95,93,92,90,92,95,96,93,92,93,97,103,103,100,103,109,114
142,143,136,125,118,106,99,96,94,93,91,90,91,92,91,90,88,89,93,92,92,99,107,109
142,139,125,108,99,90,88,92,96,97,96,93,93,95,96,92,91,93,93,87,84,91,98,99
151,155,147,130,112,98,98,106,113,110,105,101,101,101,99,96,100,106,105,96,91,94,98,101
162,173,175,165,153,142,140,143,143,136,128,124,122,119,115,110,113,116,114,112,117,119,119,119
169,183,190,189,186,182,179,177,172,166,161,157,151,144,139,135,134,130,123,127,140,144,142,141
170,182,190,190,189,189,189,188,188,187,187,183,174,163,158,156,154,145,133,134,143,147,149,152
