89,89,91,93,92,94,95,93,91,93,92,93,94,95,94,89,86,88,94,96,98,98,96,95
105,106,106,104,100,99,95,91,91,98,101,104,106,106,103,98,95,97,102,100,99,97,96,96
123,125,121,116,114,112,103,98,99,103,107,111,111,109,109,103,102,105,107,102,98,96,96,98
133,132,125,120,121,119,111,107,108,106,107,110,109,105,105,101,102,105,106,100,97,95,95,98
131,127,120,114,113,112,105,105,108,107,107,110,109,103,98,97,99,101,101,96,97,94,93,95
126,126,120,111,103,103,99,98,101,105,109,112,110,104,98,94,93,94,95,91,93,91,91,94
126,127,124,114,104,100,99,100,103,107,115,118,116,110,102,91,87,86,87,82,85,89,93,94
129,131,128,121,116,111,110,112,113,114,120,122,122,118,109,98,92,91,89,81,84,90,96,97
132,134,131,128,129,128,127,127,125,122,123,125,126,126,121,110,107,106,102,93,92,94,96,97
130,133,135,133,132,135,136,135,132,128,127,127,130,133,132,122,118,118,117,112,108,101,94,91
125,131,136,135,132,135,136,136,137,138,136,137,138,140,139,131,127,128,128,125,123,115,106,101
118,123,128,128,125,127,129,129,132,136,137,138,136,133,133,133,131,130,130,129,129,125,118,115
117,119,121,119,114,116,117,119,122,127,126,125,122,119,120,126,128,127,127,124,124,122,119,118
123,121,118,112,107,107,106,109,115,119,112,110,112,112,110,119,124,124,123,119,116,114,113,112
127,121,114,107,103,100,98,103,111,117,116,119,123,122,116,124,127,126,125,122,120,119,116,113
112,107,101,95,92,90,92,98,106,115,122,132,136,132,125,127,127,126,127,125,125,125,123,120
116,115,114,112,109,110,112,114,118,126,135,144,145,139,134,134,132,132,131,127,127,129,130,128
139,142,143,143,141,143,142,140,139,143,149,154,153,147,145,145,145,143,140,136,134,137,139,137
165,166,166,166,165,165,162,158,155,155,158,160,158,155,156,157,157,155,151,150,148,149,148,146
164,166,168,170,170,168,163,160,159,157,160,159,157,158,160,160,160,160,160,161,159,157,157,157
160,159,162,166,169,168,165,164,165,166,167,166,165,165,167,165,165,165,165,165,166,166,166,167
162,161,162,164,165,164,164,165,166,168,168,168,169,171,172,170,170,170,170,168,169,168,168,168
168,168,167,166,165,164,165,166,166,167,167,167,169,172,174,173,172,172,172,169,168,167,166,165
172,173,173,172,168,167,169,170,170,169,168,167,168,171,173,172,171,171,171,167,165,166,166,165
