113,115,118,118,118,122,126,128,128,128,130,132,135,138,140,139,140,140,139,136,137,138,138,137
94,99,102,102,102,104,106,108,109,111,112,113,117,126,135,138,141,142,141,139,140,140,138,138
79,84,87,88,88,92,92,90,89,92,93,91,95,106,118,126,132,135,135,136,138,138,137,138
76,79,82,82,81,85,84,80,79,82,81,80,83,89,97,105,112,116,118,122,124,126,127,128
79,82,84,83,79,77,75,75,77,78,77,78,81,84,85,89,91,93,95,98,101,104,105,106
82,85,86,84,80,77,73,75,78,75,72,74,77,81,84,86,85,83,84,87,88,87,87,86
81,83,81,78,80,83,82,82,82,76,72,73,76,81,88,91,87,83,83,82,79,77,77,79
84,85,81,78,83,89,91,89,84,78,72,67,68,75,86,88,84,83,83,79,76,76,78,79
93,94,90,86,88,92,94,91,84,78,70,61,58,65,75,77,76,77,78,75,76,81,83,81
106,106,103,96,91,92,93,91,87,80,74,67,63,64,67,67,68,68,68,71,78,84,85,83
116,115,115,112,105,102,98,96,94,90,86,85,85,83,79,75,72,70,70,74,80,80,76,76
120,117,117,120,118,117,112,109,109,106,105,105,105,104,101,97,92,90,90,91,91,89,87,87
113,108,108,111,114,118,113,110,112,113,117,119,119,118,117,116,112,109,106,103,101,101,103,106
100,96,94,95,99,104,99,97,101,107,115,121,122,120,120,123,123,119,112,106,107,109,112,117
95,95,92,91,93,96,93,91,92,96,103,108,110,111,115,121,126,124,118,113,114,115,114,114
96,96,96,98,102,102,97,94,94,96,95,95,95,96,102,111,117,118,116,115,115,117,117,115
97,96,99,104,107,103,99,98,100,101,97,96,93,91,95,101,106,108,107,107,110,114,116,115
98,100,106,112,112,106,103,104,108,110,106,103,99,96,97,98,101,104,102,100,103,107,110,112
108,114,121,126,126,121,118,118,120,123,120,113,109,108,107,105,108,109,104,100,103,105,106,107
136,138,142,148,151,149,149,148,148,149,141,131,127,129,130,127,125,121,112,108,111,115,114,111
153,151,153,158,163,164,163,161,161,162,157,152,150,152,155,150,145,138,134,135,141,142,139,133
162,161,162,165,168,168,168,167,167,167,164,161,162,165,167,164,159,154,153,156,161,160,155,151
169,169,170,170,169,168,169,170,170,169,167,166,167,170,171,169,167,166,166,167,170,168,164,161
174,175,175,173,169,168,170,172,173,173,170,171,173,174,172,171,172,173,173,173,173,171,169,167
