132,131,131,130,129,131,131,130,130,132,131,129,127,127,128,128,129,130,129,126,124,124,125,126
134,133,132,130,129,131,133,132,131,131,131,129,128,128,127,127,128,128,127,124,123,124,125,127
134,133,131,130,130,130,132,131,130,129,129,130,130,129,126,127,126,126,125,123,123,123,124,127
132,130,129,129,130,129,128,128,128,128,129,131,132,129,126,127,126,125,124,123,123,122,123,126
131,129,127,127,128,127,126,126,128,130,131,131,131,129,126,126,126,125,124,124,123,123,122,122
128,126,124,125,125,124,125,127,128,129,129,128,126,125,125,125,125,125,126,125,123,123,124,124
125,124,124,125,124,123,124,125,126,127,127,126,125,124,125,125,124,124,123,122,121,122,124,124
127,126,126,126,126,124,122,123,126,126,126,126,125,125,126,124,122,121,120,119,119,119,120,122
129,129,128,128,127,125,123,124,127,126,125,126,126,125,124,122,120,118,117,119,119,117,117,119
130,130,129,127,127,126,125,126,127,127,126,126,126,124,122,121,120,118,117,119,119,118,117,116
127,131,132,130,126,125,124,123,123,124,123,123,124,123,123,123,121,119,119,120,119,118,116,115
106,115,122,123,122,120,121,123,123,122,120,119,120,121,122,123,121,120,120,120,119,118,117,115
86,92,98,101,102,102,105,109,112,110,108,108,108,109,110,113,116,118,119,120,119,119,119,118
80,79,79,78,78,80,83,87,90,88,89,90,88,87,88,94,101,107,112,115,117,119,119,119
90,89,88,83,78,78,79,79,76,73,74,73,70,68,70,77,82,87,94,102,106,109,112,113
103,105,103,98,92,89,88,87,85,81,77,74,72,73,77,79,79,80,84,88,92,94,96,96
105,107,106,104,102,97,93,91,89,86,81,79,80,83,86,84,78,76,77,79,83,85,86,85
97,99,99,100,102,98,94,91,89,86,84,84,88,92,91,87,79,74,75,76,78,81,81,81
88,92,94,94,97,97,95,93,91,90,89,89,93,97,93,89,83,80,80,79,79,80,81,80
93,98,99,98,100,100,99,98,97,98,99,96,96,98,93,90,91,93,92,85,84,85,85,81
100,105,110,110,107,102,103,104,103,103,100,96,97,99,95,91,94,97,95,87,86,87,87,86
114,116,120,120,114,109,110,110,107,104,101,97,99,103,101,98,99,99,94,92,93,92,90,89
130,130,131,131,128,123,122,120,115,111,110,108,109,111,111,109,106,102,99,102,106,105,102,99
141,141,142,143,143,139,136,131,126,123,124,125,123,120,119,116,111,107,108,112,118,120,118,115
