174,163,138,110,91,87,85,89,107,139,142,138,155,182,185,184,186,181,158,117,88,81,86,90
159,156,141,118,98,94,92,94,101,113,98,97,130,174,181,179,170,156,132,99,79,76,81,85
129,126,116,103,91,89,87,87,88,84,58,66,111,161,172,168,152,130,108,83,68,66,70,74
89,80,71,70,73,74,73,72,70,63,41,56,101,144,152,147,132,114,97,74,61,58,61,64
47,40,34,40,56,63,63,61,58,54,42,52,87,121,121,114,107,100,89,68,59,56,58,61
36,31,25,29,48,64,66,63,61,60,55,57,74,94,94,88,87,86,78,62,57,55,55,57
29,26,21,25,41,57,60,58,57,57,57,55,60,70,74,73,73,72,66,59,58,56,55,56
40,36,33,35,46,56,58,57,57,58,58,57,57,60,64,64,64,62,58,58,59,57,56,56
65,61,58,59,62,65,65,65,66,67,66,65,64,63,63,62,60,57,54,54,55,54,53,52
85,84,82,81,80,78,76,77,78,78,78,77,75,73,71,69,64,58,52,49,47,46,46,46
92,92,91,90,88,87,86,84,83,82,81,83,83,83,82,82,79,74,66,63,60,59,58,58
94,95,95,95,94,93,92,91,89,87,86,87,87,87,87,86,85,81,77,76,73,72,71,72
94,95,97,97,96,95,96,97,96,92,91,90,90,90,89,86,84,83,82,82,79,77,77,79
94,95,96,96,95,96,98,101,100,95,95,94,93,92,90,86,84,84,83,82,80,77,77,80
94,95,96,96,96,97,98,99,98,95,96,96,95,93,92,90,88,86,85,84,83,81,79,78
90,92,93,94,94,95,95,95,95,94,95,95,93,92,93,92,91,89,87,85,84,82,80,78
90,92,94,95,94,93,93,94,96,96,96,96,94,92,93,93,93,92,90,88,85,83,81,81
95,96,97,98,97,95,95,97,98,100,101,100,98,96,97,98,97,97,96,94,90,87,88,90
101,100,100,99,99,98,100,100,101,103,104,103,102,102,101,103,103,104,104,102,98,96,99,102
100,100,97,96,96,99,102,103,102,101,100,100,101,101,100,102,105,109,111,108,106,105,106,107
100,100,98,96,96,99,102,104,102,100,97,97,99,100,100,101,104,107,111,109,107,105,105,105
92,92,92,91,92,93,94,96,96,94,93,94,96,98,97,98,100,103,105,102,100,98,99,100
84,84,85,86,86,86,84,85,86,87,87,90,93,93,91,92,94,96,97,94,93,93,94,94
82,83,84,84,85,84,81,80,81,82,84,87,89,88,86,88,89,91,92,91,92,94,94,92
