170,172,173,173,172,172,172,173,173,172,173,173,174,174,171,171,173,173,172,173,171,169,169,170
160,161,163,164,165,167,166,165,165,164,163,163,164,164,162,162,164,165,165,167,165,165,168,170
135,138,139,140,142,143,141,139,139,135,128,130,134,136,134,137,140,141,141,142,141,145,150,153
112,115,117,116,117,115,114,115,114,108,99,102,109,112,109,113,116,116,116,115,114,120,126,129
107,109,111,111,108,104,107,112,113,108,102,106,112,113,106,107,108,109,108,108,104,107,113,115
110,111,112,112,111,110,112,112,109,105,103,108,113,114,112,113,111,109,109,110,104,105,111,115
126,123,121,119,117,117,120,120,116,109,105,110,117,121,121,119,115,111,112,117,114,113,113,112
141,138,135,134,130,129,132,131,124,118,114,120,129,133,130,126,119,115,117,123,123,122,118,114
146,146,149,149,145,143,144,139,131,129,129,136,142,142,134,127,118,114,118,124,126,126,124,120
141,147,154,157,156,151,147,143,141,145,147,146,143,137,131,123,111,107,113,120,125,129,129,125
135,139,148,155,155,147,140,139,145,151,149,144,138,133,131,126,119,117,122,129,132,131,127,122
128,130,136,143,146,142,131,129,136,144,144,138,134,133,136,135,135,135,138,139,141,141,137,133
121,123,126,131,136,134,122,116,121,128,131,130,129,132,137,138,140,143,146,142,143,145,144,140
122,122,123,126,129,125,115,109,109,113,118,122,124,127,132,131,132,137,142,138,138,141,141,137
132,130,129,129,127,119,114,110,108,111,115,119,120,120,124,123,124,130,136,134,135,139,140,138
134,135,136,135,129,124,123,122,122,125,128,128,124,120,120,123,128,132,134,135,137,140,139,136
125,128,132,132,125,124,125,126,128,132,135,137,134,128,127,129,134,136,134,137,142,143,139,134
120,123,127,128,122,119,120,123,126,130,136,141,139,135,137,138,139,138,134,137,144,146,141,136
126,126,129,130,124,115,114,117,122,124,134,138,137,137,145,146,143,138,133,136,144,147,144,141
136,136,136,134,127,115,113,117,120,117,124,130,131,134,146,149,147,141,136,138,146,147,143,140
131,136,141,141,136,123,118,119,120,117,119,120,118,120,133,138,138,136,134,132,138,141,138,134
115,119,127,135,136,126,117,112,110,112,114,110,103,104,119,126,130,134,136,130,133,135,133,126
108,107,115,126,130,120,108,99,99,105,111,108,101,101,113,119,125,134,139,133,135,136,131,124
119,113,116,125,125,111,98,92,94,103,113,115,113,112,116,116,123,132,137,135,141,140,135,130
