78,90,93,86,77,66,73,88,95,83,90,93,101,103,80,71,75,77,70,61,57,60,57,47
66,76,80,78,76,69,68,72,75,72,81,83,88,91,74,68,75,79,74,65,58,53,51,51
56,58,58,60,67,68,63,61,61,60,65,66,71,74,66,64,70,76,76,73,64,54,53,62
53,48,44,45,52,60,65,67,65,57,52,51,53,54,54,58,62,66,71,73,66,57,57,67
56,54,48,44,45,55,74,87,82,62,50,43,37,35,40,47,51,54,57,59,54,50,51,57
75,80,73,62,61,66,74,82,80,63,52,46,39,31,29,31,36,41,43,45,43,41,41,45
96,114,108,88,84,91,83,73,65,57,49,46,44,38,33,27,27,33,42,50,48,41,37,37
97,117,117,100,90,91,78,61,50,47,43,45,47,46,44,37,29,31,46,61,55,45,37,34
87,92,98,94,78,69,59,50,45,42,40,44,48,49,50,50,38,33,44,63,55,46,42,41
89,74,75,80,64,51,44,48,57,55,45,41,44,47,49,52,45,34,33,49,46,44,48,54
110,74,62,67,57,40,38,57,79,77,54,39,34,39,52,55,46,33,24,26,30,34,40,46
99,71,60,65,64,45,39,54,74,71,50,34,29,40,65,64,51,38,29,20,21,28,35,39
73,65,65,73,74,51,40,46,57,54,42,32,32,45,69,67,58,48,37,25,21,25,31,35
55,60,71,78,72,52,41,39,41,39,37,36,40,51,63,64,64,58,44,32,28,25,26,31
60,62,67,67,55,50,44,37,32,31,33,41,54,65,68,66,67,61,47,36,34,30,24,22
74,71,68,63,56,61,54,43,35,36,40,53,70,80,78,68,65,61,49,37,34,31,27,23
81,81,76,70,69,76,69,59,53,56,59,67,80,87,76,64,58,54,47,36,33,36,37,35
81,82,82,80,79,83,78,72,69,72,73,76,79,77,66,61,55,50,45,37,36,43,48,47
79,79,82,84,81,80,77,73,73,76,78,76,67,56,57,61,58,52,47,42,41,48,53,51
86,84,85,84,76,71,70,72,75,79,83,69,50,41,52,62,65,58,47,42,41,45,48,47
95,92,88,82,74,68,73,83,90,89,80,60,44,40,49,62,66,59,47,43,40,42,46,48
95,90,85,82,80,73,79,89,95,96,86,66,49,45,48,61,66,58,47,46,42,43,49,54
86,80,78,81,85,80,82,84,86,88,86,70,53,44,45,55,58,52,45,47,50,54,59,63
74,70,72,80,85,83,79,75,72,71,73,63,47,37,39,43,46,44,41,46,58,70,73,68
