147,144,143,143,144,142,142,142,141,142,143,145,146,147,146,142,135,130,129,133,138,140,140,139
158,155,154,153,152,150,148,146,144,144,144,144,144,144,142,142,140,136,134,138,143,144,144,146
168,166,165,164,162,160,158,156,155,154,153,151,149,147,146,148,149,148,146,148,151,151,149,149
167,166,166,167,166,163,163,165,167,166,164,161,159,157,157,159,160,160,159,159,159,158,154,150
149,148,150,153,156,153,155,159,164,166,164,161,160,161,162,164,164,164,163,162,160,161,159,154
120,120,124,131,135,133,133,137,143,147,145,138,135,137,136,139,139,142,147,149,149,152,153,152
114,112,113,118,124,124,124,127,130,130,128,122,117,115,113,113,114,118,125,128,127,130,135,138
120,120,120,123,128,127,124,125,125,120,120,119,115,110,108,109,109,110,113,114,113,116,122,127
128,130,134,137,138,133,127,127,127,122,122,125,122,114,113,118,119,116,112,110,110,113,118,123
128,132,136,137,138,134,129,129,131,129,129,131,125,113,110,120,125,122,117,112,111,115,118,117
122,125,124,125,129,132,129,126,125,130,131,136,134,125,121,124,124,124,124,120,118,120,120,116
123,123,120,119,121,119,116,113,112,119,124,130,134,131,123,123,125,127,130,129,126,122,117,114
123,121,117,115,114,108,105,105,107,112,114,119,125,125,114,114,119,123,125,128,127,121,115,113
121,120,117,115,115,111,109,111,114,116,113,113,115,114,106,104,109,112,113,118,120,120,119,117
125,129,130,128,127,128,126,126,128,127,123,121,119,116,115,111,109,105,102,108,115,122,125,126
132,135,135,130,128,130,132,136,139,138,131,130,130,128,125,122,118,113,112,115,121,125,128,131
145,144,139,131,128,129,132,137,141,139,135,133,134,135,132,131,127,124,124,121,121,122,126,130
149,146,139,132,131,133,134,136,139,137,135,131,132,135,136,135,133,131,130,124,121,122,123,124
140,139,135,133,136,138,136,137,138,137,134,128,128,132,135,134,132,131,128,124,124,126,123,118
136,133,130,130,131,132,132,133,137,138,131,125,126,130,129,125,123,124,125,124,128,129,123,116
134,132,129,127,126,126,126,128,131,129,120,116,119,124,123,124,127,129,128,126,127,127,125,123
134,133,131,128,128,132,135,136,133,125,113,112,118,124,123,127,134,135,129,127,121,117,117,119
138,139,138,136,137,142,146,144,137,126,114,114,121,127,129,134,140,141,136,132,121,113,110,110
146,147,148,146,144,146,147,142,134,129,121,120,125,130,134,140,146,148,146,143,131,119,111,108
