140,141,140,138,135,138,139,139,140,142,142,141,143,145,144,142,144,145,146,146,144,146,147,146
143,142,140,139,137,139,139,139,140,142,144,143,142,141,140,140,143,145,145,145,145,147,148,147
143,141,140,140,139,139,139,139,140,143,144,142,140,139,138,140,142,142,142,142,144,146,147,147
142,141,140,140,141,141,139,139,141,143,142,139,138,138,139,141,141,139,138,140,143,144,144,144
144,145,143,141,142,142,142,142,143,143,140,138,137,137,139,140,139,138,138,141,142,141,139,141
147,149,148,147,147,146,145,145,145,144,140,138,139,141,143,143,141,140,140,140,139,137,136,138
148,149,149,148,149,149,147,145,144,142,135,135,140,145,146,145,143,142,141,142,141,139,137,136
147,148,147,147,148,149,147,144,143,141,137,138,144,148,148,147,146,143,142,143,142,141,140,139
146,147,146,144,145,147,146,143,142,143,143,145,148,149,149,149,148,146,143,143,143,142,142,143
144,144,144,143,143,144,144,142,142,146,147,148,149,148,147,148,149,147,144,145,144,142,142,143
143,143,143,143,143,141,142,144,146,147,147,149,150,149,148,147,146,144,143,143,141,141,141,142
141,141,141,142,145,144,144,144,144,147,148,150,151,149,147,143,141,142,143,143,142,142,142,142
144,144,144,144,145,146,145,143,143,148,150,151,151,150,147,142,141,142,145,145,144,143,142,142
148,148,149,148,145,146,145,143,144,148,150,150,150,150,147,145,145,145,146,146,146,144,143,142
145,148,150,150,148,148,148,146,144,144,144,144,144,143,144,147,148,147,147,148,148,147,145,142
139,142,144,145,144,144,145,144,142,142,142,141,140,140,142,144,145,144,143,145,147,147,145,145
137,139,140,140,140,139,140,141,141,143,142,140,138,139,142,142,142,142,142,144,143,142,144,147
139,141,142,140,139,135,137,139,141,143,142,141,140,141,142,140,141,142,143,143,140,139,143,147
143,145,146,145,142,137,137,138,139,139,139,141,144,143,141,141,142,142,141,142,141,140,142,145
143,144,146,146,145,141,139,137,135,135,136,140,143,144,142,141,141,140,139,140,141,140,140,142
144,142,142,142,142,141,142,140,138,138,138,140,142,143,143,140,139,139,139,141,141,141,142,143
133,127,125,129,135,139,140,140,141,142,141,139,139,140,142,140,138,138,138,140,140,142,144,145
115,110,109,114,124,129,128,128,132,138,139,136,135,137,140,140,139,137,136,138,139,142,144,144
102,104,104,106,113,115,111,110,115,127,132,131,131,135,139,141,142,140,137,138,139,141,142,141
