117,110,104,102,105,104,102,95,85,78,73,69,72,82,87,97,99,97,100,113,117,116,118,125
113,110,110,114,117,114,110,102,93,87,79,78,84,92,94,100,99,96,101,116,120,115,112,115
103,104,108,114,117,114,112,108,102,96,89,92,100,105,103,102,99,98,104,119,122,114,106,105
99,100,103,106,106,105,106,106,103,97,94,98,105,109,106,102,100,101,106,117,120,114,107,105
107,108,107,103,98,96,99,100,96,91,94,95,96,97,100,102,103,104,104,109,115,116,114,113
115,116,113,106,97,94,99,102,102,103,105,99,92,92,96,102,105,105,103,105,107,113,119,120
119,118,113,106,99,98,104,111,114,116,120,114,103,94,92,93,96,98,101,104,102,105,109,112
115,111,106,103,100,100,105,110,114,119,125,125,117,103,89,81,83,94,106,111,107,103,104,108
106,100,96,96,97,101,103,102,104,113,121,126,125,113,94,80,83,98,115,122,117,111,110,114
99,95,90,89,94,105,107,103,102,109,119,123,123,120,110,100,100,110,121,127,125,123,123,123
98,92,92,95,98,110,114,112,110,114,117,113,109,111,113,112,110,112,120,126,122,123,125,125
99,92,91,95,95,101,106,112,116,116,114,111,108,107,111,114,110,108,116,122,114,113,117,120
98,91,89,91,92,92,96,106,113,111,110,110,108,107,112,115,109,106,111,113,103,102,108,113
98,94,92,92,93,91,93,100,106,107,108,106,104,106,113,116,111,107,106,101,93,96,104,109
105,105,104,103,99,94,95,101,108,111,113,106,99,100,109,113,111,107,103,97,93,98,109,114
108,110,106,100,96,94,99,108,113,111,112,108,105,104,108,110,108,105,103,102,104,111,118,121
113,113,106,98,96,102,109,113,111,103,106,108,109,111,112,111,107,100,97,102,109,115,119,120
117,113,106,100,102,113,119,117,109,97,99,103,107,111,113,111,104,95,90,95,101,108,111,112
115,108,103,102,107,119,123,118,108,97,95,96,99,103,105,104,97,89,83,84,87,93,99,103
106,97,93,97,104,113,114,110,104,98,98,96,97,97,96,93,88,84,81,77,78,84,92,98
93,88,88,93,99,103,99,98,101,100,96,93,92,93,95,95,92,88,85,81,82,86,90,91
83,84,85,87,88,90,84,84,90,93,85,85,87,89,93,96,94,89,83,75,77,83,86,85
76,79,79,77,75,76,73,70,71,77,74,78,82,83,86,90,87,80,73,64,66,74,80,80
71,73,70,67,68,68,67,61,57,64,71,75,77,77,81,81,74,67,63,59,60,67,76,80
