143,143,144,143,138,137,137,133,126,124,120,117,118,125,131,133,136,141,143,136,131,127,121,114
131,130,132,133,130,132,134,133,131,130,127,118,113,114,119,123,129,134,134,126,122,120,115,109
122,122,124,125,125,129,132,133,133,135,134,126,118,115,116,121,128,133,131,122,118,114,106,98
122,121,121,121,122,125,129,131,132,135,137,132,126,121,120,122,128,134,135,124,120,113,102,93
122,119,115,114,117,118,122,126,129,133,132,127,122,118,116,115,121,129,132,122,119,115,108,103
111,108,107,108,109,111,114,116,118,123,122,118,113,108,107,109,113,116,114,108,111,114,116,118
100,100,102,109,116,121,118,112,111,115,113,111,109,106,107,109,110,109,106,103,108,112,114,116
96,98,101,108,119,124,116,109,108,111,111,110,108,106,106,105,104,103,103,103,109,111,111,110
101,101,100,102,109,111,106,103,106,109,113,112,109,107,106,102,99,99,102,104,110,113,113,112
111,105,98,95,94,92,95,97,98,104,112,113,112,113,112,109,103,100,102,106,111,116,122,125
110,106,100,94,87,89,96,95,90,92,99,104,110,115,113,111,105,100,101,107,116,125,132,135
110,109,104,96,91,98,105,100,89,86,93,100,109,113,104,99,94,92,95,101,112,122,127,127
111,112,106,98,94,101,109,107,98,94,101,108,114,114,102,95,94,95,98,101,108,115,116,114
113,115,110,102,97,98,105,108,108,110,116,119,120,119,112,107,107,109,110,108,112,112,110,110
122,121,120,117,111,105,103,105,109,116,122,120,117,118,123,118,112,108,109,113,119,116,113,118
116,114,115,120,124,121,116,115,117,119,120,120,118,117,119,115,108,97,89,97,111,111,108,112
103,102,104,111,117,115,113,116,119,117,114,115,115,113,111,107,99,87,76,85,103,106,103,104
97,97,99,102,102,101,101,105,110,109,104,103,103,101,95,93,90,83,76,84,99,104,103,104
98,101,102,99,95,93,93,94,97,100,95,90,87,86,82,83,85,85,85,89,96,101,106,111
94,99,101,99,96,94,94,96,97,98,92,87,85,86,89,90,92,92,88,88,94,96,103,113
89,93,96,96,93,91,92,94,96,96,95,95,95,97,98,94,93,92,88,87,94,95,98,106
91,93,96,95,91,89,88,92,97,100,103,105,107,109,112,106,96,87,82,88,96,96,94,98
104,102,102,101,98,95,94,99,105,107,111,115,117,119,122,119,105,89,84,94,102,102,98,97
119,113,109,110,111,108,109,114,116,112,115,120,123,122,125,125,113,99,95,104,110,111,108,104
