147,150,152,151,153,152,151,150,148,147,148,147,147,147,145,146,146,145,144,147,147,147,145,140
146,148,149,149,151,149,148,147,146,146,147,148,148,147,146,145,146,145,145,147,148,148,146,143
146,147,146,146,148,146,144,144,145,146,148,148,148,148,145,144,145,146,146,146,147,148,148,147
145,145,145,145,145,144,143,143,145,148,149,149,148,147,145,144,145,146,147,147,146,147,149,150
140,142,143,143,142,142,142,142,143,146,148,148,148,147,146,146,145,145,146,148,148,148,149,153
142,141,140,141,140,140,140,140,141,143,146,147,147,148,149,146,145,146,147,146,145,146,148,150
144,143,140,139,138,139,140,138,138,141,144,146,146,146,147,145,145,146,147,145,143,144,147,148
145,145,144,141,140,141,141,138,137,140,142,144,143,143,144,143,144,145,145,143,143,143,145,147
140,144,145,145,145,145,144,142,139,139,141,143,142,140,142,142,142,142,141,142,143,142,142,145
129,135,140,143,147,147,148,146,143,142,145,146,143,140,142,143,142,141,140,141,143,141,140,143
115,122,128,132,139,141,143,141,140,142,145,146,145,145,147,145,143,142,143,144,143,141,140,141
105,111,115,118,125,127,129,129,129,133,137,144,149,148,146,144,142,142,144,144,143,141,141,142
105,107,109,111,115,113,113,115,120,126,128,136,142,142,139,137,139,142,145,144,144,142,142,144
109,109,108,109,111,107,104,106,113,121,122,124,126,127,124,125,130,136,140,142,145,144,144,146
108,108,107,108,112,108,105,103,107,116,117,117,112,107,105,108,112,117,126,134,140,143,143,145
115,110,108,111,114,108,106,105,105,109,114,113,106,96,94,96,99,103,109,117,126,131,134,136
123,118,116,114,109,102,103,106,107,107,111,114,109,100,95,92,93,95,97,105,111,116,118,119
130,129,128,122,109,101,103,107,107,105,107,111,113,109,100,92,89,88,89,97,102,104,105,105
135,137,137,130,118,111,110,110,109,107,106,110,114,113,106,96,89,86,88,95,99,99,100,102
135,134,132,128,123,121,120,120,122,123,123,124,122,117,110,104,102,103,106,106,105,102,103,108
130,128,122,116,113,117,122,129,136,138,137,138,135,127,119,115,120,126,126,122,122,121,120,119
131,123,114,108,107,113,122,134,144,144,144,142,137,131,127,123,126,131,132,130,131,129,125,122
124,111,103,101,99,104,112,125,135,137,139,137,133,129,127,124,123,126,129,129,126,123,121,119
106,93,90,92,86,89,97,107,117,123,128,131,130,126,121,122,121,122,126,123,117,115,116,117
