40,38,35,35,39,42,44,44,46,51,57,57,54,50,47,52,53,51,51,58,68,77,75,65
52,48,43,41,40,41,43,42,42,45,49,51,51,50,49,55,59,59,59,62,75,82,76,62
59,55,52,49,43,39,40,39,39,41,41,45,52,57,56,60,62,60,59,60,70,73,65,51
58,56,56,54,47,41,40,40,40,40,39,44,55,63,59,58,55,53,55,58,60,56,48,39
53,52,52,50,46,43,43,43,42,41,42,46,54,59,53,46,43,47,56,66,60,50,40,36
48,42,38,35,34,35,36,36,37,39,43,44,45,47,45,42,47,57,69,77,65,54,49,48
35,32,30,30,29,30,30,30,32,37,44,46,48,49,51,50,54,61,67,67,57,52,52,51
24,24,29,33,33,33,32,31,32,39,46,50,52,54,57,58,61,64,64,57,49,49,52,54
22,23,30,36,39,38,36,35,37,43,47,51,54,56,59,62,65,67,65,58,50,49,55,61
28,28,30,35,39,39,36,34,36,41,45,48,52,55,59,63,67,68,66,61,55,55,62,69
32,34,36,39,44,47,46,41,35,34,40,46,49,52,55,60,67,69,65,64,61,61,65,70
31,34,38,42,45,49,52,49,42,36,38,41,42,42,44,46,53,59,61,63,63,62,61,61
33,35,39,43,45,48,50,50,48,44,42,42,40,38,38,41,45,49,51,56,57,58,56,53
38,38,40,43,44,47,46,47,50,54,51,50,47,42,40,48,51,49,45,46,47,49,51,52
40,40,42,43,41,42,45,50,55,58,57,57,55,48,43,56,64,62,55,48,39,38,45,53
48,49,50,49,44,37,39,48,57,62,61,60,59,54,46,61,73,74,68,61,43,34,38,47
56,57,56,53,48,37,37,44,53,59,62,67,71,70,62,68,80,83,74,60,48,39,38,41
57,58,57,53,49,40,37,40,46,52,59,69,77,80,76,73,80,84,74,56,52,48,45,45
53,54,54,52,48,43,40,39,39,42,52,62,68,71,77,73,74,77,72,56,55,54,55,60
52,54,54,53,52,50,47,43,38,35,39,44,48,53,63,68,70,71,69,54,52,57,64,67
53,56,57,56,55,53,52,48,40,32,31,34,38,42,50,58,67,74,71,56,55,63,67,65
56,59,60,59,58,55,56,56,51,40,32,32,34,36,41,53,73,86,81,68,67,69,66,61
57,59,60,59,58,55,58,64,65,55,43,39,37,34,35,50,75,90,86,75,78,76,68,60
53,57,59,58,55,54,58,66,73,70,57,49,43,35,32,44,66,81,79,70,81,83,73,60
