53,55,57,58,59,55,51,50,49,47,47,46,43,40,39,45,49,48,43,43,47,50,52,52
57,58,59,60,60,56,50,48,49,49,47,44,41,41,47,54,55,50,44,45,50,55,58,59
56,58,60,62,62,56,49,47,48,49,48,45,43,45,53,58,57,51,46,46,51,57,61,62
52,54,58,60,60,55,48,45,46,47,48,47,47,48,51,53,54,51,47,45,53,58,59,59
52,52,53,55,57,53,45,42,43,45,46,46,47,48,47,48,50,50,46,45,55,59,58,55
56,57,55,55,56,52,46,45,48,48,46,42,41,44,49,49,46,43,43,44,53,58,57,53
55,58,58,57,55,51,47,48,51,47,44,41,40,43,49,51,47,44,47,47,52,55,54,51
54,57,58,57,55,50,47,49,49,44,44,43,42,43,47,52,51,50,51,49,50,52,51,47
54,56,56,55,52,47,46,48,48,42,44,46,45,44,47,51,52,52,51,48,50,51,49,46
52,55,55,51,46,41,43,49,51,44,44,46,46,45,48,49,49,47,46,48,49,50,49,48
50,52,49,43,42,40,42,47,49,45,44,45,45,45,46,45,44,44,44,45,46,46,47,47
40,41,39,39,41,38,38,42,45,43,40,40,42,43,42,40,40,41,41,43,44,45,46,46
29,31,34,38,40,38,36,41,45,41,37,36,38,40,40,38,39,40,41,41,43,46,47,46
23,26,32,37,39,39,38,43,48,41,36,35,36,38,38,38,40,41,41,41,43,46,47,46
22,21,25,31,37,41,42,45,46,41,37,36,37,38,38,38,39,39,39,41,43,45,45,45
21,21,24,29,33,36,35,36,36,35,35,37,39,39,37,35,36,37,37,39,42,43,43,44
22,23,26,28,26,25,23,25,28,29,28,31,37,38,36,34,34,34,35,39,40,40,42,43
26,27,27,24,18,15,13,15,20,21,21,27,34,37,36,35,33,32,34,38,37,38,40,42
32,30,25,18,13,11,10,10,11,13,18,28,35,37,36,37,34,31,32,35,35,37,40,41
36,29,21,17,12,11,11,10,10,12,17,27,34,36,38,39,35,32,31,33,35,39,43,43
36,30,24,19,14,11,11,10,9,10,14,21,28,32,35,36,34,33,34,36,36,40,43,44
29,28,25,21,15,12,10,9,9,9,11,16,23,28,32,34,35,35,36,38,38,41,43,45
24,24,23,20,14,12,11,10,10,11,13,18,24,30,33,34,34,34,36,39,40,42,44,45
25,22,20,17,13,13,13,12,12,13,18,24,31,36,37,35,31,31,36,40,42,43,43,44
