55,61,61,56,54,59,63,69,77,80,77,75,74,76,77,70,63,58,53,50,46,41,38,42
61,66,65,59,56,61,67,72,75,75,73,73,74,75,73,65,57,52,49,47,47,44,41,41
66,68,65,60,58,63,67,71,71,67,66,70,74,74,66,58,52,48,46,44,45,46,44,41
66,67,63,59,60,64,66,68,69,64,60,67,72,69,59,51,47,46,44,44,45,45,43,40
61,64,61,58,59,65,67,69,70,67,62,65,67,61,50,45,44,44,44,48,47,44,39,35
55,59,57,53,55,61,65,69,72,71,65,64,62,57,52,47,45,45,48,54,53,45,37,33
50,55,54,50,52,58,63,67,69,69,68,67,65,63,59,54,53,53,55,56,52,45,36,31
46,51,50,48,51,56,62,67,68,67,70,73,74,71,66,62,60,60,59,55,48,41,34,29
44,46,47,48,51,54,60,66,69,67,70,75,76,72,66,64,64,62,59,52,44,38,32,28
43,44,45,47,50,50,54,62,68,66,65,65,65,61,57,59,61,61,58,52,45,38,31,26
43,45,47,47,49,50,55,61,64,62,58,56,55,54,54,55,56,56,54,49,42,33,26,22
47,47,47,47,50,53,57,58,57,55,53,53,52,51,52,52,51,53,55,51,42,32,25,22
49,48,47,47,51,53,55,55,53,51,52,53,53,53,54,51,49,52,56,54,46,35,27,23
47,47,48,50,51,51,52,53,52,51,52,55,57,58,58,55,52,53,55,53,47,38,29,25
45,46,49,52,53,52,52,52,53,52,53,55,57,60,62,60,57,53,49,46,41,36,31,28
46,47,50,51,51,51,51,52,52,50,51,54,57,58,62,63,61,56,48,43,39,37,35,33
46,47,48,50,50,49,51,52,52,51,53,56,57,56,59,60,60,55,48,43,39,37,36,36
44,45,47,48,48,47,49,52,54,55,56,58,58,56,59,59,57,53,47,42,40,38,37,37
41,44,46,47,47,46,48,52,56,57,58,62,63,60,63,61,57,52,46,39,40,39,38,38
42,44,46,46,47,45,45,49,54,55,60,69,71,67,66,63,59,53,45,37,36,38,39,40
43,43,44,45,47,45,45,49,56,61,64,69,72,70,65,60,57,52,45,37,36,38,40,41
42,42,43,45,46,47,48,53,60,64,65,68,67,64,60,58,58,53,45,38,37,38,39,39
43,43,43,43,45,47,51,56,60,58,59,62,60,55,53,55,58,55,48,42,42,41,39,39
44,43,42,41,43,46,51,55,55,49,50,54,55,52,50,52,54,55,52,47,48,45,41,40
