51,50,50,50,47,40,44,56,68,70,68,60,57,60,63,55,47,43,44,45,48,47,44,43
51,49,49,49,47,42,46,55,63,64,62,57,55,57,60,58,52,47,47,48,50,49,46,44
54,51,50,49,46,43,47,53,56,55,53,52,51,53,56,59,56,51,49,48,50,49,47,45
56,54,51,49,47,44,47,50,52,50,49,50,52,54,57,58,55,52,49,47,47,48,47,46
53,53,51,50,49,46,48,51,54,54,53,56,58,59,61,58,52,49,48,44,45,47,48,46
50,51,51,50,49,46,50,56,59,58,57,59,60,60,59,58,51,46,47,44,43,47,51,51
48,49,51,52,53,48,54,64,68,63,60,59,60,61,59,58,50,43,43,43,44,48,51,52
51,51,57,64,65,55,62,72,73,65,61,60,61,63,63,61,51,43,45,49,52,55,55,54
54,56,65,75,76,62,67,73,71,65,61,59,61,64,68,65,54,48,52,59,62,64,63,60
55,57,63,70,71,60,61,65,64,61,57,54,55,59,66,66,59,55,60,67,69,69,69,68
54,55,57,58,57,54,55,58,58,56,53,51,51,53,58,59,56,54,56,63,67,67,67,67
53,55,58,59,56,54,55,56,56,53,52,52,54,56,56,53,53,53,52,60,67,66,63,61
55,61,67,69,66,62,60,60,62,61,62,64,69,73,70,59,57,55,51,64,69,66,60,56
59,65,72,75,73,71,65,66,73,75,75,79,85,90,89,72,65,58,54,71,71,64,56,53
58,61,64,66,66,69,65,68,77,80,76,76,81,85,84,76,69,61,57,74,72,61,51,48
61,62,62,60,56,60,60,62,67,72,68,65,67,72,78,76,69,61,61,77,71,60,52,49
65,65,63,59,57,63,63,62,66,73,67,60,61,67,72,79,79,70,64,78,74,66,57,48
65,64,61,59,62,71,71,71,76,82,73,67,71,76,73,79,84,78,68,78,76,68,55,43
61,60,57,58,67,76,78,81,86,89,79,77,84,90,79,76,78,76,70,74,70,59,45,37
60,60,58,59,71,78,81,79,75,75,71,69,73,80,80,80,77,68,60,62,58,48,39,34
69,73,65,58,67,77,79,68,54,50,49,48,49,56,71,86,86,74,61,58,54,48,39,32
80,79,66,55,63,76,78,65,49,42,38,37,37,47,74,93,101,98,86,74,71,70,64,54
85,80,68,61,70,83,82,69,54,47,38,34,35,48,77,94,107,113,105,87,85,95,103,101
85,82,76,75,86,96,90,73,57,49,39,32,33,44,72,88,101,106,100,82,82,102,128,144
