89,75,78,86,73,52,43,42,45,48,53,56,46,32,36,65,56,35,30,41,56,69,68,56
93,92,102,106,84,59,49,46,51,63,74,77,64,45,37,57,52,38,37,50,68,70,59,48
105,103,110,111,90,71,67,64,65,80,93,94,78,55,45,48,45,43,47,56,71,65,48,39
108,98,98,99,90,84,84,82,81,90,97,92,75,56,52,45,45,53,62,59,62,52,38,33
90,83,83,90,93,92,88,86,89,93,84,75,62,50,50,48,54,68,79,67,51,40,34,31
68,76,86,92,94,98,96,91,86,81,70,70,64,49,42,45,55,69,80,73,49,37,36,38
57,66,75,82,88,93,85,78,74,65,57,60,58,46,37,43,55,63,64,63,45,34,34,38
56,58,59,66,81,85,72,64,63,61,58,58,54,44,34,42,50,52,50,49,39,31,31,38
58,53,49,55,75,80,69,64,70,76,68,59,51,42,32,37,39,40,42,40,32,27,31,39
58,56,54,59,73,76,74,82,98,100,68,49,43,39,30,26,26,30,37,34,28,25,30,40
67,73,74,74,79,72,71,84,99,95,62,44,40,39,33,27,24,29,33,26,19,20,29,39
87,89,83,75,75,65,64,76,90,88,61,43,38,37,34,29,26,27,30,24,21,25,35,43
100,95,81,70,71,65,67,77,89,86,65,49,39,35,32,30,31,35,37,30,27,31,39,45
98,87,72,65,74,80,83,92,99,90,75,62,50,40,34,34,42,52,55,42,32,31,36,41
85,75,60,58,82,107,108,107,107,96,89,83,72,57,49,50,58,68,70,53,38,31,33,38
83,86,75,67,83,119,126,120,109,91,82,80,75,66,62,67,67,68,71,68,55,44,44,53
82,92,89,83,94,123,126,115,102,91,78,78,75,65,56,63,67,71,76,77,60,46,47,57
72,81,82,82,95,111,108,100,96,92,77,77,76,64,50,55,68,79,80,75,55,43,43,50
58,60,56,58,74,82,80,84,90,85,72,74,77,71,58,60,76,85,78,70,53,44,44,44
50,51,44,38,46,53,58,66,70,64,61,67,75,79,77,76,80,80,75,79,66,60,56,51
42,44,41,38,43,43,49,58,64,62,64,67,70,74,79,86,87,82,76,80,73,68,62,54
38,41,43,43,46,47,54,71,86,86,83,73,62,59,68,85,90,81,66,61,60,61,60,56
38,42,46,48,52,56,67,92,116,113,99,80,62,55,65,86,89,72,50,40,42,49,53,53
40,43,47,51,58,62,78,107,129,121,99,82,71,67,77,97,86,59,40,35,37,42,46,45
