49,58,60,56,56,55,44,36,33,30,40,65,82,75,54,72,96,99,77,57,74,73,63,63
51,47,44,44,50,60,51,33,23,29,47,73,88,81,58,76,112,128,104,61,61,65,68,73
47,40,32,32,44,70,66,42,21,28,54,78,92,86,61,67,109,135,113,68,52,61,79,90
37,39,34,30,44,81,84,65,42,35,58,78,87,81,59,53,82,104,96,73,53,62,86,99
27,38,41,40,48,81,91,91,77,49,57,69,73,68,55,46,49,59,67,69,56,61,77,88
25,33,40,42,41,53,66,80,80,50,45,50,58,60,53,39,38,42,43,47,47,52,60,67
32,30,36,39,31,29,35,48,54,40,36,39,40,38,34,27,37,43,37,36,42,46,51,56
51,36,32,36,33,26,20,25,34,32,31,36,35,28,27,25,35,40,32,30,37,44,55,70
63,42,29,33,44,36,21,21,32,39,36,37,37,36,39,32,29,27,23,25,29,37,57,81
50,38,28,32,46,40,28,28,43,61,54,41,35,41,50,38,24,18,19,19,20,24,37,55
49,41,30,27,34,31,34,44,61,79,70,48,32,28,31,25,20,20,23,23,29,32,35,41
60,41,24,17,21,23,36,49,57,59,52,38,26,24,29,27,23,21,23,26,37,42,43,43
53,34,19,15,15,17,27,39,43,39,36,28,22,24,34,34,30,26,26,24,31,37,39,39
32,27,25,26,22,15,15,21,28,34,36,30,22,22,38,42,41,41,39,25,23,25,26,24
34,36,43,47,42,25,16,14,16,24,35,35,25,20,39,53,59,61,57,33,32,32,27,20
48,53,57,54,43,34,35,29,17,13,17,18,15,15,30,45,52,52,43,26,30,39,37,26
48,52,52,44,33,33,45,40,22,12,11,13,12,11,17,26,34,36,31,22,30,44,46,33
37,39,37,31,25,26,40,44,35,27,21,21,22,21,20,16,19,24,24,21,32,46,46,34
26,24,24,25,24,21,31,49,61,54,39,31,36,44,40,22,15,16,17,19,32,41,39,28
14,13,14,18,19,20,38,69,91,84,59,39,39,51,47,28,14,10,10,14,26,34,34,28
16,15,13,11,13,18,34,55,69,68,53,35,29,33,34,23,14,11,11,15,32,49,49,36
15,14,11,9,11,15,22,30,34,36,31,22,16,16,18,14,12,12,14,22,43,59,54,34
12,11,10,10,12,12,13,13,12,12,13,11,9,8,9,8,9,11,17,30,46,53,45,28
10,9,9,10,13,12,12,11,10,9,9,9,9,8,8,8,8,11,18,33,38,39,34,26
