91,73,53,41,37,49,61,52,38,52,93,114,101,70,51,56,60,63,65,71,77,94,104,98
75,64,47,33,28,30,35,34,39,69,99,102,89,78,78,105,106,89,75,75,77,97,111,105
50,46,35,25,21,18,18,21,38,75,91,80,69,76,102,147,146,114,85,81,85,110,126,114
33,32,26,20,19,17,14,17,31,56,61,51,47,67,111,153,149,118,89,85,95,127,141,120
32,38,32,21,18,16,14,14,17,23,22,21,30,59,106,122,114,97,86,86,101,137,149,122
44,62,58,37,25,22,19,17,18,17,14,14,23,41,65,62,60,70,84,89,105,134,143,121
40,58,63,52,42,35,29,25,23,21,18,17,20,26,32,28,36,56,76,84,100,117,120,107
33,45,54,55,50,48,45,40,34,32,31,25,19,16,17,22,32,43,52,64,87,101,102,97
29,36,43,45,43,49,53,51,45,43,42,32,21,16,20,38,43,35,28,43,75,93,96,95
31,33,36,33,27,32,38,43,46,43,40,34,29,29,38,64,63,42,28,47,79,93,94,95
51,35,26,24,20,24,26,29,31,30,29,36,49,59,61,72,71,55,42,68,94,96,85,81
68,42,24,20,19,23,22,22,22,22,21,33,56,72,62,60,64,57,50,85,115,105,76,62
72,51,36,33,33,33,29,27,27,25,22,31,49,60,49,45,51,50,49,86,114,99,66,49
63,54,53,56,57,53,49,46,41,33,27,32,39,41,37,37,39,38,41,72,89,76,54,44
46,47,53,61,66,74,77,71,54,35,29,34,40,42,42,37,30,26,32,56,67,58,45,41
44,47,48,47,46,54,58,53,41,31,29,28,29,31,34,29,22,20,26,40,50,48,42,39
39,44,46,42,36,37,37,35,33,33,32,27,22,21,22,19,17,19,24,31,37,38,38,39
35,42,45,41,36,35,33,33,35,36,35,29,22,17,17,17,19,24,30,32,32,33,39,47
36,40,44,43,40,42,42,42,40,37,36,34,28,23,25,29,33,39,46,47,43,44,53,66
37,39,44,48,47,45,46,46,43,39,40,42,40,36,42,53,61,68,73,76,76,77,82,87
43,38,34,33,35,36,37,39,40,39,49,58,57,54,62,75,82,84,83,88,90,93,95,95
60,51,38,30,31,29,26,25,27,29,43,52,52,51,63,76,79,74,70,72,75,81,88,93
74,71,61,52,50,43,34,27,25,26,34,36,35,38,52,61,59,51,45,45,46,56,73,88
77,85,87,83,80,72,60,47,38,38,36,28,25,33,45,47,43,35,28,27,27,42,66,86
