107,120,126,128,135,123,125,131,127,111,117,102,91,91,89,94,100,97,86,85,91,114,129,124
104,106,112,130,155,147,130,118,114,121,145,137,116,103,100,123,141,140,122,104,106,130,154,158
125,108,102,120,153,168,153,128,113,121,147,153,142,125,113,132,156,169,162,134,119,127,151,171
158,127,103,105,130,167,173,153,129,120,130,146,153,144,123,125,145,170,182,160,127,113,130,158
174,144,117,106,113,143,164,164,149,135,134,139,147,147,128,133,147,164,175,164,128,112,126,151
153,148,146,138,118,115,130,145,155,165,168,150,134,128,125,157,176,170,149,131,112,122,152,177
121,142,170,175,145,113,104,111,134,173,189,163,126,106,116,166,193,180,139,109,100,127,170,199
104,133,174,193,169,125,97,89,112,163,190,165,120,93,106,152,185,177,136,101,96,121,161,191
103,120,154,180,172,136,105,90,101,139,167,143,108,91,101,125,152,154,127,105,108,118,134,152
106,103,119,144,152,135,124,110,99,107,122,99,86,100,108,103,111,115,108,116,139,132,112,105
122,105,101,113,124,139,155,143,113,99,96,78,86,117,125,109,104,103,106,130,161,149,114,94
133,111,102,114,137,160,174,162,133,114,103,88,97,125,134,125,118,112,112,134,155,141,110,91
145,129,126,144,174,187,184,171,156,144,133,116,112,126,141,147,144,135,129,133,134,124,111,106
156,155,162,181,207,205,187,176,175,172,165,142,127,132,155,169,165,156,149,136,118,114,125,138
159,167,181,198,214,205,185,177,179,178,174,154,141,149,174,177,167,160,157,141,119,122,146,172
144,151,163,181,202,197,178,166,164,163,159,146,143,158,177,171,157,149,146,135,121,124,143,163
125,126,132,146,164,165,153,142,137,136,134,130,140,159,169,157,140,130,127,123,116,118,128,138
122,115,111,117,127,132,127,120,115,114,113,117,135,158,161,145,126,116,113,112,111,111,115,120
140,124,110,104,106,111,109,107,106,106,106,111,132,156,155,136,118,108,107,108,109,109,110,112
159,142,116,94,85,88,91,96,103,107,108,112,128,146,143,123,107,99,100,104,106,103,101,102
146,128,97,71,62,67,71,81,95,101,105,107,114,122,122,109,98,92,91,93,94,90,87,89
114,99,72,50,46,53,59,73,88,94,97,97,98,100,101,96,91,87,85,84,85,83,83,86
83,72,53,38,38,42,52,69,84,89,91,90,89,89,90,88,88,87,84,82,83,84,87,91
65,60,47,35,32,34,47,67,83,89,92,90,88,89,89,89,89,88,86,83,84,88,92,94
