14,14,12,11,13,13,15,24,35,44,52,62,73,82,81,79,89,93,81,62,49,38,29,24
11,11,10,10,10,12,15,20,25,27,30,36,45,51,51,50,60,63,52,39,29,21,17,15
10,10,9,9,10,11,14,17,17,15,14,16,21,24,24,25,32,34,26,21,17,12,10,11
10,10,9,9,10,10,12,13,13,12,11,11,12,13,13,16,19,19,17,18,16,13,12,14
10,10,10,9,9,9,9,9,9,8,10,11,11,11,12,14,16,16,16,18,16,14,13,15
10,10,10,9,9,9,9,9,9,8,10,10,11,12,14,13,12,13,13,12,12,11,10,11
11,11,11,9,9,9,9,10,10,11,12,11,10,12,15,13,11,10,10,10,9,9,9,9
11,12,11,10,9,9,9,10,11,12,12,10,10,11,13,12,10,9,8,8,8,8,8,9
11,11,10,10,10,9,9,9,10,10,10,9,9,9,9,9,8,8,8,8,8,8,8,9
10,10,10,9,9,9,9,9,9,9,9,9,9,9,8,7,8,8,8,9,9,9,9,9
9,9,9,9,9,9,8,8,9,10,10,9,9,8,8,7,8,8,8,9,9,10,11,11
9,9,9,8,8,8,8,8,8,9,9,9,9,8,8,8,8,8,8,9,9,10,11,10
9,9,9,8,8,8,8,8,8,9,9,9,8,8,8,8,8,8,8,9,9,9,10,10
9,9,9,8,8,8,8,8,8,8,8,8,8,8,8,8,8,8,8,9,9,9,9,9
9,9,9,8,8,8,8,8,8,8,8,8,8,8,8,8,8,8,8,8,8,8,8,8
9,9,9,8,8,8,8,8,8,8,8,8,8,8,8,8,8,8,8,8,8,8,8,8
9,9,9,8,8,8,8,8,8,8,8,7,8,8,8,8,8,8,7,8,8,8,8,8
9,9,8,8,8,8,8,8,8,8,7,7,8,8,8,8,8,8,7,8,8,8,8,8
9,8,8,8,8,8,8,8,8,8,8,8,8,8,8,8,8,8,8,8,8,8,8,8
9,9,8,8,8,8,8,8,8,8,8,8,8,8,8,8,8,8,8,8,8,8,8,8
9,9,9,8,8,8,8,8,8,8,8,8,8,8,8,8,8,8,8,8,8,8,8,8
9,9,9,8,8,8,8,8,8,8,8,8,8,8,8,8,8,8,8,8,8,8,8,8
9,9,9,8,8,8,8,8,8,8,8,8,8,8,8,8,8,8,8,8,8,8,8,8
9,9,9,8,8,8,8,8,8,8,8,8,8,8,8,8,8,8,8,8,8,8,8,8
