31,36,37,33,27,22,21,23,23,18,14,15,18,20,20,25,28,37,49,43,24,28,59,92
24,28,27,21,18,16,15,15,15,13,11,10,12,13,15,20,24,35,51,47,29,30,50,70
18,21,18,13,12,12,11,11,10,9,9,9,8,10,14,21,25,31,39,42,42,42,42,43
17,19,16,12,11,10,11,11,11,9,10,9,10,14,20,26,26,23,21,28,49,53,41,25
15,19,17,13,11,9,10,11,11,9,10,10,14,22,31,26,19,13,11,15,37,51,43,23
11,14,14,11,9,9,9,9,9,9,10,11,19,31,34,20,12,9,9,11,22,38,44,36
9,10,10,10,9,8,9,9,8,10,11,18,27,31,24,15,11,10,10,9,12,22,32,37
9,8,8,9,9,8,9,9,10,13,20,27,29,23,15,12,11,11,10,9,9,12,19,27
9,8,8,9,9,9,9,10,12,18,28,31,25,16,13,11,11,11,11,11,12,12,13,15
9,8,8,9,9,11,11,11,12,18,26,23,17,15,16,15,12,10,12,15,17,17,15,14
9,8,8,9,10,12,12,10,11,14,17,14,12,12,14,14,12,11,11,13,14,15,16,17
9,8,8,9,10,10,11,10,10,10,11,10,10,10,11,11,12,12,11,11,11,13,15,16
9,8,8,9,9,9,9,10,9,9,8,8,9,9,9,9,11,12,10,9,9,11,13,13
9,8,8,8,8,9,9,9,9,9,8,8,8,8,9,9,9,10,10,9,9,11,12,12
8,9,9,9,9,8,8,8,8,8,8,8,8,8,8,9,9,9,10,10,11,13,16,17
8,9,9,9,9,8,7,8,8,8,9,9,8,8,8,9,9,10,11,12,15,17,18,18
8,9,10,9,9,8,7,7,8,9,9,9,9,8,8,9,9,9,10,11,14,15,15,16
8,9,10,10,9,8,8,8,9,9,10,9,9,8,8,8,9,9,9,9,13,14,18,26
8,9,9,9,9,8,8,8,9,9,9,9,9,8,8,8,9,9,11,18,27,35,46,61
8,8,8,8,8,8,7,8,9,9,9,9,9,8,8,9,9,12,27,57,87,103,112,118
8,8,8,8,8,8,7,7,8,8,8,8,8,8,8,9,12,34,83,147,183,197,197,193
8,8,8,8,8,8,8,8,8,8,8,8,8,8,8,9,24,74,152,211,235,243,243,239
8,8,8,8,8,8,8,8,8,8,8,8,8,8,8,9,33,95,172,207,218,225,231,234
8,7,7,8,8,8,8,8,8,8,8,8,8,8,9,9,32,82,137,156,167,179,192,200
