97,89,82,81,87,98,103,97,91,99,108,107,111,117,112,97,74,58,61,81,99,100,75,42
68,65,59,57,68,86,89,77,67,77,91,100,110,117,107,93,70,50,43,53,71,82,70,44
37,38,36,38,52,63,61,49,40,49,64,83,102,110,100,89,67,43,31,32,42,55,57,44
20,22,23,28,40,39,35,29,26,31,40,61,82,90,82,77,57,37,27,24,24,33,39,38
15,17,19,22,26,21,21,24,26,25,28,41,55,58,52,50,38,27,22,17,17,22,25,25
18,16,16,19,21,20,22,24,25,25,27,41,51,48,36,32,27,22,18,14,15,18,20,21
32,26,24,25,25,23,21,20,21,23,29,43,53,51,37,30,26,22,18,16,18,20,23,26
38,36,33,34,36,35,30,23,20,24,34,48,57,55,41,32,31,29,25,23,23,23,23,26
31,34,34,36,43,47,42,31,23,27,36,48,55,51,38,30,32,33,31,30,29,25,21,22
20,21,23,26,34,42,42,32,21,23,29,36,40,36,27,22,21,23,26,28,32,28,22,19
16,17,19,22,25,27,27,21,15,15,19,24,27,24,18,17,16,16,18,24,32,32,28,24
13,14,15,17,20,21,20,16,12,11,13,16,19,18,17,17,15,15,18,24,26,26,27,31
12,12,14,17,21,22,20,16,12,10,10,12,15,16,16,16,15,16,19,23,21,18,21,29
13,15,18,22,25,24,20,17,13,11,11,12,14,15,14,15,14,16,18,19,18,15,15,18
19,20,22,24,24,21,18,16,15,14,15,17,17,16,13,14,15,15,15,15,14,13,12,12
18,18,20,20,18,15,13,12,13,17,20,21,21,18,14,14,15,16,16,16,14,12,11,10
18,21,27,30,27,24,20,16,14,16,17,19,20,19,17,17,17,17,17,17,16,13,10,9
49,63,82,93,90,84,74,60,45,37,32,29,27,24,21,21,20,19,18,18,17,15,12,11
107,132,161,179,181,174,162,142,119,101,90,80,68,53,42,34,29,25,23,22,20,18,17,17
136,148,167,183,192,199,207,208,203,198,192,184,165,138,109,84,66,54,45,36,28,24,23,22
176,162,160,167,168,170,177,184,189,196,204,210,211,205,193,177,162,148,133,108,81,61,48,40
213,197,194,200,196,190,187,184,180,179,181,184,189,196,202,204,206,207,201,185,163,143,127,116
220,219,227,236,233,228,223,216,206,196,189,181,178,178,181,184,190,199,208,209,207,204,198,190
199,210,223,231,233,238,242,244,242,238,233,225,214,201,183,166,156,159,171,179,192,203,210,210
