34,60,90,105,102,93,93,100,109,110,97,80,68,63,66,81,82,67,48,51,68,79,82,81
27,44,70,86,77,61,60,73,87,89,71,56,49,47,50,68,75,67,52,51,62,71,75,75
22,29,45,55,45,31,32,47,65,69,46,32,28,29,32,46,55,55,53,58,67,75,78,76
23,22,27,29,22,18,21,31,44,50,31,20,18,18,19,25,30,36,47,65,71,75,76,73
25,23,20,18,19,18,19,20,23,27,19,16,16,15,14,14,15,22,39,59,56,51,52,54
27,25,23,23,22,22,21,19,17,17,15,16,17,15,14,13,12,17,29,42,36,26,23,26
29,27,27,26,24,22,19,16,15,16,17,18,18,15,14,15,17,20,23,29,28,21,16,14
27,26,25,24,20,19,16,14,13,16,18,19,18,15,13,16,20,21,18,18,21,20,15,11
21,20,19,18,14,14,14,13,12,14,15,16,16,14,12,15,18,18,13,12,14,14,13,10
17,17,16,15,13,12,13,13,12,12,11,11,12,12,13,13,13,12,10,11,11,11,10,11
21,18,15,13,13,11,13,13,11,10,11,13,15,16,15,12,10,9,9,10,10,10,10,11
33,26,20,17,15,12,13,14,13,13,15,18,18,16,14,11,9,9,9,9,9,10,10,10
37,36,32,25,17,14,17,19,17,16,17,18,16,13,12,11,10,10,10,9,9,10,10,9
27,37,41,33,21,19,22,22,20,16,14,13,12,12,13,12,12,11,11,9,9,10,10,9
16,22,31,35,31,25,22,18,14,12,12,13,14,16,15,13,11,10,10,9,9,10,11,10
11,14,20,27,34,36,29,20,13,14,17,18,18,16,14,11,10,9,9,10,11,11,11,10
10,12,16,21,27,35,38,34,26,21,19,19,18,15,13,11,10,10,11,12,11,10,10,9
12,14,16,17,18,24,33,38,36,26,18,16,15,14,14,13,12,12,13,12,10,9,9,9
17,17,17,15,12,12,16,25,30,24,18,16,15,15,17,15,14,14,13,11,10,9,10,11
20,18,15,13,11,10,10,12,15,17,20,21,20,18,18,15,13,11,10,10,10,10,12,14
27,21,16,15,14,13,10,9,10,11,14,15,14,13,12,11,10,10,9,10,10,11,11,12
91,77,61,46,31,23,15,11,8,8,9,10,10,10,9,8,8,9,9,9,10,10,10,10
172,160,142,117,83,60,51,46,37,27,20,13,10,9,9,8,8,8,9,9,9,9,9,9
214,214,212,192,148,111,105,103,88,62,41,23,12,9,9,8,8,8,8,8,8,8,8,8
