34,32,30,28,30,34,45,65,87,100,103,101,100,101,102,104,105,102,97,94,95,99,102,101
28,29,33,39,47,55,69,85,99,106,106,103,104,106,105,106,105,102,100,97,97,101,104,104
49,53,61,70,79,85,94,100,103,103,102,102,104,106,105,104,103,102,100,99,99,101,103,103
87,92,97,102,108,109,110,108,103,100,101,104,107,108,107,106,106,105,103,103,104,104,102,99
113,115,115,116,119,119,118,115,110,109,112,116,117,117,116,114,113,113,112,109,112,112,106,97
116,117,117,119,121,121,118,113,110,112,111,115,118,118,118,116,113,111,110,107,111,115,112,106
117,118,119,119,120,119,116,114,113,112,110,114,118,119,118,117,114,111,112,111,113,118,120,119
126,128,129,129,127,126,125,126,127,124,121,123,125,127,126,126,124,122,122,122,122,127,132,133
160,162,164,163,161,160,160,163,165,163,160,158,158,159,159,161,160,158,157,156,157,160,164,164
223,224,224,223,222,222,222,223,224,224,222,221,220,221,221,223,223,222,222,221,221,222,223,223
249,249,249,248,248,248,248,249,249,249,248,248,248,248,248,248,248,248,248,248,248,248,249,249
254,254,254,254,254,254,254,254,254,254,254,254,254,254,254,254,254,254,254,254,254,254,254,254
253,253,253,253,253,253,253,253,253,253,253,253,253,253,253,253,253,253,253,253,253,253,253,253
253,253,253,253,253,253,253,253,253,253,253,253,253,253,253,253,253,253,253,253,253,253,253,253
253,253,253,253,253,253,253,253,253,253,253,253,253,253,253,253,253,253,253,253,253,253,253,253
253,253,253,253,253,253,253,253,253,253,253,253,253,253,253,253,253,253,253,253,253,253,253,253
253,253,253,253,253,253,253,253,253,253,253,253,253,253,253,253,253,253,253,253,253,253,253,253
253,253,253,253,253,253,253,253,253,253,253,253,253,253,253,253,253,253,253,253,253,253,253,253
253,253,253,253,253,253,253,253,253,253,253,253,253,253,253,253,253,253,253,253,253,253,253,253
253,253,253,253,253,253,253,253,253,253,253,253,253,253,253,253,253,253,253,253,253,253,253,253
253,253,253,253,253,253,253,253,253,253,253,253,253,253,253,253,253,253,253,253,253,253,253,253
253,253,253,253,253,253,253,253,253,253,253,253,253,253,253,253,253,253,253,253,253,253,253,253
253,253,253,253,253,253,253,253,253,253,253,253,253,253,253,253,253,253,253,253,253,253,253,253
253,253,253,253,253,253,253,253,253,253,253,253,253,253,253,253,253,253,253,253,253,253,253,253
