50,48,50,54,55,55,57,59,61,61,57,56,60,65,66,58,51,50,55,60,59,59,62,64
49,47,49,51,52,53,55,58,60,59,58,57,58,59,58,55,53,53,55,58,57,57,59,61
48,47,48,50,53,54,54,56,60,59,58,55,54,54,53,54,53,52,53,54,55,55,56,59
48,47,46,49,57,60,57,57,60,60,57,55,54,54,53,54,53,51,50,51,54,54,54,55
47,45,43,48,60,70,66,61,61,61,58,56,57,57,57,56,55,53,51,50,54,53,50,48
48,46,46,49,59,67,64,60,59,59,58,58,57,55,55,54,52,51,51,50,52,50,47,45
51,51,51,52,54,57,57,56,57,58,57,56,52,50,53,52,51,51,52,49,47,46,46,48
52,52,52,51,48,47,49,52,54,56,58,57,52,49,52,54,56,56,53,45,41,42,46,50
52,52,52,50,45,44,46,49,52,55,59,59,56,53,55,60,64,63,55,44,40,43,48,50
52,55,57,55,50,49,48,49,51,54,56,57,57,56,58,64,67,64,57,49,46,51,54,52
52,57,59,58,54,51,51,50,50,51,49,48,48,49,48,50,54,56,53,49,46,49,51,47
46,49,49,48,46,44,46,46,46,47,47,48,49,46,42,40,42,45,47,47,46,46,46,45
44,46,45,42,41,42,45,46,45,47,48,51,51,47,41,39,39,40,43,46,47,43,42,45
50,56,54,47,44,48,52,51,49,49,52,53,52,49,43,42,41,40,40,46,46,42,41,45
60,70,69,58,49,52,56,57,55,52,53,54,53,51,46,44,42,40,40,46,46,42,41,43
60,63,63,59,52,50,53,57,57,53,52,51,50,49,48,48,47,45,44,47,45,41,41,45
56,56,59,60,53,48,49,54,56,54,53,52,51,50,50,50,49,46,43,45,44,43,45,48
55,56,59,59,52,48,49,52,55,55,55,54,52,50,50,49,48,45,42,42,42,43,46,49
60,61,59,55,51,53,52,53,55,56,56,55,52,48,47,47,48,46,42,41,38,38,41,44
67,65,60,56,55,59,56,54,56,56,54,53,51,46,42,43,46,46,43,39,34,33,35,39
73,70,66,63,61,61,58,57,59,59,55,52,49,46,43,42,44,46,46,38,33,32,34,37
74,68,65,63,56,52,51,52,54,56,53,47,45,47,45,40,38,42,46,38,32,33,38,40
66,62,60,58,51,45,45,46,48,51,49,44,43,45,43,38,35,39,43,38,35,38,43,45
55,57,59,57,52,49,49,48,46,47,49,46,44,42,37,37,37,39,41,39,39,42,46,48
