118,101,83,68,55,45,36,34,36,37,34,34,44,58,67,61,46,37,39,47,49,62,66,54
108,79,59,54,51,50,52,60,68,67,59,50,45,46,51,49,40,33,35,48,51,66,77,72
90,66,52,52,54,57,63,73,84,91,89,74,55,41,39,34,27,24,31,44,48,66,85,90
67,60,58,59,57,61,68,76,85,96,103,87,63,44,41,31,21,20,28,39,49,70,94,107
45,46,51,54,51,58,70,82,88,89,95,80,60,50,51,42,32,26,29,36,55,82,108,122
45,43,43,43,41,46,58,70,75,73,75,65,57,53,49,46,41,35,32,32,46,68,90,102
54,45,38,39,43,44,50,55,55,53,52,48,52,56,45,45,47,45,36,25,28,43,57,61
64,49,36,35,48,52,53,49,43,41,41,44,50,50,36,37,44,45,33,19,19,34,47,46
70,53,35,33,49,61,59,52,45,42,43,52,52,40,28,28,34,33,25,16,25,49,64,59
71,58,40,34,46,59,52,50,56,56,52,60,57,41,30,29,25,20,17,16,43,78,89,72
67,64,54,43,38,44,37,47,69,74,66,66,59,44,36,31,26,24,24,27,65,101,100,70
50,57,58,49,37,31,25,40,63,67,56,56,53,44,39,36,36,38,40,41,70,90,88,71
30,39,49,54,48,35,28,40,58,62,43,39,37,32,32,35,42,49,54,59,75,77,71,67
20,26,41,59,67,52,42,51,67,67,36,24,21,19,24,31,41,48,56,70,84,79,65,58
30,33,47,67,79,60,50,64,80,65,30,18,19,24,29,35,40,41,44,63,85,89,78,64
35,36,43,61,81,66,53,66,83,66,44,39,45,51,55,56,52,50,56,74,93,101,96,88
47,45,46,59,79,77,65,73,86,76,66,67,69,69,73,79,76,73,80,91,100,104,101,98
60,62,63,69,80,85,79,81,87,81,76,76,73,70,75,87,89,88,90,94,97,96,94,94
65,76,83,84,84,87,86,86,85,80,75,65,57,57,65,79,85,85,84,84,86,85,84,86
56,67,76,80,81,86,87,88,89,87,81,63,45,40,55,76,84,85,83,85,86,86,83,79
53,64,73,76,79,82,83,88,93,93,90,79,65,58,67,82,87,87,86,83,82,84,83,77
57,65,71,73,76,73,73,81,90,94,93,88,83,80,83,86,88,90,89,83,81,83,85,84
56,61,64,65,66,58,58,65,75,83,83,82,82,84,85,83,84,87,87,85,83,85,88,90
46,52,55,55,53,47,46,49,55,68,68,67,69,74,75,75,78,81,82,86,87,88,89,90
