157,150,175,211,211,158,127,147,187,194,157,89,37,16,11,8,8,8,8,8,8,8,8,8
175,135,132,171,202,167,119,122,170,205,184,116,58,31,22,13,9,8,8,8,8,8,8,8
199,135,99,126,181,179,125,106,146,203,202,140,81,60,63,35,15,8,8,8,8,8,8,8
208,147,92,95,155,187,143,106,125,189,201,150,101,95,114,62,22,7,8,8,8,8,8,8
182,144,93,80,130,182,150,106,109,169,187,150,121,127,134,69,23,7,8,8,8,8,8,8
111,102,77,70,109,157,131,91,92,145,164,146,136,134,103,45,15,8,8,8,8,8,8,8
76,71,60,64,99,139,116,82,84,126,134,118,104,91,59,24,10,8,8,8,8,8,8,8
99,85,75,84,111,135,109,78,76,102,100,88,79,69,46,20,10,9,8,8,8,8,8,8
148,127,113,118,134,142,113,83,75,87,89,90,94,92,67,29,11,8,8,8,8,8,8,8
164,149,135,134,144,147,125,102,94,105,122,135,140,131,94,38,13,8,8,8,8,8,8,8
133,125,119,119,125,130,121,114,115,124,134,139,138,125,91,37,12,8,8,8,8,8,8,8
84,81,79,79,78,79,84,91,96,97,98,99,97,90,74,42,22,13,10,8,7,7,8,8
52,52,52,49,42,37,46,57,60,54,51,54,56,56,56,50,40,32,26,21,18,15,12,10
45,48,47,40,30,22,28,35,35,30,25,30,36,39,44,52,56,55,51,46,43,36,26,20
45,44,39,30,24,19,21,28,32,29,25,28,31,32,36,44,56,63,63,65,66,58,47,39
67,43,23,15,13,12,15,22,27,25,20,19,20,22,28,37,46,49,45,43,40,35,30,27
56,32,14,9,9,9,10,14,17,15,13,12,11,13,16,22,29,32,28,21,17,15,14,15
27,18,11,9,9,9,8,9,9,9,9,9,9,9,11,14,26,41,49,43,30,18,11,11
9,9,9,9,8,8,8,8,8,9,9,10,11,12,13,18,36,63,88,96,80,51,28,18
8,8,8,8,8,8,8,8,9,9,10,12,14,13,13,14,20,35,64,101,121,109,74,43
8,8,8,8,8,8,8,9,9,10,11,13,13,12,10,10,11,15,26,49,85,117,118,92
8,8,8,8,8,8,9,9,10,11,12,11,11,10,9,8,8,8,10,17,39,81,116,125
8,8,8,8,8,8,9,9,10,12,11,9,9,9,9,8,8,8,9,9,13,36,78,117
8,8,8,8,8,8,9,9,10,11,9,8,8,8,9,9,8,8,9,9,10,15,43,84
