253,253,253,253,253,253,253,253,253,253,253,253,253,253,253,253,252,233,196,168,164,164,165,164
253,253,253,253,253,253,253,253,253,253,253,253,253,253,253,253,253,234,196,166,160,161,161,160
253,253,253,253,253,253,253,253,253,253,253,253,253,253,253,253,253,232,190,160,157,157,155,154
240,239,233,226,221,221,221,221,221,221,221,222,225,228,224,221,220,199,162,147,153,154,151,151
207,202,179,151,137,135,135,135,135,135,135,137,147,155,144,137,134,121,106,126,148,154,152,152
174,160,116,69,51,47,47,47,47,46,46,47,56,64,56,50,48,46,56,105,144,156,154,156
158,134,83,37,24,22,22,23,22,21,19,20,23,27,26,23,23,23,36,85,133,153,154,155
151,117,66,29,23,21,21,21,21,19,18,18,18,18,21,20,21,22,29,64,118,148,154,152
144,101,53,26,23,22,20,20,21,19,19,19,18,18,20,21,21,22,25,45,99,139,154,153
133,84,41,24,23,21,20,21,23,22,21,20,20,20,22,23,23,23,24,33,74,120,149,155
119,68,31,23,23,21,20,22,23,21,21,22,23,23,24,26,27,26,24,30,50,88,129,152
101,56,27,23,23,22,22,23,22,20,21,25,29,28,24,28,33,35,38,57,72,88,113,142
84,47,25,24,23,23,23,23,22,21,21,26,29,29,29,37,44,56,77,109,129,126,125,139
70,40,25,29,34,33,28,24,23,22,21,23,26,32,48,67,78,98,131,159,179,176,163,158
59,36,27,45,72,68,43,25,23,23,23,26,33,52,90,133,154,164,173,177,182,191,198,197
49,32,32,64,107,90,49,25,23,24,29,45,71,105,147,183,199,198,188,181,170,176,189,197
45,30,34,68,107,80,45,27,26,37,68,107,141,166,190,207,214,212,203,188,160,159,174,184
43,29,34,66,103,86,73,64,66,89,136,174,195,203,211,213,212,213,213,193,149,142,157,165
44,30,34,66,111,121,133,136,141,166,199,210,210,210,214,211,206,209,214,195,141,127,137,140
59,38,38,69,110,133,168,189,196,205,213,214,215,216,214,207,202,207,213,201,156,126,113,109
78,44,44,87,141,170,192,201,203,210,217,218,217,215,210,201,199,204,209,200,168,131,113,119
83,58,75,131,180,199,206,206,208,215,219,219,215,209,201,193,195,202,206,196,157,114,103,126
94,99,133,179,205,212,213,215,217,221,219,216,211,202,192,186,191,200,204,189,137,92,88,117
116,153,188,205,209,213,219,222,223,222,217,213,207,198,187,183,189,199,201,183,128,85,82,105
