63,65,67,68,67,69,68,68,66,62,60,58,54,52,56,58,60,61,62,62,62,59,55,54
63,65,66,66,65,65,64,64,63,60,60,59,55,53,56,56,59,62,62,62,60,57,55,55
61,63,64,63,61,59,59,60,60,58,58,58,56,54,56,58,61,62,61,61,57,54,53,54
56,59,60,59,57,55,56,57,57,55,55,56,55,54,56,58,60,60,58,58,55,51,51,52
52,54,55,55,54,52,54,56,56,52,52,52,53,53,53,53,54,55,56,56,54,51,50,51
49,51,52,52,53,51,51,52,52,49,49,50,49,48,48,47,49,51,53,53,52,51,50,49
50,50,49,48,50,51,50,52,52,47,46,46,46,45,44,43,45,47,48,48,48,49,49,48
54,53,49,48,50,52,53,54,53,48,47,46,45,44,43,42,43,44,45,45,45,45,46,47
58,55,53,54,55,55,56,55,53,51,49,46,44,43,42,41,42,43,44,43,43,42,42,44
54,53,57,61,58,53,52,52,52,51,49,45,43,42,40,39,39,41,44,44,42,41,41,40
44,44,50,53,49,46,45,46,48,49,47,44,42,40,39,39,38,38,41,41,41,40,38,37
42,42,45,47,43,43,45,47,48,47,45,42,40,37,38,38,36,36,38,36,38,39,37,36
42,41,42,42,40,43,47,49,48,46,43,41,39,37,38,39,37,37,37,34,37,39,39,37
41,40,41,41,40,43,47,49,48,46,43,42,41,41,44,45,41,39,40,37,38,40,40,38
40,41,44,45,44,43,45,47,48,49,46,45,46,49,54,55,48,43,43,46,44,40,36,35
44,46,48,48,45,43,45,47,48,50,50,49,50,52,57,58,53,48,50,56,52,42,35,35
47,48,47,46,45,44,46,47,49,53,55,54,51,51,55,57,55,52,53,59,55,45,36,34
47,46,44,43,45,46,46,48,51,54,57,55,52,50,51,55,55,52,51,54,52,44,36,33
44,43,41,42,45,45,45,47,50,52,53,51,50,50,51,54,54,50,46,47,45,39,34,33
40,41,40,40,42,43,42,43,45,46,47,47,47,49,51,53,53,50,47,45,40,34,32,32
40,41,39,38,39,40,38,39,42,42,44,45,47,49,51,51,51,50,47,46,40,36,36,38
40,41,38,35,36,37,36,36,39,39,42,44,46,48,49,47,47,48,48,45,42,41,43,46
42,40,37,35,36,36,35,35,37,37,39,42,45,48,49,45,44,46,46,44,43,44,47,51
43,40,37,36,39,37,35,35,36,36,38,41,45,49,51,47,44,44,44,42,43,44,46,49
