159,158,158,161,166,166,165,156,119,53,26,34,39,28,18,21,19,13,10,9,8,8,8,8
151,150,150,152,154,154,153,148,118,54,28,46,62,54,40,45,36,21,11,9,8,8,8,9
145,145,146,147,147,147,146,141,113,52,34,69,96,89,67,64,50,30,13,10,9,8,9,9
144,144,145,146,146,146,145,138,107,49,39,84,119,115,90,72,52,31,16,12,10,9,10,11
144,144,143,143,144,144,144,136,104,47,36,75,112,120,105,78,48,26,19,18,14,10,11,14
146,146,145,143,146,145,144,136,104,46,29,49,75,88,91,87,63,37,26,24,18,13,11,12
145,145,144,143,143,143,143,134,102,45,30,55,79,85,88,103,92,63,37,25,17,12,10,10
144,144,143,143,142,142,143,135,103,46,35,73,105,113,118,129,106,66,33,20,13,11,11,12
144,143,143,144,143,143,144,138,108,50,38,83,126,142,151,139,93,45,19,12,11,12,14,17
145,144,143,143,144,145,145,141,113,53,35,79,122,135,134,109,65,28,12,10,12,16,20,24
147,145,144,144,145,145,145,141,114,55,31,64,94,93,82,81,64,36,13,9,11,20,33,43
148,146,144,145,145,146,147,143,116,57,26,40,62,75,87,96,72,36,12,9,10,17,32,47
147,146,146,145,146,149,149,145,119,60,24,30,61,96,116,106,67,29,13,9,9,14,26,41
145,147,147,147,149,149,150,146,121,63,26,37,84,129,130,89,51,28,17,10,9,14,26,40
147,148,148,149,150,149,149,147,125,72,30,38,86,126,107,66,54,44,21,11,9,14,31,53
149,147,147,148,150,149,150,149,132,86,36,34,71,102,75,65,70,57,23,15,11,16,38,64
152,149,148,149,152,151,152,152,140,104,48,30,48,68,58,84,86,60,30,26,18,22,42,65
155,153,152,152,153,152,154,154,146,120,63,31,28,44,66,109,93,58,43,39,30,31,46,64
155,156,155,153,152,152,154,154,149,134,83,39,21,38,88,122,89,57,60,49,44,43,51,64
150,154,156,153,150,151,152,152,149,141,107,59,29,41,90,108,76,61,78,52,54,52,54,65
146,151,153,150,147,149,149,149,147,142,126,84,46,39,65,73,60,69,92,56,65,63,58,66
144,147,149,147,146,146,145,145,144,140,134,105,66,38,41,41,49,77,96,55,68,69,62,65
143,144,145,145,145,144,143,143,142,137,134,119,86,48,31,24,43,77,92,50,67,72,61,56
143,143,143,144,145,142,143,143,141,134,131,125,101,62,31,22,41,72,84,46,66,74,60,43
