8,8,8,8,8,8,9,9,9,10,9,9,9,8,9,12,14,15,16,18,12,9,19,34
8,8,8,8,8,8,9,9,9,11,13,11,10,9,9,13,17,19,23,27,16,10,13,21
8,8,8,8,8,8,8,9,9,11,15,14,11,9,9,11,14,16,19,22,15,10,10,11
8,8,8,8,8,8,8,8,9,10,14,16,14,10,9,9,9,10,10,11,10,9,9,10
8,8,8,8,8,9,8,8,8,9,12,17,17,12,9,8,9,9,9,9,9,9,9,9
8,8,8,8,8,9,9,10,10,9,10,15,18,15,10,9,8,8,8,8,8,8,8,9
8,8,8,8,8,9,11,16,20,18,13,13,16,18,13,10,9,8,8,8,8,8,8,8
8,8,8,8,8,8,10,16,24,28,23,15,15,19,17,11,9,9,8,8,8,8,8,8
13,19,20,15,9,9,9,12,19,29,31,23,18,20,22,15,10,9,8,7,8,8,8,8
26,50,55,37,17,12,10,9,11,17,28,31,25,20,25,18,11,8,8,8,8,8,8,8
36,78,88,61,34,23,13,8,9,11,17,28,29,23,24,19,12,8,8,8,8,8,9,9
30,62,74,68,65,40,17,8,9,9,11,20,25,23,19,16,13,12,11,8,8,9,10,10
20,38,58,77,87,47,18,8,10,10,12,24,30,25,16,13,14,16,15,9,9,10,11,12
15,31,62,88,85,40,16,10,12,14,17,35,44,36,23,17,17,19,19,11,9,10,11,12
17,37,70,86,67,27,13,14,19,20,22,35,51,60,54,38,25,20,18,11,8,9,10,10
19,38,79,100,67,26,13,21,30,27,30,34,61,97,96,60,30,16,14,10,9,10,11,11
26,33,68,90,63,31,16,25,38,36,51,52,80,118,97,54,24,12,11,9,12,18,24,24
40,30,43,63,59,40,20,25,41,43,71,71,82,99,69,34,15,9,10,14,23,41,59,64
62,34,22,38,61,50,24,22,38,43,75,72,60,54,43,22,11,8,10,22,36,65,95,111
94,52,22,33,69,62,29,17,27,32,55,60,49,41,45,24,11,8,10,19,32,55,84,107
123,80,36,31,63,66,33,13,15,24,61,83,69,38,30,16,9,8,9,12,25,47,68,75
139,109,62,34,46,51,29,12,11,23,72,104,85,35,17,10,8,8,9,10,21,49,70,69
132,120,83,45,31,31,20,11,10,22,68,93,73,28,10,9,9,9,10,12,21,47,72,79
112,110,89,55,27,19,15,11,10,17,47,60,44,18,9,9,9,9,11,15,23,37,60,82
