103,108,74,27,10,9,8,8,8,8,8,8,8,8,9,11,45,124,206,202,123,78,107,169
74,101,89,45,14,9,8,8,8,8,8,8,8,8,9,13,58,142,218,212,134,83,98,148
42,82,96,67,23,11,8,8,8,8,8,8,8,8,9,16,72,158,226,218,148,101,102,128
23,58,88,79,35,14,9,9,8,8,8,8,8,8,10,20,86,172,228,217,154,117,112,116
14,36,70,79,47,19,10,8,8,8,8,8,8,8,10,27,103,188,229,208,143,109,105,105
11,22,50,70,57,26,12,8,8,8,8,8,8,8,10,33,116,199,223,182,109,72,69,74
9,14,36,59,62,33,15,9,8,8,8,8,8,8,10,31,112,194,212,153,83,49,44,46
9,11,25,48,61,39,19,9,9,8,8,8,8,8,10,26,99,178,203,156,112,81,60,47
9,9,18,37,57,44,23,11,9,8,8,8,8,8,10,21,85,162,202,187,178,151,112,81
9,9,14,30,52,47,26,11,9,8,8,8,8,8,10,17,75,153,208,217,223,207,168,130
9,9,13,26,47,48,28,13,9,8,8,8,8,8,9,15,67,144,206,217,224,219,193,160
9,9,12,23,44,48,31,15,9,8,8,8,9,9,9,13,55,127,194,207,216,217,198,168
11,11,12,21,41,48,32,16,9,8,8,9,9,9,10,12,44,110,179,195,207,212,194,163
15,13,11,18,36,46,33,17,9,8,8,8,9,10,13,17,42,98,164,185,196,201,184,149
15,13,11,16,31,41,31,17,10,9,10,11,13,17,21,26,45,90,147,170,178,183,166,130
12,11,10,14,28,40,32,19,13,16,25,37,45,47,43,38,42,70,114,140,153,170,167,138
19,16,14,16,26,39,40,41,44,46,65,97,114,101,65,43,36,54,93,131,152,172,169,143
50,37,24,21,26,37,54,76,91,89,103,130,138,112,69,51,47,63,98,139,160,173,163,137
98,74,48,33,30,37,66,104,129,123,121,116,95,69,61,74,85,99,121,150,165,170,156,129
127,120,98,67,40,38,68,109,136,135,135,117,80,56,85,117,130,131,133,147,164,180,170,138
108,125,119,84,44,40,74,117,142,140,141,122,89,75,111,133,139,135,134,143,170,194,184,144
78,103,109,82,43,39,77,121,145,142,142,118,94,95,128,138,139,136,135,143,178,206,196,157
63,75,79,62,36,38,75,114,134,132,130,102,88,104,131,136,137,136,136,143,179,209,203,170
67,62,53,41,30,37,69,100,115,116,110,84,78,103,124,131,135,136,135,142,173,203,202,174
